28.115597110982584
-33.740080472818136
-26.287109080378308
-44.06649960646791
3.787932967603865
60.60743129171533
1.6441103170043807
138.1193456791475
57.178765372224376
-142.48630583477916
197.47445470446473
3.436357997673422
27.17134393276368
-137.92764124840505
112.75502880515705
45.919637230314166
-5.790267174745168
160.1142776707993
72.70985341368532
15.892215098478573
50.88618585027642
70.44862408571407
-28.79250258041384
24.104429610463207
13.370995940943525
29.831442118572753
23.309190310863414
27.229140752998774
-175.22744744571582
110.74788101510694
159.55030653410859
193.2625943335545
80.8347841579307
-9.140834493353736
-81.4232348403657
-144.4206044895318
-21.20912153095631
-53.441477521455
108.61482870962209
37.75302677140323
48.469481202550014
-942.6568364055643
81.62475719240228
-33.835181220812956
60.73336506383893
166.20236085950773
1185.936939367979
1.9557496984860947
3.726009466495656
56.260824492603206
10.860631210502794
117.00587263004104
-32.76766135672142
-21.887006594491254
64.23097852543206
-16.668738205619775
222.02278714792556
114.18900016937596
170.46084592035345
64.13519734735746
28.607358586982663
-14.197799303883857
60.1221435710094
82.78756566677919
153.38406288904525
127.63824515672468
-29.583082018749337
145.03883518837165
40.18567381781812
56.902549552813525
108.22302214396245
154.0878884039446
-68.21309305893374
47.454089085597126
62.21590025812322
-15.260300386026756
64.16456176869315
103.5847337856926
40.963473063030605
-17.15126014970496
40.55359747414551
47.24647907212368
-16.401537971191736
6.400670524892234
15.021231631339745
32.512650091368656
31.418816568483635
-375.02801760612147
-4.167072203203469
43.754994402484414
-188.5357768759559
-148.07395308940022
132.28791406815617
-38.946210179615264
1.7524784311297772
132.07140971746685
-35.179909664641855
46.03841037884534
172.58863692710975
-360.96170684063236
82.93823740053722
150.1885463565477
36.97790593176882
43.4832473370343
45.26245479759454
56.01908277407375
15.327101070182835
30.248152542541987
-33.35428860517185
191.0785317603445
-101.27727862907477
69.06703183245736
23.93242521181719
33.52468903014948
-546.7780195618395
16.423893770216253
60.4971080707795
74.63418603733601
61.47033759461738
68.77708095385584
-120.26971670835474
64.70408414950535
69.35227575394947
-60.34198930738239
76.00029169915888
6.6229188600811995
41.35613588027044
-115.91519851128851
-19.266842657850837
20.293183781652058
15.510303683451703
-14.378674503166621
34.0548399587519
40.98779321178017
61.687996863217464
0.9956269864414935
41.115283076325255
82.0096259294179
48.199826350976366
193.07335101751505
18.988377890732345
148.9265069902117
2.512997760894369
-57.834612202125754
-4.709207417456653
-0.5216353048053861
3.7408950037600617
25.42792507750346
100.3359160507514
-239.39011987712638
76.58844447669685
38.9270278848976
-17.19805434137129
149.98769847842755
-3.9283257669564535
25.355793996773595
80.0519979737266
34.84444436538194
-27.517606506154152
61.05663030824269
-15.362722437497723
-215.806702549487
51.34765197132356
34.21594193890372
56.54119172144612
14.268535156672442
34.99760388967388
107.36422398735209
159.63800613192825
-38.532201915375026
143.7722346597734
37.73559980846405
-75.4736737251942
-373.06626673944726
-52.82455526123067
87.24365643820192
91.46238669926036
82.71961021312472
-77.63527818928424
75.64919236149615
69.0051181643737
-130.77019123243963
46.28216777115814
-66.31478579534541
76.00241571549259
51.170542062943866
18.61076498837382
14.386779534558412
-73.8746949315987
12.727028703014893
85.2384406013798
46.88110466200976
50.486494319610635
87.53719476373499
73.0337874786547
64.22116633777148
128.2114126424167
3.185718969314621
57.95299946428304
36.80120743422094
-328.1774459790281
36.73615415562017
98.40620827902694
-149.01793721372042
58.89627743868505
-274.9304378821694
41.632019661335306
130.6940901253456
-104.25241462586428
-50.06659189661241
-12.383926622389026
31.9013071955048
-241.76980774587219
61.14823410799423
-7.725538992619477
72.30477645214023
-38.51634362358543
-24.37377474950145
29.90778125090688
-13.592246371052624
-0.32577781249274085
54.469445182910356
57.187659779323894
-1.1678222866493768
58.2288438539465
31.814860236547766
-70.58101161413106
26.474843474705267
-56.85477986242313
34.78116894816829
66.809726144568
171.48200926827576
80.13033700727664
99.69967232695285
-23.328053902504493
-24.467652975652072
-510.6356066633286
40.07862752678875
46.85381223617924
83.6949613714695
64.91008014162736
26.315506658134105
2.8537227937134926
129.95785542922522
-9.894971933841134
58.595631906338895
69.8822602904952
8.51952474058122
34.02091927080031
-239.6156491249685
94.27907651818145
109.34775487766137
13.654990027069829
106.82383650630891
38.944928641244346
79.88583036898399
-3.931608194850469
62.25305379614031
87.02535208001848
-157.7006065143114
50.40100042460324
-665.968902468876
-155.41389517821517
38.763707951964776
-65.42043244501838
-179.01680598145322
38.91698120881799
230.10391746227106
39.183770062773874
40.322635535272276
68.07589277365993
-123.56991764083614
-20.12296055638895
72.70638677661555
66.22200678013094
122.7763177431109
160.80214303167895
163.9587220668343
56.041010712589014
53.52560404560472
145.982244519834
-89.60062001937149
47.74297408393949
22.00778471715239
144.74862347308363
-81.1040469818895
68.83293503628374
202.0037741821202
127.46091511022348
114.89628588168125
28.274907702448843
9.048815727024753
7.584135031528928
11.848883901342553
107.28437666428681
-5.402847582158985
-0.4199721040304212
71.90987854938166
76.25511596185015
23.167626057584457
-8.602920489948062
6.634278149184274
-6.182946782693807
140.95844452304163
109.06344190173786
-23.912321590951567
-9.147611468417468
36.1788556608242
6.709101629893212
83.28639009647645
57.19027477839427
12.722763295022355
-32.49032276768321
124.75444548303062
-231.70787257547363
8.75127589381312
-93.3995055252517
49.39889647412713
137.84380088927605
-102.53043681230565
18.56555903552273
152.0418690334609
43.290022653147844
-6.29123053863314
24.35944920167304
41.24829386879992
66.86729438394786
147.84454254778393
107.01161127105934
-127.78720293237257
-9.713532330074887
34.63557908457779
57.96732753669039
70.89121061540982
30.957019364350572
42.248857255029634
58.567240726755244
64.48832013783908
23.367090866221133
35.159482903378375
1.4572560625483675
-91.64722388158134
-180.3594440523757
33.98007162684635
-58.66045355010658
181.15048664487404
-18.343262319709083
-10.215917260271777
-4.0802689777519845
-620.8303361707566
181.58576034553698
-26.850062478591614
88.92339146889142
-397.89075185262135
-95.30877580844117
50.03130736467456
5.809623498247674
-97.16812842033323
47.686535171459106
34.44766188677399
-97.49020877287239
63.52340594150439
-0.8673927527058701
14.52293527889859
32.491017385234045
-57.75618994564319
7.655402311604121
70.87969403535385
184.7147456565458
8.277681065472434
63.9632004562568
49.9715416371308
4.717683743800468
-17.371156256846653
-26.972406879532627
11.724163082356947
13.68265299198191
-76.26421893469114
238.98160131444365
-53.7892819185131
38.87900946910272
16.328635941362336
16.47260476766982
-131.49646147129215
18.8079060804996
0.5011596922235328
19.355226220810106
66.18587261623725
41.30330311192782
156.8011941778027
-45.22768442830785
53.07041767667624
15.642811532402089
17.652231110390353
73.54363470758926
114.65278729419788
-211.82122973904825
39.98409887997087
9.97498198948147
-18.178430539928968
56.8358107450199
33.19738924468379
27.574318419089202
36.51827220018286
-36.72784723789073
1.3465706631677676
158.52421547561016
84.51472089193817
3.465924443378895
33.65798230260702
41.7145522435726
144.85992658710757
-168.32871797327925
34.79382813712421
-40.68040414608686
27.514163625466153
106.9726225217828
41.85777478609998
2.033159425541726
-79.4080656584174
41.54426186968112
84.30993304323556
79.20644891838447
77.9275418806717
121.02099328511042
34.75861798219146
45.75023900966154
47.9848950817659
108.86796549560586
6.8927387960761735
73.742874733098
151.36896630033198
27.590917661831472
-25.30539642371286
-198.53851912431537
-48.7923158888906
93.87997887050415
-37.65266124850419
53.32109431403775
66.7557253960012
61.797830512537075
242.8146939493722
86.997877088834
109.00231668717379
75.93289094320653
14.575895831442722
111.25753429236647
7.9414573503837005
92.81159232123537
43.28408206617303
-1322.860360711072
143.9377970950552
-21.936105915190637
-115.20862567199447
154.5524878478218
-162.34710874752895
-151.86936175163237
49.964613209131436
79.64147447265452
134.94369220635053
58.17499018643457
46.632015527442036
-16.836254373722216
-25.5600447964498
53.87873421912358
34.60342473089564
41.9650029896153
37.981920819050195
50.91524070333435
72.38474567791445
104.24689529796387
0.7718484250044639
-96.8957889477806
36.29036948816307
24.470700415335827
66.30077736150861
55.42234574247232
51.70985426825746
-24.06538114681914
46.31679137067613
7.878377401872285
12.969307766208551
79.47123506080811
14.063104896428511
-2.591760852845607
-68.56893966516408
120.63391387929778
-0.618255216132357
45.86768124354103
-3.8906161449542633
93.80018291091437
59.030627299189604
-176.9198939527696
-51.17222316688458
100.1886027994758
30.625394155675963
34.93600978102607
118.72477789322193
18.393143823010178
11.378615431849669
122.17567578221406
14.472247721592794
-12.532292473986672
23.626984976288632
49.827000985171736
-10.961206446155954
115.47716416361186
31.353872283916644
50.099876912371656
-67.84775582388767
75.68710585309822
68.6645438559949
-278.6001400664918
53.03348833885957
134.999370930258
20.48429551727466
24.230366525751354
-7.7747570158455614
79.10087673617818
24.27585553600875
67.59939161826671
269.1460728770712
-24.899866326314623
-2.437361344717374
-245.05988880146379
111.00661185810714
-131.7270104721856
53.573506000739066
74.65554492352658
25.50467880579084
22.133567776817202
6.522654346760988
-52.401863267484714
63.22583562540126
-34.291260552321674
-105.89354323445696
15.740290374552458
104.66148833704938
46.216618670506286
37.9637173990742
-138.33475242716486
11.228295612647209
64.11131668154076
138.6756649649751
66.23532893231055
15.203494342212252
153.41537595784644
65.30238371679692
29.251340629642982
-106.45317843398743
220.5318159928097
-20.8903596669154
17.789551676923573
57.27252938102083
37.85032660289128
137.29152193778918
136.15190344970188
65.66016642938231
41.17343825314725
46.04182957079294
53.89170915983317
18.48288046992029
136.3680811285808
-33.874034305970326
69.992378097666
59.38178602499829
106.8971078902457
100.05892778512452
-11.014413511986277
14.496979055071325
-132.30363262974333
126.73291937630074
174.39582786628444
-451.255343197643
6.277362566122951
-110.87463317201355
-228.46416120139656
54.315577379078604
-23.3509343247606
-94.73423486537922
10.09751170414255
-295.8690849163977
71.51358893772772
10.41715823061213
38.3663172303925
28.2981037105028
54.2334875676047
66.74328378097617
152.73518619369997
49.22578242458562
93.80825317457811
48.26888516644749
-183.55338326024685
-3.8911817050493482
1.6587957828893423
15.82118708872045
11.95701146006204
20.7651178047505
-41.02948824460054
72.9344163006073
42.25692330413953
-56.808406617011315
31.02503448501252
70.74217514618704
-80.66363299538898
-278.7894706509742
38.381555105018776
36.70937823576304
-11.869400676624661
75.8201835122918
26.42326734900729
28.749355250776887
72.7455991293291
37.30696053989108
-156.14934323507623
-129.36913070630226
60.86697807722231
83.66125395365452
12.82684806575825
-14.753479452921303
131.64849891801782
13.306266290907022
52.19821805684296
43.6276518865495
-44.082552064598076
-46.94351190804173
47.19527850380638
-59.302320088441775
28.471622041754017
56.190952724010884
0.814892806260718
-15.443607982499135
48.84756261549683
3.32082996081067
65.01338655956872
118.85954866996781
180.0997187025382
2.29505395431834
62.256345800455975
-470.7507267389319
106.83402231681896
48.05406896419342
62.21820767874533
30.741138332291484
124.72574986750669
-164.75419665598065
52.283660656182064
10.885745921744315
-3.0519642541339462
-30.326153458240697
32.98925356707832
94.3486975442147
21.69169241714326
259.11683582132446
-40.00884592142074
2.1159657685019084
308.8308858885248
141.64976591280288
13.082042107536916
105.09263888088674
22.469548133241048
-22.606019522496833
115.9653534553081
1.9994225761454343
141.435592368975
32.72229648037703
30.058284751295105
-13.57335754991027
-8.701364422391286
36.4954990334285
-2.477723526396403
20.17205132883555
11.214347973339411
-6.802017680975844
56.70533794341754
-31.956131006397754
59.90831245238769
11.04182489605217
8.89533500651808
20.8540302208673
17.99929749749867
-8.634395960122992
-56.82507872845031
47.44777135697774
118.62574506839076
36.29347188511029
82.04099189635383
75.77575535943436
46.87611090820883
29.65222184441882
5.951936871177558
100.10711571268985
51.28595485880305
-143.9789295761302
13.674920509823593
83.4413222797287
19.839196056609474
-53.600000745890156
-52.756798671834076
69.82710000908946
-56.777420705642726
-590.9829209966407
-88.26443491766258
106.33040826244269
5.330803463472669
-302.1548444609416
79.6076216172687
107.26711443160514
60.84120907161923
22.658337817587736
-36.018668337019335
13.328783742525424
71.92267075677269
69.8559802488784
65.67624131819943
187.5011480161843
213.21027497480964
-15.955804465346773
27.857948263367565
-66.19341174838337
-34.814597973375385
12.707708800853077
13.719566143156326
-6.747356524651184
90.4884734107344
60.034117051720386
-67.43111422037873
18.943019150754026
121.3383177557273
-614.2489785023781
37.53741685317775
58.89068298438234
-244.60583954485628
51.92158608052864
45.4244097429239
-120.51470003460508
42.97354632301449
-227.50341633905555
2.0640306459156568
40.17743706588442
16.57714748011184
136.58224486864174
33.139747457516464
184.7477104318009
6.910258836765952
265.51911532611757
111.22423593373696
34.537805206944434
24.515120301654118
25.793926017392096
41.3545459707467
49.11256846464323
-102.19260313452378
-72.10927445047855
62.75470361557518
116.22555202619742
14.93079866683371
64.37605273487975
11.983024529596676
-53.98127197828944
84.14976347010997
49.94836385335702
98.72052011337382
170.1845162896234
124.56554731880215
-109.05206760074998
-23.716534407775537
-32.23925990878549
-96.260425377307
-68.20542091099765
-84.74942575945533
-49.86348630702969
89.92039697769815
8.268481963971723
69.27013075836763
10.014429833759294
134.54814997579183
39.10684477204145
42.40916150973891
40.911334103238005
31.77737751312291
36.1342165607787
-271.2257742648653
53.21800585146673
19.667764742376676
143.07828792411237
91.66590546829275
-9.642404666118017
-26.145519216053117
14.057604955410284
39.68875768368744
29.97979152975131
-38.558271817973264
-53.25255736684633
135.83482860120148
20.51502946201481
17.7798267289348
-0.9141153439185494
-31.293858713691677
82.85355493695306
10.873179504851578
139.94770844495224
11.24634848328651
21.195851062391085
10.436396517331417
-158.90955926332026
-33.8221533640758
-217.56600509540132
-157.6246619418198
33.3362103964746
188.1568901128644
24.88280493455369
37.17990853285323
-95.16725682889046
-5.0856543844833695
-181.12728950408746
182.8745679503652
45.639230027746194
133.54981108481024
53.20856740670797
32.72770787852736
-141.4983770651891
51.640514084004636
102.88122140198038
83.56163385936452
35.63410659047783
13.89088510292126
-216.64531362461048
13.274743193018935
-190.14273562547396
-22.19252765237968
-115.5387781000154
91.8277557996494
10.287760974688155
-800.1821981071797
-32.134876284748316
153.37344818586803
-17.3339849679287
8.19959816140442
88.27860604578791
51.157524002451694
92.86432074921822
49.26491654778965
-27.76268659615789
56.44784466564852
87.34025499097243
63.93522162813488
5.1659203814870125
38.721993707972075
-95.02553460712898
-272.30295411943644
4.317091430398705
-100.2506594077513
-27.194520651647963
31.60590480898037
-31.08648891557649
226.93509670312642
54.803990693812466
-30.321095296299973
16.23775070674644
-21.826237269910507
-17.89808053976543
86.61631929128816
-67.61988686657453
61.48520980418813
66.04861940056013
79.52521245224412
31.608966984863265
92.34292557292247
-129.85934803037617
115.63487320691002
68.23078252067847
-10.152359934171955
156.30568468091815
4.588792000460103
248.39326998270008
216.85848548308832
-462.29572992705516
47.39018718123043
17.168259547552434
-253.09283998230694
10.91511009224196
17.591438742593652
10.48230937034705
51.11249631459651
111.96477231532299
42.77419774762255
-29.975470086093992
15.56229909074034
146.2403912656307
-44.53844336730617
152.7772806227308
34.4841145079784
-4.0339492325647015
-9.42313042162823
39.53306387589464
-31.781533518400607
147.49826550985495
147.12547656911056
50.990979126996535
193.3838271116133
34.91309881204654
77.67055473633982
29.69370208796532
2.084041009349903
132.96750976196518
85.40948455819944
69.01808011395167
-11.167247399911114
-131.9316485614654
35.2702082530272
146.90064592676663
13.877993821321578
24.82692519584785
-254.55311542195614
-138.918021674167
-13.67388042404129
50.697578063349965
20.16579133974231
172.26270869272798
172.25160242898392
-57.79378034027195
-46.71206906249972
37.8802402485786
50.01826651132782
23.92553690813935
56.3108720664186
124.86978614491863
82.92223553303256
-13.994053783071406
46.93314448732678
26.91197398009433
106.13999336277266
-5.060799893276531
67.2962134113568
-11.19938987622345
254.69221975521032
139.64827231915797
1.9170258923679195
77.25305281436476
73.50252511286408
63.21443405615628
16.783414469887553
-18.758899860066744
-43.3546845426481
112.8330209354117
-227.69488924953203
2.411833137998162
94.70411793912626
-119.50435358868708
-8.328494369187865
-45.109652576235476
178.79213269953743
151.1717180216117
69.04951441191383
8.876565742368305
-115.42425173425363
13.666765150161943
-2.674918121780909
-40.141487554925334
124.48254353404309
-29.772325574178478
-10.262319549739555
63.21268210129074
-164.96832310790387
52.43203363525163
-16.313212063347457
40.97240274779176
101.40145980780835
92.87593580061287
116.56704566853477
181.47106125924893
79.67522387987765
63.58446072758926
-79.13118770392063
-102.56436888336702
36.906385234756776
45.91971090370134
45.765699360128565
69.60476814511469
-19.03514186907978
-34.65374962193222
-21.401970797720878
79.81825717106142
78.189043197057
92.59017235265685
154.24576607846075
224.3707693200622
29.210537048265905
50.12299624310188
-47.703641359525136
106.51929620798501
19.769841063423865
67.5802653301389
-338.7306195354586
-57.38045155718282
-16.406224671349605
64.35833586141167
38.49439615288264
63.783705047270814
-43.70956349942571
-175.60761951909828
-170.23458452895466
94.25142170279196
107.83131774324102
51.64401243837665
69.71360135219984
-94.82256312071468
43.83337290010013
41.68623717205554
-232.1898689184345
39.20209952311372
35.35206600671654
76.68049312260428
-258.82999643934636
-156.918726165311
-161.70913678101078
29.785794895792733
104.21498480716446
263.82718834581374
-32.64979777895587
106.50919690498768
-61.23407505720024
17.07804594193476
50.623289934892
-196.49707554914494
115.45149536266422
159.74427262094514
-43.38137224328405
52.23102493116579
101.77050197876815
146.603524078203
8.25688184379984
-179.0859889040903
85.1199753677738
21.781702605928643
42.7359000067263
-44.453846085164514
24.962797903284272
-137.99382047450035
-41.552186953053024
-69.7801477628459
-136.46994757090079
-210.83163402238551
-27.005125627006446
58.98408978824401
-83.5563449544482
20.125274298620493
36.70337240294589
17.467809584774887
-5.53797385971077
-120.7992854560589
67.2501702389313
-45.14336670951435
263.4440536979987
13.70459721511088
14.459888929317799
-74.5179745194032
17.034451651446062
94.0389126273617
17.055289312401555
65.56964943439453
145.64586878771388
1.8276766096441541
13.611215404484383
-28.137047473826897
10.053453602679838
-154.28718622768974
-215.21692225574316
-23.262105087456263
12.077470809787377
57.52105732446779
61.27893488093969
54.31495912315345
16.86804097902678
-74.12434556845892
-54.11296438590716
48.26484008551782
1.5960091137881136
109.1839367532807
-26.117327018582273
-110.91244290488339
74.35014029312151
161.21399554249047
79.9530619861755
-28.738035479567316
70.8630695961383
93.06585350671094
-235.64140035213586
-138.19198032087752
-16.86220885394414
-220.3456427710712
-89.72659786592976
62.281621855555265
29.54734623923831
50.577461523633275
102.72102153475225
45.89656093862061
-104.00005008065546
-81.89025569903288
30.59314884667115
-41.01250971053014
152.68372835304308
-9.83831522388573
-60.423611724115744
96.52642519806113
33.21534191731208
9.08802426944848
35.510952209393054
-72.1786713081924
153.2890527589816
27.528572786578138
68.70424022416432
-27.515312447078657
135.15836391111156
8.886207800449462
44.72000354034299
18.615446557926
-6.204495230289467
35.58354460599093
56.608622282431384
9.708929908597305
-17.585950758301703
39.86380695739945
-26.109379559743275
4.869226052989889
-47.84234881068801
-13.310323821433599
-18.57458950425641
139.81492295070802
-83.33932534873611
44.02606757422427
64.56378642893893
158.7686921962577
-161.5910058917948
-27.913420546401312
34.5049371322701
57.757610376010824
7.6520739756694365
-7.706140415420219
55.2823212383512
118.34809538148943
161.59196155369955
-5.541779669097754
77.74671909202505
38.099286471631416
21.720115742631606
-57.87875426482924
16.18156062205344
21.15047549917362
166.12147710264503
-66.42106674144543
-5.80686362059361
47.702886722000784
-24.17651537196025
91.7016337078503
8.2094452379513
-11.179549157616183
30.26128141743493
-59.422641554494476
31.71082352292763
-51.894655708169466
45.242402891054326
60.76462988473389
65.65480047385418
-0.06419241519407881
-1119.7522090127989
-5.71629843437102
-147.03502585574478
45.292061945699515
24.07519883027301
74.0025687435101
-23.550268891276573
-114.35329449069741
131.52090424481412
20.767037192529653
99.66495471753223
41.759262590883566
19.43574395005271
45.24911927839764
-77.64683026722217
-33.04413180000438
84.2344945463492
-131.0351558197408
36.33100361291599
14.50410985712773
15.89232426538222
-3.7393269974167005
5.123969211209442
62.82878560779196
4.322992003455825
36.64267183717811
35.435622945159594
113.55284696717263
-7.348795512427621
30.8767609748561
114.97982294777239
-8.756897802793901
8.017949111670532
24.351501837458603
38.69263471768201
-90.45559005760697
8.80867752887707
18.926223423976055
-96.80787348645157
89.4311683510316
79.55576451071977
41.59798753804671
70.17974719066504
-22.03362061252301
-47.87781459438753
-281.04523144639006
-47.06177472429863
-309.72159228885357
-5.70740715091914
-165.05854381541985
19.750177039288292
34.374733213458626
24.16468594169146
1.9270561280505158
15.25852858548219
37.82144825242755
149.87578203658245
49.72860766929679
-43.463074318667
20.188468250413674
0.1316030252338507
76.6428858021039
94.30996860540154
-74.78671975332873
-39.512188885725614
20.983819448114744
85.76930990447102
42.73140834657689
71.85633310906314
33.469191013185096
141.79884460718586
12.302055144100072
26.99561703774316
113.77786267319925
-42.643968012491314
6.264261599534479
-215.79693453043274
15.568105872006072
20.734911477211995
97.36622025349811
66.71248569048066
94.50514555610124
47.99630573675912
108.13837091290907
92.46496862197955
95.30041591738382
39.03841426014671
-68.46904068264166
9.624186957773418
38.95878154657304
-11.167474300240386
40.97519617139792
32.13496126467452
71.48461466019762
-70.8592926836932
-118.48855213322167
-87.33191623702487
-24.472411070197268
-79.88352119546562
96.26430010799106
129.99083451326078
68.11455854633834
-107.73415240368558
37.93559280278254
7.953714690341468
-25.842167983317722
-4.7984336975908635
-259.8569590920276
79.64700691402139
7.572634925592133
29.045970576683793
104.75310929985335
-28.62392675950241
30.145776374202537
-9.619112243544578
88.27594153702421
61.45989814505856
133.97210074021768
-72.16495977828076
101.80822882247867
154.34475943445477
42.47781069198677
34.96388517515072
89.91447503686504
42.86159462027189
53.50446214750561
-228.62660605534757
40.38987564421208
-22.91747688380474
56.7216143920582
21.84575990147482
47.06223929421692
113.7967552437035
17.82733385033316
-21.945683416554402
42.61058096309648
94.43029418928563
14.172464077654318
-62.91877984940379
217.26243360430135
-194.15944339687212
43.73202734251643
-36.67115064376672
49.64037727750839
50.339991844213685
146.53429346564462
52.04766909968487
130.47135202357276
-28.563970763896577
57.69441564930591
-76.00230212192764
23.99860575981861
20.739498516005824
-40.87658097478324
-19.519336858674766
1.766957552410101
49.98237532783044
32.445727100822616
40.91502709315796
18.26409577701861
-28.674152007214712
128.36937294424206
8.604445610619582
12.844478718741152
-202.94491772858782
43.55452829677802
-275.32231158734606
76.5391331854803
41.093652456458585
46.141679458449744
13.010072065410618
19.81050901075878
-153.1369120092786
21.45882633942958
89.06141273671284
47.94780026358419
80.26686664926001
-50.216657511103826
73.00683413309696
-29.741271473776578
148.13723487810148
-22.863079177041982
19.957487632392088
151.35886969311377
53.79237055455607
25.705514028151924
135.41016496175325
-109.98994265472629
40.612887694311866
18.84093745957375
-13.588265289102797
-234.08457442508188
36.67947657526611
31.1449313398397
49.18641537441306
102.23010232240699
-166.84321374088347
161.96080100395557
-273.1293379314684
311.34659410382983
79.18938152198109
35.269621720678046
5.360312301850371
59.12778414894774
41.41864427484475
-28.947336816106144
11.076773594911199
118.40806641452309
11.881675949025254
45.260305449663896
-45.232862368138285
117.83207765489487
37.9596358350458
78.74610769633273
-244.37911001067005
27.871433171233978
10.205922545795909
-115.51435307935617
-23.46602924907927
70.3642172427285
182.3199248588753
32.089982967329114
-34.59282617959137
47.16023671428968
35.68882842248245
119.05554445473717
196.63997317455414
51.774381355680326
28.211807475454407
5.139740234763394
67.2945824334688
-1079.022728377976
44.3702748033611
172.58835261604918
27.60741973868471
18.6740233574551
-126.79516815818579
61.29416533765948
88.8374442315112
21.731726771604965
168.74032962928004
13.37752371216088
-8.857420911058274
16.725996648022374
-79.18601628551096
-333.9122994788195
158.49571420690017
48.99274804856202
69.69146437242385
-141.32265491612452
77.44909642966923
16.34595136218974
189.69542398169506
35.14378567300446
3.7558647439726087
105.71990374318
44.37074718655822
24.87915847540256
-70.9503362164046
47.58175614048878
-18.747745867935464
24.078370615528016
17.485559857072076
-15.881115013099727
24.19642520755992
-205.55343405383337
36.44727343051369
-4.863008020852249
15.583947761294576
66.68134205350941
22.36612733798237
-23.274599638138397
77.5328595535575
-15.668843111596313
-16.259469053733937
-31.448944468851096
136.89227685409196
94.78084250735765
10.041879645746889
85.71006635756157
-60.6673090997269
23.557833556487545
-58.470200279992696
16.394991222997305
12.303520720666292
-83.08519907405525
58.224826717801534
24.138978322097955
142.32780897235125
35.456468264006304
28.247886269881754
68.93068054360984
-14.941278134113059
26.709809957174457
212.66579573806075
8.130448051557764
108.05146679942845
46.40302045262281
60.848613890741234
-6.4616880506631444
191.99453372295193
19.599318912226863
114.18856886238291
15.189272936643126
32.8656794485637
58.093623427977775
-74.00964405529157
-3.959926933152815
49.103901293249464
91.61675605853361
77.61817787205143
55.02123176440035
-65.80714619178343
15.409701647202663
52.94884270792636
84.49999740525854
-13.54013437584831
13.834290785752307
126.8558655964116
53.96377843502705
79.35516108981943
105.3204689657922
79.26054566815378
35.61369802860372
42.61209629825106
86.22363339794447
36.130788634350665
92.46802834263781
-24.489790622854343
177.91106989260925
-109.79418811945106
38.76997256920748
124.15327879057304
-27.93092936612844
-28.51584145900891
59.01296251971798
-116.95654528684554
80.15392603298224
45.410786485266385
-9.312217015656188
133.31689711183026
69.07398274861004
47.699302467953174
-29.971571671360195
18.009932114890944
21.716675655166217
37.74798747948524
78.96327597422533
105.02325862545376
-6.305424703273275
-35.42650516636104
-135.22565459952511
84.72442715608196
82.37820890899275
24.488618416068782
36.87634885561535
111.73285056763598
10.899503870068116
95.06167855947297
21.3358615705371
-50.75669459996607
-162.80610988619537
64.74519530549196
-16.2416238937887
-191.21224436201283
58.83336038111224
11.630780769843568
5.8208710088881945
-123.3325931811778
-23.48865924163506
52.41005594514081
22.633051851971118
-198.33175194703927
11.512860064178767
5.002679356007555
20.219010287767105
-102.07041214252968
90.31417126246748
-20.202022520172285
4.681367921404009
20.95670404568591
163.73795695558647
3.3274609371592305
-115.1763728308315
170.36986416775926
63.245008792715566
12.515042233213293
-192.82028024416195
111.06120829750432
-16.36177044472697
-33.49494918315122
-9.496806998332868
97.87065290616175
151.808181391885
61.670124909446486
52.536275521635524
148.80906348018834
-298.9233470543279
20.491852209038672
61.692093028312655
45.04962577428236
19.968421673102796
-6.940225028482047
2.6510193562308366
125.03794895377541
-81.47150834988982
60.101803240332934
-157.1906908188157
33.386286790109665
127.6569049002137
-65.63816744584256
31.94586023332726
79.9409330566607
-0.6683485207324225
137.9863126305072
161.63459114099624
93.05661667670233
33.96504963781081
76.98991843263411
-44.27527577196133
11.939701122957482
121.78617462887814
60.800224984762394
20.71992340428327
5.008680291708515
10.754421999548242
4.666645754503861
123.54816497247202
159.48597006707905
47.446882653600596
25.66730475546592
-5.582432105017105
21.404637118181896
119.09244966932874
91.68768930352144
112.72478914146313
71.25375584398671
73.74530259634179
21.493647987276393
-2.007898439779441
30.63457885262781
46.27540911351562
11.022260859916429
107.9656030606634
51.07061676636113
16.43975005440489
33.572803570081305
69.50453254530328
57.38561120897376
80.52332719458059
97.58529793346224
162.52867817165134
39.48130293719227
5.900818566710916
70.8546883726377
83.0893203690838
-53.14869067661766
-2.519445817761336
-147.98461599037
47.08406668265365
-16.816145990509522
-125.60712878467893
-6.0586957699670165
-31.4826270946564
94.62602216190953
21.794299222319612
-6.840600472475304
165.2077017619349
182.18824256184826
43.91577587292022
11.719820373018415
38.93567310762273
15.43850414908086
114.43224027423548
665.9494196840033
-8.497955710457468
-45.16662922600062
-79.53355797997847
48.11185902828737
-18.24103742135958
57.8765094370402
91.11317396510776
-9.646522261034988
24.748043862658175
139.12308375966586
48.076771006741865
-269.6137739971091
69.58968912045424
13.689297080210054
4.523248177668393
-36.92127157847517
-140.30499129822056
28.165456550784366
18.208255508760345
-187.58857818104343
-66.73982194364817
873.3371863158595
94.39609297018524
-225.0173883261068
-14.014977758010389
-52.64754459998495
-98.0028095880399
126.39927827777046
150.18108296814626
28.175177737542043
40.76630848202922
372.0382351855842
-4.012292604860762
-55.30092574179798
145.20443872339592
-12.022627038924384
44.688663560611204
-30.170116768862044
110.19053404570968
97.28211837240087
101.3881574640609
28.400828925543173
18.129179237666904
123.53170103301909
138.63286907564725
88.93224588901921
-15.852495146834372
72.64410511770964
-139.52521571646412
-39.160043422800754
-143.64163265507432
110.05615268276802
31.096354010182008
57.34640792722462
17.661288305433175
-28.519969076410234
80.82385922540607
-138.6100213210193
-50.82469826629356
51.26298802536439
67.66851243890687
47.637589952164504
54.16417514291061
149.65579457511012
69.47389654241829
-48.85230074301626
51.014995019614375
-47.4705109920601
-213.31495034010186
82.53760259943738
1.44010803183641
85.65121970341443
127.43601874170781
64.07274014195218
71.81520873424736
32.489706486043815
-2.0141508153297263
35.34173881376864
28.420910980173808
2.0533329039726596
38.6030804514445
-0.5171010623145165
22.299634689609846
-32.92107715381462
66.97297526875775
-23.233884930445384
40.89269091279858
1.6950147658371861
15.975888850176434
53.53134120508116
32.5353800768793
-36.0688375517625
16.02957762213404
-41.32930636331699
-27.883627049707684
30.332601313988285
110.1916995603442
5.945083971660593
30.655932226884623
27.301737614592184
91.89396094093672
70.47887586993681
46.55801361978247
119.29903085661863
13.886044283687918
-46.5671296554292
15.19818233993684
31.71851975372556
-20.050373812060556
181.80647069499764
-15.29138601380896
19.671069440965255
142.7170485890315
4.007289549186531
55.62833830223417
46.39050003697627
3.018659524814734
-21.405660370665093
-44.61735250148305
73.8226895906846
-40.70564750523495
99.95828448706698
32.14254101259936
59.89486703611965
25.11219839001751
-24.528097152923124
15.97395377955445
88.28458009023598
36.793326526325814
267.3782545847698
-13.930711875442654
36.31729837758843
40.35377203974633
129.7358741908747
32.18752424375359
13.615171505471999
17.539004849333768
91.10803903357782
-14.02810471187695
7.604758068184684
5.249717170528356
-25.81252743332425
46.24570913903512
-10.36346272658179
41.91125915102407
38.13700975629372
-90.64809898163003
-11.601410796388643
97.34520017537216
-10.570771981869711
64.81150801631591
26.32270256885369
41.09156116042236
0.8342047846798213
31.220225755604083
-45.365024851786075
-16.451546339680135
29.77956206808176
93.7461505153633
10.302457443545862
42.805990705620246
109.26448468998342
73.64877591969707
27.075975161302807
-12.39708653165032
-3.0642227255966645
61.50952598107618
23.776341195692112
58.41392522843819
89.12464703641405
9.077162686601216
108.29203415723669
27.53323141675878
-31.289356679283173
-32.46526213180588
-25.71295973664426
74.22836483636883
90.50797864318292
-0.8770878461058711
18.281953172588224
32.05076986960621
82.77632269876597
81.82119665182427
54.03866542948617
196.84227815336135
80.2632623806004
79.09006421389864
-12.866425157385015
115.13083402418852
162.27786111212208
-12.23187205982751
35.41527665271521
79.90949790926334
-28.939148938800827
8.1053280540799
89.50407055487494
26.334044392730725
32.05208164666971
128.32124582122742
17.257747539904862
81.81186064640443
68.28452194658763
1.955441077100959
136.99927088166305
95.13191238787783
64.35341489164217
2.7730030090759783
-227.31499720119837
-13.182083916165718
13.744660448449016
105.59637567250047
107.83610181445329
-2.629228673364118
-81.5673039843582
285.70641641562315
19.592610784531228
50.722577727165614
12.320791700637644
36.17528567608687
74.52511342649575
102.54389182969044
95.54294611252112
34.02497340287488
50.27388065410347
-60.674522869649195
73.71040563036809
66.95889637599612
-5.603846592673321
6.225452257816568
-52.38171746029876
65.34748948508633
17.805944214970218
93.37554143536727
-19.605723128957322
-54.59599763618773
13.560949953928695
120.8730364574634
23.892277985984954
38.47442401965331
39.40397001928068
25.252313514249266
-15.670877483792992
-13.501599791048324
73.02301325873123
50.45151910430498
-52.974932470923704
91.57533376115794
-88.66427824464063
81.27444262005895
9.884764275328251
135.49497584235507
87.40788992781393
153.35472816419542
21.401609120466897
140.0971396670534
89.89596094576223
140.41854731903322
187.05805623229526
25.258925695060952
-70.92433555138132
1.2573498636705533
7.419692090016724
28.754192553432087
84.73746992898259
-35.652535433814315
65.00459880322558
27.249233557464265
108.65293832804599
77.16246405214042
-175.28892333916792
-119.94727225883616
78.86954412684122
0.6331367738017946
131.58697176178703
65.91729609872937
38.67553274397369
71.50672487851557
-147.715321850078
18.895859888731362
92.46125870634296
-547.9630379204273
27.968015001422827
65.71988871717065
55.934862344964586
248.34401478047994
5.035453002610698
52.674907722048374
124.53285943410356
116.57903002066905
-26.416688486827297
-38.8571174389449
46.132916496424286
102.90790159956305
-13.715906361575435
-20.87764049466255
-122.24759918646214
71.59458335605632
66.55274320229748
96.08821187338026
21.28640182023157
28.96924842250496
138.2345075198068
100.08942608964207
34.25957857649481
27.541709786896767
26.580565971453673
111.45234655297054
124.59586450064262
116.51299134950705
164.83483328239163
44.510412410759585
67.73256267836064
152.32032028009962
99.5965322929527
123.30129151392248
-3.2536051753844295
36.69000779504667
96.20121577167629
16.265706712395907
97.99442540524024
1.2998878153502034
30.12613186777034
50.57610060604284
34.98097642108306
22.11633848609017
50.837936542130876
145.08258152226426
43.665667320824056
48.072698832409216
30.280956380233164
81.75756279408301
63.24319850569282
43.35867540673348
60.63914323771644
-90.99917285323136
29.71819464785893
-131.1210521658108
3.952260634067443
3.702203191297494
53.74735244723615
58.22673792228875
-192.88465152112076
52.263818576479025
56.26911139372632
21.828673000803064
33.336217026151814
32.184623995571094
136.279789632365
-53.797093372495056
-37.54091487607411
34.7715068661372
158.71988996395658
18.01352193726234
-172.86898381892524
-59.56346889993711
4.735768750420598
-85.21152532978465
-10.737486545463259
189.5956262157788
87.6969619115016
16.609634519240558
-22.12782678618878
-8.126006108896608
32.54276101647863
-47.27547308895555
37.6594319355051
164.52381048071402
73.63537971937859
-8.80828833935675
4.344570425064376
56.27769466537143
118.2272371660456
96.31484488109072
87.99282152642581
19.45147657188082
101.06769638477135
26.013874714953786
61.97137113551949
-71.27032172190746
-54.68942630261688
-27.55184947998794
55.08038372935026
101.67058604377826
103.47289854099063
112.92520061749065
17.626761638219108
147.66271468184777
203.43178538729717
127.53165656893589
80.73396295555085
79.69940430479005
114.501426469531
41.842629723630466
-12.625115305494056
2.92745211136183
47.117033637241114
65.14128735867962
41.03762126226228
20.88458941018234
48.65764052940341
10.670811585981975
-23.051408790942787
31.317473095146063
40.57655535655707
-232.58994369842367
-159.29441444115582
47.26856407935088
11.551761314471072
50.702345039685184
-46.64792890657918
-158.1982498849211
39.572048783356706
-44.236056900026036
-145.4148215556238
41.90736291245075
84.65267275949554
-25.02628396706658
39.1381975972995
-59.880472827524045
-61.82320345039221
16.845973562961845
-211.79925664307757
-81.48456566467667
-14.375751467747186
19.597903870289215
-110.88263228525875
97.20041380996872
-23.14173839250666
-7.807311607475299
16.13710943678159
97.17387094527368
18.31253579758086
11.32407321208575
-211.7043251203404
91.22359021890406
-45.36955331751233
-392.4412964696139
-1.8276198052298673
54.757863532632655
110.97265627641855
35.217058411589434
24.278881366457426
61.71218606846662
66.54313738289113
-270.5060893927598
10.780793977194362
69.3108175939733
54.9482966311092
50.389130627252044
94.90826674902746
52.024203114731336
-70.46473154832756
175.78329122243622
118.38986995343112
-103.14498235533878
66.589625899559
72.62180555432269
70.0161872997437
109.12244352168545
48.09882119369912
66.23624323157532
-67.26488558034725
23.53694483585922
141.23410886381748
5.694756504651641
-7.582648772877208
-18.744421121245068
55.77244645690553
48.56147509356073
-2.7353261613455557
22.34253328235627
61.00445828538295
-8.00852201413619
31.53765800446978
-28.221127496782387
1.9875577820403123
141.03864741127836
58.40888528860913
-177.66023967245565
71.10430173924449
-193.70659846099988
32.977366380909984
291.9819612298652
6.294296182084622
44.576481800325126
39.62666678009274
29.94579275048727
168.624988484376
112.4183766478568
2.522414064138502
-23.72119027614781
11.022670869770675
51.53593917121407
-41.754680774046165
-468.54897068196715
22.34193745317816
12.08909704456378
115.10766286153898
143.88993127292133
42.75219080647434
-45.39976753283463
10.65156530058266
172.8624240107431
-22.015585226210547
-13.015317870186891
-305.2884194437074
103.9439603376477
0.05738925569857246
-208.04566347079208
86.30057142837813
30.628940019216436
61.08643790179485
71.92478536694162
56.165552550825055
63.6324380131455
133.99999198197338
-17.609942374080834
33.01718747020277
28.4868463185133
-18.354726001284565
-75.056675733259
5.681134938979085
-15.055328767868135
4.545151602332863
37.447029869426316
34.85625857103991
104.93143975146359
94.08963397361254
37.79135467305332
-19.157591758629792
69.40207709140151
98.9229129819505
14.429430508193036
-53.60545726233431
81.36650930809054
81.19844656275836
68.72481423736428
-54.87126150898894
15.626517513354104
33.2283894300904
58.58342299417298
105.34986951838846
24.144142259202493
53.13870286434437
-40.386356446958416
61.25294697781546
21.162922111791374
-23.51635442393711
92.02994825996839
100.7876508248089
83.16090265111517
-4.934228324603737
175.60845036459364
-140.56285907209667
63.64683199430806
166.55391589305873
-19.5461354775598
25.608432483855267
-285.3318895030065
42.54878939920612
-93.9838631700095
-49.62977406379572
-105.75622358257351
43.15487633141174
82.29380417192203
118.20331550607398
-169.38817321643683
24.248863187421648
29.14681319504684
40.14123122717146
144.47751663664985
217.1214568556711
52.5983553571275
42.61433178385619
39.63252420538032
100.3920691407684
18.16462648915683
101.60735272369993
-582.6449105849213
0.9481005656039088
222.9503544563313
69.53234036948822
152.2415023791632
22.602709655176838
26.288952804144174
40.2320463312774
-143.07558402676023
25.693864632296417
32.02943788064088
145.16764331680406
93.96804913587084
-93.32400415721487
62.81238283270187
35.37906064555003
100.27308632089165
73.58605754421751
-20.57750193582369
99.54182891590574
52.149730224591735
90.17168853675412
70.92474466054689
20.209996463506766
-101.58938585404348
75.62178423144815
80.22687789718054
3.155479044613031
-153.55208301365474
-65.1196327395619
47.55716621389749
45.38702882333056
84.69894491463538
-111.79078361856818
114.5038080904842
95.74031998347618
169.1712316640669
-174.61987095509357
-29.100928861154067
-62.51676311741585
18.767615710928634
59.681715993225225
3.0378168315435623
175.41645636852354
73.00427489303229
76.07596009680083
134.9606374097882
153.47471188660893
19.66979742035528
-141.88987527805057
-40.83764107849947
-183.42208816379343
-22.46970973701299
104.23718261819977
13.769979105730746
51.73269214945137
-2.2700027224018413
70.77281107002364
-48.9698268076354
82.31233864254979
-14.715009276449194
2.5414619779916943
86.75507498361327
104.81394326172176
88.22658799239889
-0.8562595763862149
-242.11507625864306
50.5302858276135
79.77555740733985
-139.78099115414534
-205.06651548006175
84.43751871624318
23.309854372658055
-106.90144584218888
48.090327736586914
97.24345108919397
34.92469471967638
16.809985293917286
2.6437307984572733
4.963857593558714
70.52129142413924
-1.9377046032419365
47.73387066504364
-68.64867971402373
-13.034512148131942
41.59719177286046
114.1095287367989
46.138039775992965
108.05673740938232
46.348470886285895
1.3102618937766348
15.916831155849195
55.044209090584786
-158.76918323567315
86.92194557286365
9.342205442228533
-141.20496123375324
22.0636268571549
30.488984726231138
-55.517051704607184
51.32541671810984
-24.913323348474176
87.94659002698674
60.227613719505825
96.93617737226782
51.73759276053579
30.398348147039655
-41.3279793002489
175.11302601317084
40.896371351590005
91.44717337034058
25.296086835290936
1.0426241520282424
140.16113250175204
117.09414998894079
57.370318043808766
-10.317917443784154
-136.89324150833863
-20.729694097067433
67.77698199230736
45.96721465831625
37.300785953651825
-12.751046751927438
91.07587040942053
28.404619089469165
-43.69964905875347
-203.7780564902514
100.83746624672432
67.7012170088201
-73.32179679068759
-83.47231925023334
-1.0409160502622399
40.90094356830619
10.677777371113248
69.08754707802791
1.7224679950618338
18.907870648129872
55.58515838570656
69.4520472061107
74.65301562925379
33.280921483859856
100.83265546952225
89.25614179612239
286.9365023874161
68.07173890550092
48.81568394846969
67.37722541151606
45.098358512858454
-183.1927441330331
-25.775489003425307
182.84343142162197
90.96957822849822
82.88336381548652
100.62604544280703
21.98135137166628
-70.31015448678818
61.79819777350326
91.93005566431873
94.57135658672314
-254.73774659782703
-66.06495508521971
-40.270730824830935
-10.33828676953226
61.62696791274885
-24.37859795196699
39.35896728495891
110.97759727429639
18.979418534241166
24.246701136632964
-15.950392720619707
65.07523306970097
-590.7504209085864
121.14844529194988
0.05067211732693977
20.312263070810832
92.74864094890881
138.87634951940163
159.56968475295753
97.12730982911944
51.30550255246222
123.38569477959982
6.98973490910476
16.781812360635886
-42.73840126057072
-513.3072856520217
74.8417293441754
70.56423739794081
11.630077241860363
100.43013769685331
84.100184415081
144.65120128660192
1.4371788814469255
139.81527508234967
-8.450650574305184
121.24649350340769
11.850932052965653
-16.379312098697483
-92.68639718441136
99.9335230357483
75.93093902139674
0.9445411066499139
64.77008293124486
31.9008093714879
-79.9932854047729
-70.1276410020464
-294.5578614472015
67.07001171522734
10.933785614210592
-167.57084540323694
62.051473598206854
-28.716173285087564
70.13729100853561
40.858001719102006
18.16455639649196
111.36594038725889
23.228955714643575
10.997957852055606
5.350280979935462
48.79567237345072
24.244035795582963
135.8012595407747
54.61078789750738
2.9662903593158774
116.85189382701174
97.96960223829046
105.86131285162753
63.6270562027546
12.391827773876482
17.877949258856173
69.18500992367444
47.29448773116428
71.9750194844786
183.02023992104614
193.0907053152814
43.93257483816302
0.02838799195842512
-176.88223188716347
73.22358928002046
-2.9861470549266773
17.479584049342293
-175.59733907236932
172.9675823875059
4.4265587604141885
116.31135000903987
113.30790397713258
-22.36990020212488
-102.68464857656272
-33.085527581774386
64.84044089071358
44.15688396993892
-147.58913480135834
20.079142904998974
125.87910645478087
-492.29358917095306
66.44848579143763
49.45405664766122
61.105833701175015
30.518694323670033
47.98302737336823
-18.153597652393728
-5.22137840941933
-175.8498012298105
-36.15033273294148
73.7548076230094
-36.3490909734096
-143.7089529056584
151.49344406839555
67.91474126001106
117.33151963999535
8.426448880338286
126.42585231639441
31.20468812648468
63.41879466072112
29.10136943236921
7.049401223501058
103.33446054613523
77.4187849542984
-11.797823622511503
19.69749536026386
125.52098582304393
72.4896009882928
-186.28695932998562
73.70258663323614
0.8747782414056928
218.11225194730764
166.44988350676977
-43.202260534950256
146.71146807993682
86.56044556889287
53.56260494953909
155.14882300817771
158.9830021092523
-6.698410784724719
22.845243839214476
81.41206986366706
-260.7769165767031
45.27333133835178
40.86473242879174
89.30114418656467
-70.19440031782233
-28.675955853739897
-33.0362420509661
42.34325782260777
51.31819577331814
25.593469982891293
45.70186104588902
47.32742606874399
-157.36325832058992
113.81437931871778
61.26970424521642
-89.33605082834097
-270.855302961485
72.96987810090741
108.86290353417553
125.19146596161045
-139.9081486222467
-57.15829372896951
66.077001041823
77.97220318742632
7.076880197145329
133.18064237040016
54.322587659252896
55.18007722178231
23.1258932212005
107.80311832334155
123.57947611096552
34.76395817249956
47.188639730122304
76.15256829809186
-157.43206829453266
13.896658668980308
82.95153270985838
-8.995805978476938
-1033.2631305388531
-22.759817793074717
55.2837814151943
-24.36390485072434
94.76086675920612
144.25218551425678
-7.44801000471125
71.95328962575422
-485.2830512594792
-77.46543794801303
129.11826091971716
-293.9630578842289
-42.13566426197145
43.679299298275964
74.84911799206964
2.8637173722145235
48.92869336468152
13.372764461456633
61.24337907025762
74.14241018513769
-7.54660437826081
22.24510279459779
-64.52797916098734
60.985092990330784
56.400247476877226
51.63829335974049
-35.30094079799801
56.52219490745438
34.38717841431094
37.19245475367721
98.91917557357795
-55.108374074471655
-20.428728187114757
34.326889818542895
-9.550261027167373
-122.16446368924971
-5.096791587359091
23.7624586039517
43.86364287382677
-36.49584933811229
-132.09710016027384
101.46627817132821
-76.60969209260656
-36.95167226613375
0.9233796958660854
46.88451476613281
58.34281500822112
-68.86776691599971
30.188952407700867
7.709178081890968
110.52601784968277
-10.633056006098933
33.39400179739214
-24.056252348676026
-103.10248400840692
32.7323312954461
64.85493692802311
12.703946090108246
3.16936091540947
-10.402117814122743
93.22174883671323
7.74662592847487
-125.99166026672583
228.02813426224475
-22.444981534500005
24.582240426880162
144.65546897448985
-13.408556218715603
-53.28121727517191
179.07044928416917
-94.02692257880153
-16.28562072075374
-222.31432429593679
-756.8478023018197
71.66071288832404
-51.07393727861063
5.162367006044157
190.6501435699838
-92.90391548911975
-55.39619201071919
-20.489116443773582
21.238328724949497
-81.52791747319725
108.72399916786344
-5.189184499754489
85.21580663708482
86.15482474543819
-151.77122146210058
48.4849607307242
-7.675828686541614
24.15762523143576
-89.07048476865202
85.21899318298392
15.462329752356014
48.46009667329645
37.67950621391597
-315.55196602801425
-44.839881173894355
47.164623986185234
128.71802573561854
50.63651993968739
12.986069686345292
118.36146687297833
72.23887673439845
-51.380480761574745
59.641708270548406
43.46431736337537
-29.999053134381484
54.81600280059459
-98.45152323680077
-98.25269931306866
28.189803204315467
88.47767048477863
0.6994902763011449
56.627068793798685
46.394006899937686
66.2150611157731
-111.74085938477492
-13.770370086908656
39.20108039758068
-2.6591740209465966
36.76958837958364
64.13454252243821
75.3318574265154
159.1770834482486
50.662554561174474
19.089161803711466
151.31933285270952
2.5366696153351924
5.683971437299533
18.985698608081506
46.14801996534925
-11.457514356423935
118.73530439813612
-784.6044728810997
149.7376180969568
-122.95933262893595
48.0269404110461
41.53960529255983
58.91492186707433
-12.233228590322675
-55.56546326272226
18.193952769742282
9.341113679352542
-0.14097831683442638
-15.589224484249614
140.80744342348316
-209.35792023756767
2.750702799427448
19.919603063004928
-5.58426004459875
30.493592698434696
-27.441451544441406
56.42712985729986
174.4168367543416
-6.714406697098956
128.39462208757277
131.87034377839564
19.93756938273509
93.9168525097216
45.459625757159415
119.46959302934874
15.941976210159144
-9.183641730105592
61.262785814058134
92.34530046096961
1.2289421764053259
-0.7831552636049679
-144.04172057370306
343.2097045740329
-113.87967241959814
24.378242001451
-834.877755210049
77.50994862873426
66.55950057914015
45.49512304752514
-375.9619282135527
128.63545182417033
41.1537540566201
111.77049209295683
54.72540724215786
102.41397253262949
4.188046413025425
44.82639882170156
35.231684832925524
-16.502548368198497
94.70950064901967
33.4664843597916
155.26685693505897
-108.77476722921529
-22.273468913940633
183.91376788301523
70.4066907936085
41.031891244921894
9.03564036556461
11.661111669438075
-0.11063070565802491
7.1703482183680265
27.622794127283214
1.6510310207370935
29.404589642174777
-39.800786935010365
85.81928797992077
22.865201412826632
40.04896083279709
-41.40033451643785
-38.981016495612494
151.8190649098642
51.844904856935955
99.03960610967988
88.00300127983462
-112.73428370626834
29.53086823586061
6.677591251639196
91.65968886649841
13.874327384079802
70.20920201665376
111.70181234357642
-18.842177540795024
63.64130027659584
-129.3256450689314
26.87998777655821
-63.81708198322485
216.1719992391786
84.38589148107963
-0.26541830826195145
24.852129636183875
60.09924549413972
-98.50591214461201
137.63307752597666
41.83299827271976
16.47431783472294
-93.93688490654858
-11.714728059112547
18.159724355357653
-31.779632327508494
104.35187710346031
-23.78233850912011
-42.14023673929478
34.6528472504679
95.36422710009936
133.53748356942924
7.735433321572081
10.772939192564849
43.425137366441426
101.44794290942718
21.394575461263234
36.761491395717826
-28.332997585731086
41.56255879896082
214.90913292167852
9.50667001252216
81.00871741759556
122.86437102823493
42.88751131491909
-112.70786953678908
4.783671419593938
-23.617412946643093
33.000979288602295
-25.11775266751701
76.22485304681777
72.69243501787558
-7.897398069594601
-80.02209185090214
19.02196109770158
34.380576043183794
50.77421772522115
105.66402854859643
126.5536058086991
1.861199256339508
51.334661770217394
52.20452065404959
75.30558347395413
130.0588885204179
-41.857302820531956
-171.43804692275717
20.003688315943144
-66.08359838669796
6.315732638086602
32.52262260601194
159.5318006448606
-10.929338819671159
93.98838369895907
-154.15088001058848
-10.857513089372787
94.05445351867547
-26.47064240631801
33.04824865332548
30.113833004127684
22.40597192946734
12.399727334393106
31.504761665682935
34.13331092011978
8.796787447264167
82.01886676892377
-9.560931934165637
-2.1858308894163634
24.452313763331436
126.77213585559184
-261.0075385311943
148.37801324408883
66.3789523562366
-22.69611084796493
75.44414934999048
62.00187000783717
137.08485140453058
-12.622209546354192
9.195031826850652
130.24693535589927
124.16905872610141
50.191082839652864
42.78164727693138
235.03886451209655
50.62583131077161
117.40776970380898
41.5161404572424
36.35090250011035
78.34119527767734
62.068911876203856
-82.8277303183736
21.73731006251745
-4.853703662209981
-18.59428250627563
-1.4033619485339248
156.24163928091548
169.40496910034562
-117.66287071813622
109.29863400502245
6.46659851427512
55.30102964801354
-2.4847666854271595
-9.358545177213056
151.38921044515723
-97.17265382290316
101.50992773544772
-6.452446127564144
-117.38319537294228
25.10365845506643
43.11958287327931
-129.27160527307933
72.75522669203565
45.825550452681455
-109.8750296702483
11.255796666866445
118.15620019730659
22.621062616789416
1.7066309983598456
11.530470346032121
62.49390127067943
38.66530440467932
63.265275430046586
30.516161870745666
132.16258193907106
-7.95203151699252
14.727041645184098
-94.27510632155736
-46.6939333422788
-203.71505173033984
179.36831417019994
53.86361379871596
99.7499899133445
8.387398675070314
37.03882275132444
-69.36855921737879
-15.416605646911194
160.7388485870656
71.67150695295925
108.50215937972104
-10.169615160705234
166.61843581008497
93.09108086221431
38.40757658105189
112.51983257646043
-54.65584950909488
71.20323292421449
-5.873941943493719
-18.2310871284144
27.544972556670178
192.95372332603938
66.96280088022831
130.83582502834952
67.65437641664903
-0.0366485255326013
-60.57787823690947
168.34587620883667
-279.48231199610836
100.00504706370475
18.459413944339897
-79.50091538757397
87.37464841519977
81.27660881870305
-95.47734708409064
61.43231241466651
-108.47202960761615
3.4616548579921584
-259.98128208613616
50.082989553711286
1.6192491813483694
7.776107306742336
-138.71523562109633
12.090467521455139
87.11173991096166
15.22748688613861
43.462276303824275
69.57313164029438
52.42505626359336
40.31824603212044
-90.36332931755805
-17.2292344292901
-46.25801738375842
-4.136001277477135
-107.15009991072384
-314.9482655615238
-40.35731758710335
-10.244174741775481
-18.174656921049973
221.81473509561602
24.93294504495134
30.10487351647771
-6.823381086021966
-11.355386994398678
20.804337955022675
44.989544300410785
-122.1818630334692
7.379956345030379
106.89874143030033
127.41215671079226
46.99950348427842
42.67002868163496
32.34587865459778
108.54793240256129
32.43420915150699
14.510782099473664
-127.32608562436417
25.41036712516096
80.89375998676815
54.12449878312532
8.45167190363054
100.04599469947448
59.24280292081106
124.19534550789695
129.59744131218804
-77.50545394310575
59.43608155158648
-369.0127987766791
-138.8960590956931
22.20444395451785
-82.02064126134428
85.02170622952963
36.63550521671506
78.97284545995535
59.615477486153395
-24.977329874984306
68.55216756752861
103.44905133257498
-136.3830772951319
40.03318914483066
46.636269234102315
89.4273167794704
-524.8246248698867
126.17525056650686
137.58931155562732
-4.404470310522129
5.600676757221798
-15.502774099678845
32.54828919551444
21.315516550699755
166.48697489196252
-19.699276557513826
56.4668678257126
7.085190648635489
14.988066915119584
61.126210500287186
124.19079205451703
-248.59132307824802
122.11938171878228
20.22568645299598
74.90404347374135
-156.89066964349786
10.035521328131317
-16.839443160516453
-4.622307211135649
-0.7151285197891943
55.146348995707285
59.607635906407936
121.53704856510649
25.47812524444383
-107.40900798646544
17.640387324632684
-34.13335110693197
61.42348986784651
67.98374006437007
17.604250125054477
-28.620959863639655
8.242839986353944
-83.89968057382157
220.79532356557638
15.603390479248544
-85.24590133581069
-12.398887955608398
8.83389050018377
247.59715042890366
13.048735147460654
37.868472358358325
113.21962772163852
120.76556052454316
107.76128384242406
156.42614303026403
-115.68480383153474
36.76359081151725
60.98975799935812
3.7230994945868003
-15.343167409803755
14.935102984739387
-55.96969618743857
101.4703181811633
56.332006278820586
46.88966626554566
-407.02852988099585
60.529643724376456
70.09604019238171
10.46308780200252
-303.5949368046922
71.67617826968444
-29.150062761630124
69.66464673920672
202.4604524135475
45.152801087604416
86.69567912320827
95.79573334299903
100.89608892502201
39.858593475403126
-42.50493660055933
19.301022842107006
30.11895663191217
-1.600158946679585
134.17316302525614
177.392366940212
94.42963477167041
-153.67433218257975
81.1802545736673
16.074213189374575
-5.455318306279858
58.66347907707146
-36.578673378920776
99.04550959386768
42.14717703678161
75.88268556940693
96.33006183702219
17.953995056304134
103.02711751441745
64.32863272974555
38.9450442198665
24.4888742156877
-66.67896275771454
19.63424034974429
72.44322113757607
47.89339629391839
-38.67736589207003
-94.27369710225503
73.46357919875156
71.32976297956088
13.442460318485827
-55.26162170282987
216.1934911919052
-276.5691217578642
-19.59855847835479
67.61782887493018
-56.11943997805588
-67.85107444121957
-65.86189927032592
182.25384341984886
77.07178629208738
21.022625175472058
15.474824029493316
29.872459189543
52.02367493746783
83.40643167616179
44.15320601168756
-0.6344202907509635
14.981198573835172
41.49183076149144
48.917529536078746
241.86006406440993
-247.60533164861135
155.48393534362822
140.9787077128667
3.8944447168466603
-10.705638174569575
230.04751312176722
75.14705500096616
-18.194984550488016
-145.9484543171243
48.8171534663181
-50.191657997177806
53.57441468617576
86.42727998641396
-130.8299856170256
155.71207766419275
20.04001996778183
62.75519475184354
-49.525431572553316
18.26025854384443
6.533337307169526
36.57829814518195
137.07342424765466
-111.62727184276082
120.21853542523922
-25.93344790145308
99.37328837824816
-14.63039309922705
27.838983514848223
-1.4363873078973484
160.77525508104236
46.34753098129458
-27.329104551041837
146.7476358030749
61.72042880818253
47.64180476148124
34.63801205400523
57.633116171879806
89.53892148749446
96.28840815513513
91.66324808535228
55.08842035449743
-163.66465197110443
106.2704323601547
78.72944063515843
-17.862301751577856
149.98537907492118
16.77721740615877
14.673883404021183
21.599209648499357
160.04483287461198
-15.847898149777592
49.126957960077334
55.72999287445464
-187.7433602612764
132.80431293432753
30.90557147533967
88.90513274264504
157.56359113455392
91.66968640246614
8.118178858904272
-78.54409396566734
84.55318059573165
90.14733858819272
24.534863352763118
3.432719828919043
19.140530339353973
-153.49729016472156
12.001125236461709
3.480543625788414
51.707193187408535
57.791581801451
17.223464839897467
25.629249934856727
45.89224673492694
19.121484524150304
54.035774498724095
200.27575556719148
19.622252504079547
158.01287670482952
96.57295519973695
-39.638948354617426
59.2347950248336
205.39925846436563
-180.54867736090728
86.39615546046315
39.90988314015033
-120.15803558986772
-4.83070223370229
-32.038549073374526
24.06025478102015
115.0930257077614
64.49040445861152
32.639683012298065
160.81629267410972
6.312909251476994
-9.931771924886045
172.84005681170106
78.90960622023499
-19.49821697403459
111.96030698953257
102.76641890771089
51.22958578800899
234.20796227127494
-348.53177803016115
-0.8012831262458349
31.16212883373707
-100.56795953254914
14.656760052642767
141.9752182501004
-44.29269624620865
15.353391294065887
435.8700811456083
39.21135740398015
105.93567760161886
-18.643987863980914
117.91718253391355
33.693661427969886
-871.2075286108145
-232.66270415910822
49.58196624886253
43.733994041363786
-125.40532542242181
9.6976525149025
-114.80609314087587
-32.5165576640442
25.094065334995776
10.088150884893558
239.5417786866792
88.1315732321184
65.04237377566358
47.02185381718982
-0.19418325500214176
204.26127803926033
29.061903415323286
29.257319679162663
-4.793547811963775
23.276410717080495
58.861502441482116
7.480339347327651
72.36915187911686
59.42647382819962
8.042182433432778
18.878113994067917
-27.13647263123312
32.991034061213774
4.226604759797082
29.38909005701771
7.154422897830301
2.229249386783721
-26.141877857425243
153.91761733455996
138.31299545859565
1.0395187326251607
16.939184291572317
183.74602392200632
72.19683477967214
95.65803919174687
39.97613637431027
-37.01367840531839
8.156116273226017
56.81976985929384
28.746998374122654
64.39832424405631
104.5740356997162
142.18309659616716
76.35779461351831
0.3542219535470615
16.69831981195138
72.14065816433043
33.91321370950223
2.625968669084159
88.26874352975437
66.24031010644288
-15.217266376928379
-73.54283206874106
106.51261221188633
-1.9794413380679745
-62.76247416500064
59.87373620279527
44.250443318830094
-19.139684418626043
-0.4160983060716692
21.116221686412157
-66.27781499750563
11.778385380762131
34.04665245094693
-129.04315043735278
-144.49536373971932
63.90142654914257
77.85243160148246
162.98928066387816
-149.53597461700792
-81.55476488737395
-18.369083163768153
-16.90656511409548
-101.38470932786367
84.74705973042387
-7.193651519466584
-170.22011030590147
63.88898314975859
27.92685923692352
-893.9741259155443
75.84415111243737
-29.73153944503227
-41.30055318939503
64.96229343466361
-40.1382835502086
-75.12142304985855
81.4863021273909
33.49821029839236
25.907877115207974
46.54347626413346
48.16949926902578
-15.63847708253996
-97.56553336428533
56.178661917506815
116.77493664183794
33.982268934862276
-49.25238631304683
-69.18944788014085
12.606032663820786
-36.6156081819704
41.13935455762106
72.24765060784603
-79.25817302669088
72.28776229911546
-5.602786225358195
67.83992634754765
78.45203269210245
61.99993389805911
115.52862410008333
8.801914485646648
29.63696422192526
44.01254515840992
48.61708079961639
19.808871393530215
65.74993997652138
49.30617338197817
44.675054865128004
21.33271200017441
26.259682945445093
72.95885645809108
-41.1713720538645
32.42850564795989
-49.346035171333824
79.79129883503435
63.5066010610617
-10.88879628349332
185.28640606423505
62.37108499529813
22.87609850653689
47.9710155179705
33.944802478290114
38.96532994603085
-15.455316416132638
2.565950166844222
10.606426211696595
-18.000519146604347
130.27750652182112
9.950960955305057
252.57141370350246
-1.912418963649674
42.363665024635424
18.481660642883526
92.43022569714321
-258.8296493171079
61.72825539594214
59.96035001212416
68.59406742078454
31.22485768458789
37.45716131103654
43.952925358843196
33.95033724825737
50.13447534219267
-90.72602137307285
-22.344830342777186
5.114053834533934
45.722729012799135
42.16649795495248
-182.00843918553164
-110.09482460625787
26.606982921648754
-29.906537055786906
56.20526259327528
71.94304332273805
62.57051002830394
67.61668421068225
32.68046446922574
71.78830725738686
3.5881782598204714
22.136444094811395
232.52830506489386
-27.115114803373814
66.1929796439249
-39.786531275425205
-25.58846022713533
46.14725322902558
115.34937121036955
-6.103813277464706
16.004748097017025
-39.949618126231144
-6.147177960987392
-140.47497170684983
-144.34242646078292
50.696378772045136
111.97393677724358
7.396539654502249
118.7391939973096
13.865735756671825
5.193716890934175
-28.66641867592502
58.922985045194736
14.779296658446942
107.77572482761138
-2.486727091960351
-13.313220844743089
51.44967042853708
-17.874797488322656
47.73395518891397
102.38661677408618
-61.492732433742276
-106.01586500980854
42.256277057100995
40.27070010094204
19.735647031565616
39.43526151043118
25.348879698429414
43.79906368110127
120.1323819054735
60.66382542418023
35.04226414065869
-124.51288158119905
13.74055362161182
-306.83444017891907
-51.01013821795598
-6.405770337741615
-4.539309251273664
-2.268857092908547
7.830259705927347
21.839145163696685
86.89196502759023
49.108417399368136
53.23604066379354
125.27364823873404
2.761623380612586
44.56046762207053
38.940764732110935
40.390353498998536
64.90003951034095
18.40322425677372
-20.76852603841659
109.92417635220181
2.054382616945379
-25.34220659266748
-19.366073852682803
-43.70700793862366
-12.78646820186891
201.14514130382577
-1.5939447745304278
150.75649585573
195.16441814342488
114.04869582691936
20.86697838541751
91.81414801656092
96.18455035927036
-111.22566997068498
159.14457806427436
-16.9774775436631
113.15825495859917
43.935737933031035
113.9380611288193
214.67052051968903
-20.409115149066462
-3.6158243693030254
145.19081972910863
-166.725071489353
25.4031423053848
9.435897546870638
-67.20862292942729
69.9851195598767
-57.877397537096385
62.97765419547113
-36.562377920483414
16.738171345019605
-5.323431793789496
69.41866051920874
-148.19991798802857
102.54809008871905
234.27596511454385
80.02738688131944
-51.34236547497221
38.80842458437246
-379.0711313920334
63.482223193575464
-2.8982341972258645
-102.37869875358865
30.506944892298854
45.29431904578492
-254.76344012599202
-12.463788408914809
-4.441518873172832
53.66839543974447
-127.54329312271602
161.74034486392702
-72.32831938041863
-23.15349050060405
43.54461206899946
-24.971200119231543
-90.20167259022406
55.788555335646834
107.84638940555487
97.4514210677778
102.27999006979962
222.4082847920581
-146.20933687993238
9.48361669835731
16.60941316706582
4.777953122616701
32.297280813866564
13.029643421555413
-4.944610783234157
-120.30046129689754
67.55232486381891
15.913174229773006
68.4888774702722
8.76780193833161
40.74125141260687
20.0273553123559
-303.21554650371036
89.12515824002406
29.179309035193455
-77.74089488820755
-34.93072857495922
8.967699737424532
72.24700112947767
51.32899141123025
45.577947865925985
22.326832341751597
16.424977263249357
-2.6153741973803384
88.38317684944923
26.933613899656418
36.08308022375354
115.36033241534983
165.7980291826584
65.51776699423203
-0.9775002861467111
25.628437667735852
119.29926447558773
79.79164812853651
66.96713251656638
-4.3047679173150755
4.564131771486919
1.4862681013597634
-2.675691940065576
38.76253423764766
94.5874743748418
25.36989227346203
38.32231899589169
63.40589927875074
100.15611443965236
93.65265568231098
-174.31525214076737
-10.630064595587214
-407.3470764047397
71.76083165328328
58.056612690054564
23.963484635276473
81.59320620606081
-4.4723245930916065
124.5073759808879
40.459768126894005
67.6865520153624
-171.25799260688927
11.7320620667264
118.80959567490572
17.352806539573457
-0.35570964667116556
84.15088836637278
94.58344329260945
132.31814812416633
-27.836918561155358
-45.568367879761354
103.89124368254943
7.783056611296227
-74.45815907438055
42.80360880295509
6.353275057143577
47.20806526453407
80.47152612361276
-9.182286232653041
-62.92698869575452
-249.2938192338015
54.809312028175945
-20.473585382234422
79.28853092070676
31.277771875331062
107.46928870066995
111.73586616721946
-15.698500318603505
-16.285548219127968
39.2779849801459
5.64155514501212
80.99357370623511
44.75070782120929
120.49494632351752
103.76533106007423
30.220834091143843
26.7565224927643
94.89026404548815
20.58654708689255
51.215233965806576
28.34906999324946
19.99548619583263
-151.3703200752584
106.099794743046
-85.0648037425319
130.3635780144241
-34.64472385536548
94.57358321869833
163.54475649585993
12.614023647361117
46.84227502473668
33.39077228952855
59.20225318634448
158.22278738651903
11.04026454084891
-9.536708484438265
69.5725110443613
117.16274997005257
53.71598181853037
60.350203436505126
-149.08185987556635
56.2042791003106
35.42835735390054
-50.16952226949752
38.38321918422844
-36.308510367904425
21.689299540068077
50.23350419878079
-102.27427932273395
-108.43067252079072
23.094307381955645
-3.3274322476080194
145.7971492785332
8.07966570595893
-30.580766277625116
221.931835147966
-17.327669721112358
-147.07747071620906
69.95112296922434
-117.88406953481535
33.56106202859507
11.089175589995454
57.533520823128214
76.20353435028892
43.018478927981846
186.8294991427506
-24.86959389877893
-119.26828387873502
9.652559941252312
108.97506943613416
0.896496757553713
127.60490686771027
68.66908847168565
-40.48161504222264
154.46027323984526
-47.57167481583384
-105.51505370126779
-10.017560087679298
-65.57697468311517
94.83810820817064
222.98261912717908
15.029109426384665
19.34876782475304
112.27886813569603
55.17262588838682
28.131884087819856
13.191305966274156
12.198233720410357
76.84651083317249
-22.2928511420977
150.32824562984752
0.2032371367872876
-110.12072172955413
14.70569252274591
14.675931435918407
-46.28771461106044
50.3040694351943
1.1316679320379275
91.78929885616063
47.150946572684006
108.79857647619883
6.622974771408654
111.2047288216736
-239.4184192278035
96.71096347563685
49.288786939763895
-208.47064684503857
6.618490981882398
-14.058586537763896
62.34145560117713
70.03791683824488
-15.52332709757306
45.63023035636456
109.798707121304
-43.5171931864852
21.108050851400986
185.54291100353885
-170.43276066385988
139.34241001625696
53.79800712007909
-36.767628505208904
123.52378814139979
47.42291266195474
64.0615999695131
106.82356817170455
186.1329413472272
139.6796106960146
5.8035285501891565
12.649176783243
86.2618120047772
55.56436834141982
-35.204471057778846
-5.510314018691588
-4.2228894507509676
49.78443823137104
-4.382423915245365
110.9643728792746
55.539240996939924
-32.27702945193187
-76.83021638560513
-648.8402636951091
-8.324833691347147
229.02127502783787
-156.02924722319813
-124.68764506113803
144.32213303057733
26.461542256387027
39.552965817961756
68.16699112723845
154.93541743973628
74.47813896983664
164.8692486716127
185.261848125102
-16.48646383047135
125.05971733601814
34.14773001858173
9.234361805004202
49.56975159678244
90.03520363634567
87.77776702195388
34.878748860086134
-51.60488278418232
-97.08434168307122
-2.029082946537048
11.693297933280633
134.8364181094621
11.572341170178225
38.095893231984974
134.21524987713474
58.21056925463256
0.6402993887145385
35.10860647133983
53.48108504248921
-4.747663049156236
111.80690106635848
14.437600974436691
-19.901017490037702
-87.04195875175901
149.86538130346253
-162.72052410551169
17.670627408548626
-14.69136542220573
-84.89329729740894
137.1632029264697
57.997394052710575
50.54793131209887
18.81848084944597
45.9327044563726
-17.18905865720079
85.05811364912324
44.821195109583904
36.44093913423824
63.60510286159922
-3.5372049735039752
39.35235043096418
-1.572922970141096
324.17394889060506
130.58273264772424
-26.284639103499103
-9.804396774663019
7.283656863647394
62.26661317142265
71.7705352048697
-7.934037295201051
120.69045435330645
108.90418754944159
66.03755210880857
3.4045379629112524
-47.55245642642264
11.533865466466978
54.97962579158548
15.670411568717332
45.923055695849044
144.33231279993447
-16.25066132604473
36.277757788823806
-9.951786406739654
148.36844300378107
-21.99458725382769
147.18035873232157
215.12843967008757
42.19198964774762
63.80863121007769
8.324345315206559
33.330948549690675
-49.78029801868661
16.028291194376262
10.577334604097073
12.099802936519408
83.74966518300971
-245.78743460693204
2.342934448148167
-323.6998774063645
70.3450454847272
19.96859198564016
-11.838023224046193
39.27697266512983
47.562277481114506
-246.3232918237486
38.13364220924363
38.821846146880105
59.104332976427656
47.66346935799521
-137.21276911192692
7.538042145702609
102.63334600968187
128.33286589018883
-22.01592890643836
4.659044144131506
27.595424059767367
68.09300819548963
154.89223287770665
-21.152926498704346
-457.623858489108
182.88798105096794
54.79184572954614
40.80556125691146
104.56544945836777
100.39656740870169
-383.20090194088345
133.00445737851305
64.37086766144375
95.16007130491653
35.48995373150797
-3.858072001123901
-63.72307059913959
34.01299523398289
-72.9208498085618
6.301987391471539
38.52407704430016
-14.413949695540623
-23.326033350720802
68.43566467272876
15.786447421926823
58.037696825582316
6.685733444345065
-39.87222855487926
48.902397482343076
-109.34154168732312
76.69626076774477
-418.5935854186834
94.11630161709968
-637.6438076104565
110.82884773879186
174.23340518930263
-87.90688482955301
229.57859147162708
-11.717894894877826
56.635357215688416
89.58338084515754
30.172114953703385
59.88204730009676
8.80291911820595
122.10507950331021
8.154642786718796
32.57340178586468
-37.8066154846112
-13.110582700162302
-39.97986465695385
100.87008573374987
74.8441533689107
71.74626545293722
66.80715293099163
244.3211135234551
-5.921614011274404
19.9385299175702
31.23370951789854
29.897861496672427
23.777074732432915
117.70427316617906
73.50148266289216
27.50129338268329
66.74618962569811
79.44088875047873
-15.866703528957796
60.75762588010372
137.36604185652277
7.068145771527335
67.22057970708056
51.56620721123586
-3.599729778926047
20.39700173665804
-93.5020766466626
-10.038105861773147
-13.11040022438262
49.10198755226867
-95.06154330778372
115.16730963083546
61.201981635291006
36.6394447284938
49.27374401502129
14.423816571804108
10.691388674960308
197.57158859681613
38.615611192443794
144.72305960702352
57.87329664247909
164.88220050607924
44.53516038699631
62.21340104514729
-34.766127915976085
41.018983708241095
-41.43778343607664
31.234920555266456
138.44068560385494
31.41952708597208
146.4234145796595
-37.707879238323585
25.999039550505064
95.88537908758508
120.95254005516426
9.087866427461066
-51.84601264563844
213.8905781969388
11.123339830149208
-255.21468373446623
57.80943079980072
-3.0952497683648517
-10.008082981512286
55.78150056722734
-49.737941341327314
-41.06663022431485
-31.870635916045558
15.63503997467853
30.648253642922775
-126.36330971013558
12.432922105266769
83.03985178231619
64.06867674388226
41.12708472251042
110.71699403364823
207.84004725851355
73.44390644016948
64.18418629642116
149.4902310994264
3.7449313544795677
-93.68599016345843
0.9781409332469385
-6.898573170110467
148.68109948891538
-14.512499291246103
-4.5680192024678945
16.667972146602512
7.041347050003859
21.654720464753183
64.82947380461087
81.50563664551791
3.2933103553384946
46.76878437293391
5.6630620540770265
-28.052542754375395
-34.142561516050144
-88.15690953634157
-78.71369538039926
37.1956127815416
-99.64740843974005
-301.63871931471374
-75.24009510722271
-9.53549841054064
57.97145336707263
8.501519802605776
64.2857186099418
-98.40138415462297
-7.9641193428895
123.59089478093347
131.81083302137995
-2.301701835549268
60.408343220813094
-70.54661971718042
56.421389539353186
68.6187286956324
-19.2916710019922
3.3907293232095412
50.45154700067707
17.73762619573801
-47.723903710445484
26.831242527862052
53.80925551471489
62.96253776051344
103.10859545316879
11.020677337112858
-122.95180926205603
-329.66864170178906
9.002846102511626
13.518318009814742
-142.8119861977002
12.526775257546857
75.98816672544132
12.637431884862508
15.361934553387258
183.3804903887633
74.43315425217429
-57.75861514390965
-5.935085693686915
-33.74199290706692
145.39431111755903
-30.38806110702444
-831.3263761149351
146.63127993736634
11.870924144602219
-57.48183295912486
31.289662204998407
63.09266232596565
34.24424072024567
161.80444321128198
9.957144200463201
103.62446877624097
78.17416376950632
-223.77859323317534
21.95914244285177
-116.47414175612721
23.113480453965167
82.91124635609503
-40.07280858715512
18.849411940520042
23.311627106389096
142.73073901177258
114.7806585588288
-214.23778308736746
80.90386407173082
23.225015275298574
81.5020829401335
8.827966866364687
5.312607122417376
124.37812918654618
22.677821633703843
146.415849007406
-6.345441745647456
23.524320747207298
89.47064787109184
-61.65915164532433
15.054237000627994
-16.265772762247764
-170.81090871390916
146.2547216035623
18.8482050159606
-1.2224729846206723
86.67597964065703
197.55349850942866
138.31773811380094
-76.99916058404688
-37.90595446439426
5.587246813567345
14.073956874553444
13.493900871240214
36.55682386323929
16.80262501465404
-86.74991233958553
25.581018806430333
141.6385605644964
4.373478076604604
-21.466210344165667
77.76850498034491
21.66994146336441
58.5830696996581
43.37975370194022
38.036881690811306
6.126255032730569
72.80990486955704
-80.60068326996291
93.78270121358582
2.1087079467947207
86.05864271858309
-102.43516597705002
131.19825286153218
-5.1912530195868385
144.2170015300985
89.98754666409496
38.481642269378426
90.28203382442189
128.91289937597458
49.46453084624545
64.7301114779857
41.701556138434626
-38.05400847747478
26.270027420158303
122.91619875971605
40.92187610468875
19.65564252057813
2.514671095818283
44.49701215660416
7.933226293143624
27.19118193763461
1.678003242813758
151.51607455047917
3.8610901539759652
129.15475700215347
137.94628188629395
62.62135316026752
-1.5895107337350787
40.06724692950186
156.9933159005177
14.412426934211169
13.135896352465352
93.44688382972663
-25.456713574767946
70.7985365734669
-68.03438850697512
2.576554959642079
63.348115512622826
7.7529520598063755
-46.28267137874607
141.14796875641377
60.581186251393504
37.51391468691484
-29.368241563742373
-7.276826115007528
181.3779277291519
29.293207873761276
28.98692387303936
48.91849075574464
-75.2592861207886
103.71431868939271
6.663697780303664
59.948441876203105
-126.88934042579422
45.64135566119512
-32.95626989967305
52.47090059772654
17.46205505743451
7.19142318816295
3.123330780364383
122.55479280523605
3.591526406955827
19.767471663687502
-7.9597804818545725
-43.23343531428418
19.106310901604708
39.24124804229284
64.17420476238362
-454.5016972562289
-117.24595468484404
51.880783320199015
-8.49634774796465
-214.49309569652723
-25.94609013573752
-4.922286367015436
16.131270455978967
-39.33505203016284
65.39552453908618
71.4749808394391
3.2586347147968695
-207.4699156016004
186.89866468353148
141.84427455424475
129.16576628695066
49.034182478619144
-112.24681405855196
109.47732104121519
-260.31690596090993
42.75766178513364
62.21770649717263
-80.60423057230128
4.674429776980162
71.18776770145269
-37.051179868022246
-62.3298593514005
182.18710452132473
29.708998864625826
116.41432253446737
-135.97231616891486
33.90815991822819
75.18755705154172
51.30647198261704
24.8214187092251
101.01137580553291
45.72312702056812
-1.5324152936232993
31.08583387976614
-0.9012364189636016
-87.24172294772143
-35.37102357240656
-9.153925680255588
13.468864453554488
131.00276719768908
48.43820596344729
33.61697018982534
46.03451900621827
94.50149534050468
51.27177515762912
-76.86123571329517
47.01530166078869
75.26800921003603
179.08349610642063
127.04276005894326
-2.0984609592022254
72.43099979801809
-52.192524409748785
88.65942911189472
87.24048832057883
65.95106097881745
23.142975049252343
-31.32256136213823
-65.94814878865338
75.5736186793797
180.69226944241473
-134.25454637122039
117.4161871639385
-12.223603938364871
5.850808749062708
1.3009477256343895
-155.24423402389903
105.32885329261671
47.269324354084404
14.716030841046631
86.59136051438671
4.896385896410432
-28.370305850016848
105.86388701806436
14.423820094594916
227.6298608972852
98.0692364410097
94.0911192802248
75.42735589385791
51.416586958570406
-30.554479130488204
157.53190310979107
114.51628326785931
-7.176133770305114
-76.93075728684016
55.07565534646821
-5.4862167340523005
73.33215473447945
10.165050999473605
71.29915799862596
36.613056071701976
-94.6009037752953
80.37884928881579
10.81974398706614
-56.594924283138425
-1.8419039080113149
20.627033725058745
43.74906257918377
-16.392443823310714
-31.060134037286844
51.48912895385911
-22.20102965083339
64.10275102290461
9.60063681495285
226.8897235515269
-67.20107890870194
50.88086013215802
80.61350878020585
34.331607185924554
18.58289033843721
52.60588161755396
19.787646352669693
11.930993004874836
32.12679778671718
194.30044023085338
30.93106144754978
55.00003922263886
52.5561763581245
8.446550366865715
282.3607429971398
86.72036782612395
88.42227511953206
132.1243361194472
101.56828516464742
-53.16677300091487
53.08276614349538
25.744364205427246
-5.779129853295949
52.41082338796468
152.32109694481915
6.9209177249399545
31.28552643308247
-33.40001854569164
-7.290495962438399
216.9134594908046
41.01243725321788
58.4139628184807
103.74511563136912
-139.52823480789357
-49.94295632488384
-209.41304386579304
-49.92953626673443
169.5404658242369
79.32339872465946
96.79647640181383
21.393403759875312
90.7651950274236
296.0219480486594
37.72678394347395
168.49924369124142
-2.515347163360713
-72.56695367767952
-191.91447246122243
17.210793392066446
74.92419602157821
1.3661529137930586
6.221628388499882
80.29752510691031
126.36042023717255
49.6028557660602
7.2336699920733345
-149.2082474154895
-143.1859869392456
104.93833149025522
143.82288208938553
-2.606802256071205
12.086503429993627
23.983316337640417
-30.209448368167106
98.97669110251172
-66.8996210373457
-28.99866083513689
11.365238355062502
65.09044375437361
-180.7448559416962
84.38716954655695
55.39955086596274
105.1285311946258
16.30978880002143
-101.50045567880898
19.148689495031704
-27.73481548046653
50.14091385219865
-41.66825853695718
2.7132922471501466
55.97054480657539
-999.8527216790942
55.85036179935241
-12.418173093813039
-108.00907250331647
29.350264696941217
91.9405309482911
89.99815978461447
75.21971295933986
50.68831357328963
51.22864971674494
46.654782948373494
-41.320664206715264
57.743734845476865
163.41250478979146
-503.57452664894873
18.894568509147344
79.47626788139132
79.0002898050169
105.75229077007998
136.20573622423262
93.06193869241235
0.2504571710392156
109.18152142980193
76.2931722394888
15.249715046137908
-10.58655978271781
14.309353995587117
38.2763526562273
60.49842928932034
8.534138310580147
35.72392530035415
55.98474354772554
78.06307423732687
-46.62234169814292
83.32024426150656
-6.0259210148162525
40.21072171155447
-42.899731003711054
-143.31868522137256
17.704693269220577
62.3007815254291
-66.84179959700987
83.6278496107634
31.6599519509669
111.48758434696083
4.245626711839299
6.337631821159297
-8.603251341175286
58.39630616206938
-28.51352782326413
88.4479765194892
42.28934416820266
52.12177581672333
29.742171792793727
34.397704213067726
-26.49634514067384
-43.33275069523506
40.31462026663959
-15.206271761684945
103.9409221079427
29.261027931354874
-13.388355282271277
-38.90776393144097
67.11538933444717
0.24974076524541478
109.71577609193992
-1.1458053713930978
-2.091568420157273
62.37061289288053
172.83236314854275
128.2078853503608
72.58308475264585
29.668182931994885
130.73527544243166
110.98599098491934
-117.70617212165052
-158.67381177181687
26.453258942698536
35.44423448351728
-38.576965383578724
69.05170414386293
-75.7686564885571
42.69287001031506
-74.95763597615587
-0.10271230537819065
23.994445474671465
108.67567269657502
3.7760454847777396
153.97479245634577
-2.176740794982834
3.6775500196304165
-10.43388731005426
136.21969739119777
16.52618018354623
67.87974834836223
65.10832920734731
224.04022288855867
63.310519011788045
55.157380984875715
62.92625317148895
71.0847419551751
80.33537346050957
-190.6095818316394
41.68543679537481
182.14611389453785
-151.92557275006675
78.34836192915054
110.7464412391264
26.952595005359612
-13.757242175957028
52.743724100339136
-178.66790416810272
130.80260868035566
-29.228693642395797
-71.91365732254326
68.68373266133176
44.138010240337024
65.45589111307527
-24.85835306141949
38.725226527214396
91.68732067648534
-70.58175437812224
-26.726069041779738
-379.5877600271533
-22.14046164507181
74.56773803358664
57.29236065869205
29.31860214608797
101.65234684976849
72.39029726481479
75.95060446322941
6.196377818691334
63.33117153103865
30.639026552683564
54.43453821693447
49.46819953537977
66.74428817432636
25.991931291002402
132.59176617840103
-86.67177843568606
105.21135636615918
-22.027355110380775
111.88061554311167
98.60784817936428
52.84674692312193
46.79445333346256
30.94111719092908
40.268829302046015
-34.4428399435096
31.22901779110731
23.616833174432053
38.32486425697812
46.893579203822355
-151.3520479316744
-51.237334571236715
1.9728777304271716
61.48162836964675
93.08023121337214
54.565403677104655
57.09983119757038
115.09925189320165
-53.436663878250044
32.09821542738496
-676.9182196430901
41.23841177328209
96.75354089461052
73.37311438293091
206.08343996597705
-55.868756414473864
5.6408317494655265
145.15720350196034
151.4463706908689
103.45702804928396
-12.765906813611393
-133.18352311394028
-172.80869360730503
13.556629640698027
-22.3117091213795
27.606689382999306
47.1736925668597
-3.903887551889174
87.64020550107614
47.377427289478874
43.604706140123994
-248.12675878263417
65.77129307074654
72.04909086364955
18.820217697917936
259.9098444189549
123.5102835822745
-79.43029638379039
125.61116074367919
75.28577304667223
52.28355610871826
50.087843186464625
39.959959682328645
56.64298169655876
111.97473132822734
20.327845984342577
18.52754861465581
-34.26793396943276
98.93957318923594
15.807512932846976
154.76569117147483
7.614313376191035
24.516338536097507
27.512530366634564
136.972047993238
21.08121179905498
55.349830185821745
318.04508489583077
61.601159707546685
99.19145486173034
26.350857901327664
181.50983932860436
61.52877498384498
51.874007563793135
52.02218689529251
53.91454316442708
-12.851519177936325
-135.81863361659452
25.59738598668617
144.22843280367442
28.825273484812897
-82.32585618127268
13.895856140711366
-71.60355258831805
0.6451134452359377
8.419478203444584
5.467169285085674
33.05193609832364
90.07017226189805
105.46620153665708
53.872412891951626
30.27255645435319
46.10191196040341
26.2885430408478
156.96506025564304
79.8149856489265
95.5473076104704
28.62584510969168
43.72313682814911
12.944215602492436
79.43873815856432
50.408117942793616
40.19580398456719
91.1698068008318
85.09319107471228
-6.494963352694867
-246.16503325879967
55.06545976066718
-189.93562050647324
95.85985208589
-104.41735736839019
38.23362050579132
63.32386656034123
226.71353453005668
-49.59236671983714
55.063409650723315
36.48602693342322
16.598062855637636
-37.92313486178409
-116.61711199879801
35.391884251308966
-18.665256133753545
168.79979361700612
11.125533967574684
23.270671751014486
45.517337073132694
8.314759516098093
-7.111341648203403
-66.99880737613194
-23.01539501077832
16.165881722184082
117.55726102343033
-81.61746780690646
25.8379737802319
-42.15599662840564
-182.46064307864935
37.99116436879541
-488.39504573401734
44.352555661717815
-50.96206596785112
-30.825737481781594
71.24103578960103
-334.8464452509934
103.04814179291998
257.9508714692938
120.6738713384284
-5.664824644998589
-8.049865866984874
-9.450144927994893
-300.5948810153108
30.310399341225168
-52.68279255191174
47.36336628561867
74.18286654144347
50.82854780007165
45.62998444628402
-2.5367551258067533
74.93788691269083
-589.9401810081799
79.29809038300027
20.150507002151187
94.86271223121776
-140.79417489329853
-176.71290049251047
-47.86980257580357
31.325751148933705
84.03253817890447
13.317289942798595
-641.1347509162196
-38.022003650645246
93.92014283097433
63.485882632767314
203.15339664908333
56.028748392956125
12.177172388609506
45.8348656968634
130.16622745763334
59.69687243711735
8.620336572184897
-118.57819682129184
-22.54897889549577
58.234573019375404
116.94950003575786
24.413806836720095
4.56297970460264
-12.897400803491148
-31.490116858232767
-13.903662879580452
-10.703146966281054
73.13026165435804
36.80320430491085
37.101357268775246
44.92190999574612
20.451580527914757
59.4460221070467
-73.73212708523468
96.33267415503292
33.95464714226796
124.34354706265049
3.0604641721004935
169.85264739342256
189.16285471167703
139.11733356358218
94.38560656594575
-49.827018185927955
93.98311869274175
22.428847369149874
36.40039703140428
-42.603997338311274
76.28373477357968
50.393720673288215
-322.1545146587723
14.495023116026914
0.9931604488493235
18.363989416198837
225.63664829254913
10.857513738033873
89.18861566029636
120.40767476018982
-83.0408011909426
30.05449251220861
27.850788684283767
68.8652857780362
159.28178179930683
199.29173324683234
41.69885545008384
65.97488568855442
57.4684347169441
65.80318064405628
12.048823939899844
-17.81200134542496
116.43052106787172
-32.39099260540115
138.41525248177197
51.354927360086094
-557.9465915950586
-501.2572656937855
-332.39193180643633
66.95471523944002
7.972685133554478
119.62665716899073
71.68599813953642
9.633022498335322
-64.60732358687515
-129.777561497241
-192.23365419579477
-23.972042917423096
128.59752520243956
14.82189826026206
76.67863005737627
59.941232431363005
115.08162510625425
92.5498270649847
15.600407008251295
-234.16591822796636
15.24744231720161
35.6557928661058
41.784058283517105
145.96034635823708
98.54811309020988
109.26120265710279
181.1052512667029
72.17412562846857
160.33247560812924
39.6762014634011
-45.77590591776425
128.56379205651228
103.1689354134096
41.05996341442926
93.36673197501446
15.108590292265035
-130.48684882319094
37.15614350937809
56.34434172972169
-64.7006453603808
-20.627147646918797
26.806435869286133
116.10207459710091
20.806480136765643
12.182969984955585
46.71109528450006
38.57273416327598
39.69939239523451
-186.0726624853487
41.74267943562336
78.36514959431315
-49.425746214954415
25.11063572315615
114.64146172301776
208.4433127684115
53.675051624526716
12.578996677090117
62.81835172340574
-12.135564902341779
-65.28033147522046
135.4774378288214
31.206329683964213
-22.666191271210664
30.248408358273537
45.373405010841566
92.27837572589374
87.74711895457699
86.83822412133532
201.15934211721606
159.7322684527444
-1.7659125547598762
50.247039793374455
85.50906052849217
-59.33910164357218
29.04410598639051
7.59837308546912
21.70640112311624
31.45774310310378
8.124080907235111
-204.5695108826767
79.26793501516602
105.85742681197075
115.03525008681163
-113.27904158994261
-4.128313134550713
97.2449774003835
159.41927940451887
23.715897503371252
12.817251637102162
187.41478528534935
-157.4499550360847
26.719706195778937
37.4632926657132
4.410121017009008
154.4779089580552
-56.96215188735914
206.7999572445783
130.32020694326457
81.89658566883725
-1.1299504937732827
-176.50346227627324
-98.58178314816632
117.40400135721484
41.5635418820784
114.88570622136649
97.26439364297516
87.98461862491854
29.485160459469853
-7.42275807430584
48.09383176462829
-199.1136845317651
9.92572748417525
72.03992744248171
40.616555556771175
60.55249209350012
13.359510072619287
-79.37255953426485
-47.58835980964977
28.701586126413986
184.87376261557256
49.94996062703376
-4.75768123118678
216.2851075596684
49.88015871096354
77.96635240928332
101.27232565673239
-55.870145936443805
117.55368343005944
-45.76580200999575
223.4345933063887
46.3219105614221
-8.865199631703588
-27.082731686133844
69.37827562098988
60.57776108099142
7.220533266049642
197.7534106597027
40.55881830726686
162.47952455594577
11.286840842431502
124.71947921383412
21.52314477461752
-291.57335801518
104.7473493475477
56.852342516852275
45.1259852022167
15.39776587676989
-6.303427656602707
-63.295328695396165
1.9066827198640441
30.876553305621087
42.40421104390316
-76.33691436377467
32.05101095773369
-44.18234636517818
5.490822126511745
-1.1274992281082632
-19.24027987034073
59.948660033930764
62.7879254560944
16.11750547424751
46.78509983574918
61.590016571567276
95.49199819086357
127.98064859909846
13.33611807394676
-37.06269939921003
5.570519989808558
79.25668024057927
31.540954998634298
-100.09804277555912
102.18639904073007
5.296430872099279
55.26163136149313
30.595276964624247
-2.4047081002726802
92.00921849589395
73.73690172285183
16.919334103051963
25.45076942459061
-39.438846950337336
100.85888550360676
52.11805572322241
39.52259135635229
32.13395922376305
12.210624910395566
39.74077673718585
55.21562217217265
124.6349384625355
56.492857139277476
1.6779051492294954
37.29232813582912
50.81881559943899
12.738164951072577
-25.207409988435025
73.64323657366106
19.71388312601266
60.78705757912621
63.108290886379564
46.624699161514165
28.973109990662145
0.14555346605385466
-227.54704571501406
-63.3374110883683
118.80676791211067
-21.72284519577996
-14.197392202365336
22.77782112471374
23.867595933477624
98.40179908027085
85.31051626790304
48.505138700151065
-1.6448046001905823
50.624749858330524
65.17319237567312
4.569404001662352
53.96011168963514
30.097669347635982
46.259734876524675
121.20030321818467
77.26391566441907
105.3369852394938
46.47772756956738
30.90392655696776
-26.301675518209322
68.18942654904748
82.42752508580418
71.34236849233133
-13.172875966897664
101.15023674762142
77.59547230014414
23.987468011181065
18.642098580042347
1.0381121600326217
29.02290591781957
-48.443322072924964
131.87746076273356
0.3150822835896179
-272.35712239324675
-158.5138577465823
-18.606897508292604
1.0277017661449632
-1.8981485881544709
14.18297411226725
18.381663536819815
70.66082240454887
47.74538489416784
-19.679858928576397
-1.0958005046763901
100.81921604248964
63.80537425444869
74.91419297151481
68.14142533189897
69.02081521818218
61.75763669955609
45.13780660638912
-8.450742195889385
-33.12604369469045
56.721084107250704
-36.25723421254952
54.25571854661166
-260.4478460355463
-41.965057078506675
5.163004515385296
62.433233197296886
66.39462190458397
111.17709692500057
248.76919064472986
79.37313655746516
-30.814038042116806
86.1952797235232
1.3821300818471831
-191.33872205809894
30.9217784063203
11.18632872518933
35.57793825059669
99.79789574749157
6.361145419108955
45.11932659503372
30.428977497150136
119.37913384294666
7.015204753435626
27.37445378920438
7.887378078762923
35.482171459437986
70.08229407809631
-41.41335204254665
-201.29287753972153
127.6306053240769
48.92638374257908
9.224423487224385
-54.90359702630056
99.43099801885819
49.35662655735359
127.51491139156678
-63.825832880496925
80.14775774272523
0.9332964679856729
26.606778110047184
-0.8369867405169134
59.75996720546141
7.755523620968607
-11.368063167579749
38.45149474274422
-53.731239664290115
34.007251856111566
-98.19391792185017
78.22115085289988
84.21854895538723
106.52017136489246
145.70861311068097
78.61373972207394
-1146.4520132898779
12.273786038272435
5.317496059793939
77.8429870944351
52.735688785703175
64.63726848486418
-39.115662017489285
155.39189869379652
221.01677469005608
8.141064051939082
82.28836517998963
72.71216759355343
63.865259704643904
83.49767717623354
79.62522214060641
86.37637280717854
-39.148594990907895
-69.25144816861575
27.113964563066144
105.05621426487278
128.68989916364217
87.60845261441818
43.7922366073056
41.48467239734475
51.44695731278307
23.42735377850237
-7.286939737853127
36.885708709974175
11.176153959590732
10.371133275355307
-12.451309957193473
56.012545797686485
11.16100100754843
96.01881635207269
38.70175738717125
191.8568209117352
46.190129666265875
57.62170935770172
45.320187808453284
-58.28061276021208
176.560231461169
45.550148807575
-444.37653451504684
113.62497113375593
5.1889428639097375
23.315409522385934
-99.00964525319205
49.75907872519708
16.146748601184086
162.27739431094778
261.619680409146
101.11840037073853
-142.92834830198808
12.415786240278045
45.55540635759863
1.8644429838191172
35.497152227914285
100.10141178156027
-79.72305239652496
-3.524578916162456
-8.789262020068236
-10.473431322687446
-14.179354437902475
29.81846716462696
1.356428956916325
66.47643315771438
46.42364024901099
46.853909320182424
-2.715851196146497
-125.41665297909594
93.1355842833068
15.07492928746251
-70.26992546555039
-72.70257419020572
73.27199472748543
24.72101912769176
53.755180458495374
132.631132752163
-13.569354648304092
55.71738576939788
30.275186430496433
-340.8156710170715
8.465750161405099
-12.181208732643427
-8.374337025991736
69.29231297812339
152.6298264862005
4.9944042301217175
-4.299149871351801
-48.586096938733405
-39.617689111070376
68.27947458027086
-155.31698177135604
55.91539632806143
-13.40667033700083
60.067094684062795
-98.2600579093496
-46.97277493072761
119.79253151258467
-12.87871898058832
173.12259391874295
5.9442754717882265
27.308549089827295
-0.20816779211008907
98.5276497867527
61.039561336847555
40.36630329587882
85.73310583890634
38.48416147034504
2.6104505948228507
-24.023418449810976
-30.663644059313867
30.640553458472823
97.37495396623399
-48.544895644851294
137.9714459246693
148.70296037304797
-92.42599890489646
46.48974465922383
-1.9188248286293834
-13.304006937130907
-210.47981822148995
42.9048757566934
-64.01550885066618
-755.4124248898206
81.37852309155096
7.809921034470044
79.7685704156479
55.59366542297357
-5.708260007239915
79.87127014054151
-5.796641963153894
10.772404634227023
-78.38068700027725
82.29228450930896
30.370801418207666
-20.157209574025046
49.10865207135339
70.8003489167092
36.69470722140204
21.595364466958642
36.24172339630104
54.5293391221
82.55217830314723
10.605475789159781
26.29654200341439
49.01374104277829
110.52558780984077
-8.355670845683562
70.41331551582394
39.804970243655816
114.04554985896675
163.2562818817737
-26.36247000584308
112.75879416284408
-106.24803588741224
48.72492210954763
6.984040093245312
48.63205194355157
4.999307828255347
52.557159288979506
-6.986947627312716
80.953865395908
22.15887573033646
-74.53936944898715
63.953844019983606
89.80216755114054
75.09738906559792
-55.370049016472954
76.40788658352676
7.586617403175296
72.28594235865978
126.00801018431957
-37.46814430240169
44.14873007287815
-160.01421426069192
32.689280369746974
90.62231723268087
-11.055046994722034
21.468169691976243
-64.72309342010456
37.49933697340274
-92.43725000114682
129.7259083498525
-22.414178020920144
-53.68010909802888
27.192825846005988
57.035248552473945
19.73820823547925
-121.98431923444366
41.24721397054187
-174.8797128365445
64.28865642834613
-33.07685702389472
-44.138119855448345
-10.770119385825376
112.53167322156696
60.00391522949165
140.36015573422264
87.62027455887278
49.52849403415413
131.86636856038695
-4.020256479455838
-351.8047189490053
47.82268204766729
71.8060469408357
25.39307456420657
1.6601216055289727
-876.483372645122
3.902328895584984
88.84908598847232
24.198020901070777
13.978265787901602
79.6218988539191
-4.474543141960112
42.07988387202545
119.37384409478477
-44.05754963195642
21.833597174859992
84.97936271695608
68.79454040765341
-6.485219791351094
-70.44193268119125
160.73045509859617
-101.93111118765546
1.4207225115042093
105.74914423336327
143.05908263695846
51.36993813167076
61.82049314199776
15.807228889775654
187.2072156593149
25.81630000429368
34.56222652498877
56.11585391084587
92.53200039400372
36.43378623381972
25.98430855761535
148.73348948310286
47.25802428609002
-24.381629290490675
29.815155400636286
33.945800721464565
-11.488158293454163
2.7230381736187246
2.8508224831191455
46.11463636732902
-266.27117113189615
-7.801238435299854
7.056808487286617
-39.35502791158342
207.02701638320877
15.456539394599831
163.02811109353252
14.205826803819374
-72.91605955720931
97.73995954300563
109.35104783507177
126.5984387218532
36.1269730621754
51.121350935583905
34.77786066914575
76.96625424773356
4.455281493509757
15.27513848484871
-373.41139721967227
94.33572717076322
56.71020110026757
6.547869855526659
-131.19959570783567
33.55289572259062
40.84901632190634
74.35986881988359
-18.185972695581373
-10.636557208767954
3.3320488680155904
-41.74692705892949
315.7529937533609
119.6243987023654
-177.84667529151693
37.269398223945245
38.6726979779912
51.14470659744029
2.80992754551653
10.34022337512235
57.63589635044553
-37.25137573532629
96.5828594828356
128.69426065292328
65.94768674234655
57.60302516706952
40.38360881031801
36.047349872278524
33.621313790443054
-41.55067546975988
-196.2142560089983
52.15740255731487
-125.48890019704959
-55.97546032994067
32.09238806657543
34.40159287015035
7.894084053455174
-105.7879509163804
90.38379780921605
22.50119604312067
-56.23051363661125
72.76179722251754
15.151061849167688
50.93312983248926
75.9719058584925
-151.23888377845378
-36.362237833659506
-25.906372205587104
24.65409825761597
40.422673303265924
94.70522100978951
-48.11120688798246
202.81000210794218
-96.2734845010541
8.658892793855077
-85.86305018008807
46.55333493218342
44.889783010934934
-55.7763722316804
-43.860872849973596
-52.35188252720724
24.00620582737156
44.74837341170942
132.77000881213235
-51.761884208735864
66.96790682817596
7.580061382968845
51.06806512852344
41.93075987507817
112.2805883700048
98.83351991479117
1.3204329738263134
-35.81475396455283
-6.471701330326141
27.215227943684816
280.5780419800799
-39.296750233830025
36.81939594254669
143.24808904998872
-206.30257244405493
109.76656376849223
52.9539621384547
25.202443445788113
158.0972580825819
54.75340308945604
81.58145975156162
-57.40921325036764
37.63907407696507
37.27136978358648
29.66694796685132
6.859234369378555
228.50107341919966
60.96207235481671
113.7417726455501
85.61492543825102
-117.36693101464289
-56.96976467391869
70.34119447545402
52.8152062628219
45.73314216179262
26.691036983410278
53.72333456972319
89.14974337710737
-129.92619470327463
136.71682324672202
39.8246268567747
32.81165003179336
8.426336590282972
90.14804873031972
-28.153354887211343
151.34009588432332
-291.96345064680236
-87.07592456114662
67.58709323484527
306.309764395588
77.74684131913045
25.631728716689167
29.639085903489587
-49.41974207271755
1.6172823301363997
-279.9746807854908
122.55365916620121
-62.83082072821526
45.37138174442816
-75.9036228908999
73.57797281536887
122.50457256712366
59.43560693440401
-9.80192646051509
43.02342994715933
95.6974816227546
100.87425800851088
-137.89090351170535
-7.7832495557395305
166.05806569611013
-84.22739996968312
98.09662193800705
212.66782900669705
-128.9584012731998
60.91036728340441
-252.73218549984085
47.367122180775596
144.65885381895987
-141.55385837766516
27.73975195255554
-495.6718733222619
-14.251979106816133
-255.06366812729493
0.2574635667647678
-653.6819584555793
81.63700692283308
-79.35950418158927
9.001715192846945
18.620312323520466
-23.77821448253735
7.352927567393701
118.30849623968356
135.93433109795524
60.649118310027816
96.61036690447736
-282.6557247873543
26.97238863669737
4.816935367643665
-25.49100507830417
36.18793340792607
143.01840016172991
133.18080371116775
-6.096724645217364
127.7521403323849
136.3973338506603
69.24247957498119
105.32137793617858
4.52597624795294
-167.633952569131
-131.57753722782127
79.3638524541164
39.77199636741796
78.34585617662742
176.44328031989608
4.9549706526087505
30.38780070930352
60.80783580031084
116.09613782780389
78.00663152956321
-60.90784040531071
194.24523697133554
82.98976682584566
197.41442498227957
17.72976696218339
-106.17381972622161
12.295550078995023
-22.10612192552344
40.04215062982708
107.71277957182747
-0.3093239499221454
2.146891938873785
36.60673825725701
65.6047692398032
-102.1193931394273
66.49450843272689
45.977748487833026
-35.496179186979134
-8.960340119312178
-277.5756266231665
22.498130247584413
-120.57876018033039
192.15613922176
25.74703611633568
43.697121512089325
132.61176460252568
97.85451450694927
-101.78255458992135
-35.53995924867513
92.88561450697898
29.001511184785247
28.783412460145023
-86.82270820259419
83.4194592100302
16.33809398067359
-13.73888547898691
162.28268629853983
53.47157673698706
99.53359630435796
-66.6171923057559
140.40510119890325
36.04670514807264
-25.430047451341625
48.62461911823948
61.78725618332726
58.18749875742924
167.67105598340186
-109.74347562609728
-16.99072019276594
121.98402146032845
176.90209456085813
53.36742304179094
-0.31938754272641745
113.2211669901344
38.9616799890455
36.05505541394314
50.777308162607866
-19.422563270893008
-263.1927825955672
67.30376670452779
33.57933566056685
4.935324027544993
26.039252760268496
-148.21253118410036
-95.36798348951879
27.1871914773991
48.08989396248944
188.67822262088566
183.38276021442744
-272.9715431204904
124.39348860955215
57.45430277533829
-28.692873329416766
-30.376039648719846
-298.6154950859136
-2.6341867232126788
2.280043849794879
-139.50657546250204
54.50563127843452
77.65396971120913
59.529127255917885
103.57971062333354
128.4337964607514
26.1665607137256
-17.854540488978333
61.62930649134867
68.60035233512735
48.436460132339164
1.0939706895476276
-1.9779843858636408
5.832895701680825
-18.233768220348793
-56.21533026906559
-13.045700274979566
-182.1452736166466
19.93002694814095
-133.26649895032506
16.180191371508954
29.044080937703484
100.82579646820341
11.346802492929783
83.86275708513881
58.7681664304937
17.853146484933404
134.04565265850033
12.634891429963062
41.419482574458016
-118.08886464631325
130.60073257887234
93.41969388729945
113.96881665305136
30.705471631084947
48.00190593707703
-170.73683940685441
-3.971966913145559
-26.632007711645393
-13.165581784827282
129.3677753483771
50.931498497216865
-41.74386133589741
42.9771274159184
-7.291262258228471
83.63263303964823
34.2110687036768
67.62890012775006
54.57383048484462
162.26222818722454
78.31871877513134
56.04588767238238
-18.091507094534336
56.51431233217227
-104.62510224679772
70.30492593497962
53.54924523192217
152.67306786596328
53.16374909724527
-9.132506584419389
92.32373212177993
12.814988460744742
-7.667012562653042
-268.44902948677645
29.453840418334845
-113.0825724676215
24.10028001029465
-199.08370989590549
43.62078898006075
36.57085485717698
61.30316378858515
2.97936505568224
23.94177820725973
130.8576410640826
13.381722321752022
55.62281758865129
86.26585920917933
9.24725268069575
128.5611072403417
123.19448849773471
201.09309076072327
127.291544305549
33.62177393901675
72.51617660813184
32.48229642932721
-26.228814785972293
14.403655023806351
60.809364429463116
37.92711994393676
35.31381796389633
-468.13154904045587
-35.43812263575972
-47.82185672946025
123.47776044822831
36.53064514271796
110.43042290123935
-16.60442252870753
17.47011592013706
153.87020681939703
70.10949971913442
-57.24957120709496
-197.43526353184006
47.73686381287535
75.38297677726223
-6.630431710501398
23.610455869973325
14.504658677214687
59.48599665037365
-15.491066606807635
140.52739830717746
75.76291249785106
-7.056858235310756
-180.51744185141342
-81.34558445692687
-100.36947997550669
86.89639960157842
26.22765604526247
18.098214896208535
-38.65381939599138
72.88703840310882
75.25523526898269
54.89431827693488
-242.97545516167884
-18.67819595543733
32.960211147147234
-3.4934147009407748
34.946034412300335
142.2294531662153
-62.79515902297312
51.47604195900203
82.37708259071087
-145.16084627282544
-7.48865007272525
56.399790097530385
89.48199164160906
68.09341983446166
79.95766749616699
48.612105229357894
0.6537016254590321
89.02733021180075
-4.259678117218073
34.67402806581301
94.50422924219129
237.86982563632864
-146.31422543480312
56.55764204408388
133.3155178213192
64.40716029548389
120.29201642255839
21.7052595694812
84.90643938517997
-26.922256263363124
58.25044822050344
29.698691246930593
48.6358039743882
49.39734184169774
172.95917025689505
24.141848668637977
-6.337616356121089
124.22106294981131
-3.4504352371213827
2.286613798505209
162.0548362840948
28.320335621976824
29.999084346168615
66.53605131527047
-30.348535685927168
-5.968436734479667
-34.755861745528975
-20.937397892539135
39.02654179393812
56.745184874237566
18.258838228774948
50.82126648875459
-6.4584636064914775
-41.39965874614601
-4.875647828598287
71.52033390420934
-99.9598425826307
-15.022562202623332
39.231483997683426
68.0698136801002
53.934754549454965
12.532829382108185
-546.3590229955058
-41.658159462286676
155.41030485863848
126.56370223483964
19.442939128439725
28.587482001581293
170.87814352795704
16.125121087062265
40.54957537119299
21.128904118665787
21.325667068713678
60.84410152991791
65.14158128598729
27.91990578493106
-265.90474671758057
62.9961679941207
-8.054954960727532
74.06819742079574
14.022999971616064
-0.2187701941005524
142.98050121574897
11.2363188686586
54.186889057982626
98.37380942724303
97.9682231382003
-129.9478650004803
136.9734171297032
53.07991382732595
51.0873306425693
68.89592287720859
146.71051239192866
-111.34976995169791
45.61546729505608
-61.25181418918601
-9.104514804543896
-3.534547290307497
174.36064363343212
178.74262541204598
96.97823841302557
98.13383286385806
-34.3535786772718
-201.8343842174636
119.46896778278096
-541.2078151441419
39.882232240632675
37.21053381526568
179.05021055634597
-42.94860650643804
-19.268458938245477
-15.368709056797751
-24.809196030488362
41.545697901294695
-594.9433740122483
-0.8211545731933256
-1130.393171005519
-98.064178418334
150.28764459448826
-24.906818200771795
168.5456130304533
165.7631712823013
-80.68258805874257
157.41616001074
84.47539506263598
-142.5344714713492
7.487332676748338
-15.993694156706237
41.47363670387642
-116.8506019577153
2.0870861771076865
-62.50599791359127
-12.911287552919248
16.834818286183737
43.29922007679306
66.25157785612987
71.33909351966793
2.4892388046907516
150.34003055603353
-6.561762934470607
64.16192243329385
74.4769734729693
114.53551938553278
79.79150207167277
-241.116264427048
96.40816280875947
-227.7828651952491
49.416325711979766
-203.0474845462404
69.91039443616344
108.32121230991334
80.24900897910106
25.638247179465623
64.02831969015833
54.50786804938787
99.12968910272411
90.23771392422168
-2.72560748760543
155.88060434905537
35.62711902480309
104.94917244398857
48.65908517238178
34.97505041892258
-29.871379611472094
117.1394378147819
41.30309345552814
123.82285274814058
-18.641803354746287
-35.88833776592992
21.44968601177925
-21.058959948682965
62.483039737958734
68.59909274164932
77.11836250817333
9.484725003453473
44.162566541079286
67.38415372707205
-9.505592287641775
-95.24282030158383
15.78765611333042
-3.8645016623770987
90.5852309880911
59.898723684537984
-209.67210647557567
33.191555770785754
-44.89586190998263
-155.42810459830162
-62.56536788324419
157.6321112479227
-123.73198261501305
-592.2532201998265
101.97547817656755
25.803602339082772
63.15910599077779
53.01235933749945
30.531880361886067
-0.5338806484447867
203.98415194858262
0.41293737426950305
65.60928750226503
-32.46097482107962
-27.749089939989283
62.181141834448866
88.602430484921
23.67902828354869
41.55785998497372
-20.780466265306828
113.86906110495147
26.230987655385743
0.3605409526431206
-62.836403964124905
-12.990663429519373
190.3076862267053
-101.42964231447877
210.33106843649102
54.642775135350476
18.497473014274505
295.5020381251561
-50.605655749361134
-137.26285054861455
19.7075304209188
42.790102416281684
-101.29662887409722
2.0478135682415086
48.21263417007876
73.94553688987006
17.68100163013862
417.8067590820274
173.06289343465824
0.9148452002326763
79.90655477916835
187.68375033330767
65.27242953055065
53.32743001128463
125.37859804498476
55.66858586325719
26.80959297442439
-20.827125920372964
-14.517040844088775
82.60230962604157
109.84638860393716
71.91416729486247
7.351640961353951
131.9443544572531
-14.946600915859108
42.47545599323212
38.27876380640828
65.11530193226685
-197.64268490754512
36.58353716227944
38.588775888491504
67.55673840492284
-5.669048047714299
168.03509673232475
-53.23294492126024
140.58039604372743
-4.154345736821597
-82.30465903864024
15.703830328405218
49.53782326176089
89.88539428547301
111.19726411051397
23.207159448194346
-148.91163928474134
46.56134934155595
-14.965674634781863
33.53078557776871
-0.8190309299255318
35.8655128039794
58.31641622606817
-6.360872449179396
48.28482954233972
71.76577993307717
27.588576165645378
89.81945372114797
112.8633145893291
22.4216077397166
4.452449305017104
-153.04091113898266
5.788678734674997
120.82135871354035
-98.09842740551449
-24.79382618413956
97.50126618798004
-19.89421938378655
36.82647747362125
-664.9276634937579
229.091631933421
43.07157976710948
-212.1577304073785
0.38053919662810515
47.808980894582874
179.3899051390872
-204.41640864154397
46.71962198541732
36.36857856752576
89.05108744380766
-22.647401241219352
-105.78180894366778
-226.1910489704078
5.2003688424285395
94.58088246614636
54.68762104002508
-29.497755151317513
-44.492024315117305
76.9507255468302
-124.30235673993047
68.03766119285024
98.3825414624157
-5.997350144376014
-57.22978177935176
85.82841181852928
103.75575676268568
46.93688431328883
9.669587905519895
-1.3257027039261828
24.46665536161227
-12.729429829385982
-23.8344028233073
-11.126347414538824
24.466170898184615
4.796540155374956
33.6557829677685
16.77848491508439
84.42275452427566
-31.196702849488247
137.6357515448317
0.34338198977493906
-156.39448587351944
110.50099911622283
92.73420693264802
42.92645118233395
-81.10312593679328
88.18713348989422
-71.55221606576333
57.9348601378947
-21.335263657823138
172.72002816580607
-0.7620603973721575
-38.37209550936768
-114.55906036562011
15.295091167593249
-5.564097452992883
77.90837871227927
34.767243540512936
-27.700855266359593
-111.14120177593304
117.35936782575436
172.00843161683088
-15.726612680287257
-28.39075704645802
25.353456840313857
46.493903426502584
-7.48699873566919
-42.718521146119656
13.588034737739356
56.161235060855034
22.792014238947672
-114.88021652488442
-166.05480647855165
50.01876680671441
-135.52866321156034
88.50030895017653
71.26832958308387
-311.83391664463085
28.740462523489764
65.23146366352252
44.03358133668007
13.360459212188074
-131.38823189293407
40.7709186512443
59.525677175320546
87.18132645578817
119.80343468015735
97.61226786019193
123.84933383053476
-3.657968354458717
201.82938586834666
35.59755154270598
35.59610086114244
30.531062644653957
89.34151244718953
-33.52800579608669
61.358115333385726
28.10502787814403
10.503346733288584
55.72065421312021
152.41036103985016
-6.644675352491538
63.9798372399905
96.34316492711969
-0.8049587262817113
-358.0763106580016
85.27487667566754
71.63145185345317
73.34280191627204
72.92951990225697
-4.586667407101572
-138.28297507828893
27.347768058115093
67.4225260757612
26.98967014657501
-106.84255077836224
-50.93437450761609
147.61037990375644
-127.03470235973691
27.069926089036016
-3.1494496311016027
126.95016752865877
64.45724668307003
-25.143452935219557
173.03781070805053
37.73124231176507
-91.42406029144406
62.20157325897799
36.874481599344335
9.330823204354374
31.210628928512474
-91.45458309494097
23.67409546431921
59.91505052743818
-57.867496345440486
-727.7474903221531
83.57284017488325
89.28083832010725
-12.527271463334767
225.7478244532067
-495.5724641634742
46.70655463166189
38.75566770303578
-196.58942157853653
169.15733145177683
-9.684477871092163
81.5599866522034
128.8195049727301
19.915129373372565
-2.827311773164638
59.50157736815328
36.90116019448533
7.608101644579016
-8.211889289128154
-105.28221389240753
52.81876281347841
48.41452189919203
97.55632051273255
0.2641417915023273
124.31312354003376
101.26877473033136
4.924368053411067
88.47233144916947
-2.0636545278315452
-173.59259635825583
-120.9839757110758
144.46151208522087
178.98301247870722
24.91697979502237
91.90321058230938
-21.90669466133295
25.9387580328098
12.312152577048776
15.701977655837595
121.95805909870364
145.74104548888226
110.278139290549
32.17872114530414
149.56802999560023
84.61518618809566
-26.154586811596587
-3.9296764495029533
40.14952771552254
52.55877445973094
18.09567363772691
-96.36229476240987
44.381317665031716
-18.266576450262736
-16.24680049448547
7.137730996763626
80.27896265288518
-67.19488750808932
183.47729678720862
35.79896190351742
39.775607755195324
26.341963982162945
63.44230744972532
4.938887710725795
24.14594607978387
7.6873261503210415
17.21412041426629
-2.3185654659414467
-102.42786900203373
147.1269057566783
52.848949739693296
100.16662838061552
108.46193509416526
116.11297966068128
-119.8679407574823
-83.25987118026569
13.468070835399658
-3.3857151953783777
141.9333874594222
63.22824953478633
64.47301665291388
61.535124442857196
48.476305032513665
72.07432166042184
30.472191266952112
13.057540348564196
94.30489090667561
-4.5759651293237695
51.40346817610521
-90.94459547975472
-255.2796170174006
133.6128383285827
15.816152082878801
12.09677503424038
68.06232360896115
-142.893140124208
57.68343552626793
124.22768784094103
17.34793675619494
-94.74364287143271
201.02433050584386
-81.43860454093601
83.38646636079409
45.40669978580972
27.485150355292742
91.84070162808757
-63.79206767424557
-27.197214770200844
39.02068556736549
26.497007782205834
69.49022438956743
19.200879009172706
-43.277442448869806
40.9012216531799
23.858282048165957
22.610306422347094
-153.99226698278017
46.01395128132261
114.17617095803143
16.2653042584526
-22.101507037493086
21.807833664173298
85.40844595211775
-169.8380912611633
153.38481270383227
116.96551460673209
166.4434668964509
-68.46732020171112
79.46406810279029
41.27881068698816
-219.54059641870617
-162.4760774849001
181.13580806303798
-81.09792092770385
119.84600762896889
126.40457615729224
30.29906220491121
133.22912335090973
-421.95945546674665
8.413939408179886
28.427254047318257
29.377376508128265
0.3322816181233466
-182.37572525497671
262.1521995733224
13.70979123300549
-0.7137382013815484
87.5978403826698
22.198771811072703
82.39927981403866
56.98555434197058
28.31161276844803
136.2009022773891
-27.975502303483022
10.84563111693069
-79.46023832188848
-40.92015345637967
36.36973492673759
143.68945889009638
-3.667708104607028
-75.31203429462941
38.26058847340383
-602.0695414812521
-10.74621527493855
76.93190604470306
-69.20818087363286
49.53444960786119
29.230899574523935
9.064842149395991
44.593831788679324
-0.5509962094027046
1.3051020812090826
104.70264296939467
18.747068357797446
12.735761872383284
39.23800790080937
-11.218381338449035
117.60916988051622
16.281873213326822
-15.950148013415376
-44.14126489778634
-18.16999240117662
-8.233648239757713
48.90815239204778
75.68042279735431
9.915319317208489
15.18862902542862
44.43747362457073
-30.02787112840781
20.800668678716274
37.6244013706509
39.92292948912013
44.75701217804908
13.507427489495768
16.754089364516222
-735.9211170370436
34.719207683176364
70.95377831059524
38.09283169585893
31.85186357455777
96.38355881950474
132.94772361440664
43.03567942862259
37.888212618820944
29.96095036554613
48.188658856489354
21.063823623773544
12.522879818719968
101.34969919468995
5.6894909663890925
31.297277303926077
2.5490163549314673
101.8465431270954
36.40786542277102
42.740554033313344
-186.55043394984204
-42.80138111875322
30.96082113986182
54.87362416167457
70.71671745309413
75.13439839248392
141.8773633593778
95.84672548454296
-53.588192873765365
-16.052844129202555
82.6684354362219
53.80244840233081
70.02699098343223
6.304790614360889
66.29664417733136
93.29218963124049
-739.7715692649081
-38.40394287523486
86.338652926338
42.48553605468865
52.84995830649959
76.35291495514139
-74.11354358302788
-18.277093086778336
66.20916631378918
424.6765705047651
-1.8164034628788102
10.397922958515295
29.702909451459252
-54.97833784796529
24.013695699595587
129.64606715301215
36.188215600797776
5.048431961132788
34.38415531507658
-12.508963185255652
74.8596750725591
130.65757477172883
67.34025912473362
74.06399784608953
11.841023243548243
4.34776200462764
-21.997593074940713
61.39296923285019
-168.93863420842717
67.18786930091073
61.8481676206154
-12.395011780060784
1.309257346437235
1082.616538649815
30.106717154195213
-6.978809000565973
-70.30763466040526
0.4408022960897935
123.06850009551272
43.76996198026745
-77.03608318159104
58.880368885237544
103.07054044517122
-172.01032948730335
-213.56426865533103
-126.01164662430413
34.48740677190608
-52.863220134124276
-43.95487513819944
114.554159632552
21.28300026233214
-33.48979120871084
-35.955507104737535
110.41078747391475
87.92425159831646
42.605772060128004
9.55827789434585
-120.98707687013166
-280.26686659937695
45.462979027765115
37.66367332469318
49.67665041182654
40.05765615790813
90.9562747105274
131.83430296826327
-85.43263437427368
53.835983832693465
54.77843670321071
77.27887947112197
25.362905986287387
48.16761282944932
116.55788007588262
148.8864547856474
30.372243015864544
90.21334980583333
43.657054530487365
78.0605636515354
39.931131666556595
85.14065337703414
74.50756917049603
43.09364292886406
32.220493832304946
43.88059125613239
85.94542706658774
-42.64077282727715
-220.05815961194094
90.58586938329245
9.355579832904999
50.43945851192973
86.75839333190743
13.734572895415567
148.7510721075762
42.51084182345156
67.11885350580633
-143.3928278421854
41.914064813330015
49.59383679138299
-137.4073917726446
-65.9506247552431
65.03254809616215
-20.779901806447562
100.98334702427462
75.19559375000455
154.54346153344864
-53.84743299385627
33.80824283393437
-8.909539390433395
92.65915902973302
89.91331525550027
-147.17445394511105
51.53217832282826
33.91012876356581
98.45630471628147
-6.432502249902996
167.35204440134476
78.70152944407664
-20.119239403072697
35.05765321346921
-7.792055892773988
-3.7647264277193244
140.67804680230984
-831.9117645213616
83.65876491491963
-191.2653967858505
38.42594830524526
-12.895951047369072
64.11389663994237
55.87973912204188
71.25528581188175
2.0425745372231403
-47.98581164458187
-123.33237248176556
32.70563714019802
-60.72989356549881
104.18399675048306
54.43350185821282
34.388581009097834
151.2523949053416
3.1409230261841627
-257.1009916423036
-186.49097990950213
56.26093386968137
94.31227446809498
-129.23479273950397
-9.937192453203757
25.93909032008321
41.63924041908126
25.60605484265128
155.5713479535293
-167.70610831954036
-17.615957029708625
77.63991307526521
94.65326968649015
-40.63582155092854
114.47122891687332
35.840488340804974
-99.297924877279
52.41690656691907
7.7052674334827955
18.06343113055955
-12.959172880413405
38.70732569770364
4.8207562530221955
79.02943564857515
13.213350229133267
34.02386287956302
-4.574769736754262
-17.92263863610084
-160.85654304736545
154.02351708783544
12.206889766724998
17.958831040880796
139.47047149687614
-99.43030593146295
59.32326323275174
-36.049019783453105
60.66173300962555
-89.25180336717767
67.7593328587659
32.307236670724464
140.07154447152607
38.473538939355755
-65.9623686843488
18.636869737853274
26.121665486072946
58.10017418162079
64.76166402158648
-87.94685923404177
246.3798600973114
73.09502783661344
-386.77429197807123
73.04402899612774
-0.038766529926426145
15.946249627656016
-170.55859125739426
13.123099840800242
102.56027925029275
-101.9232903325219
19.55414295369883
51.94428176806656
46.35265269540053
-139.5060236076306
-81.64378770517942
-105.57555247518758
50.13118445250984
88.44066257429085
-49.39945041885403
138.06643410733523
24.106345806330296
15.558118740526128
-35.94095831111175
-21.94247386671077
56.22197833236987
21.725770726036444
-205.54918000910993
139.87392433748164
65.13386457482899
151.14988124526508
32.734510090298315
8.007166941027831
-419.61396491199775
-76.23402760986073
39.334178958260054
-418.8896331544354
19.109528960153742
50.95251621408738
-28.07416199234467
36.41903774104023
-191.2076378232632
-207.96055850470475
74.31568549186159
40.889217270263856
-113.9578216968639
54.472740537839
19.361892270051698
-5.873881934931262
6.0634483931029735
-2.7358693523905275
183.344571907076
70.00297992565902
80.91237429703284
-43.501950317477736
119.16992978491635
6.570628411652024
114.62398744502286
41.83310283600076
-67.95609332432537
174.7487533092558
14.116797119102557
-136.57281439376038
-183.5037042717031
141.02682542969887
-362.5539010496774
32.41167447990899
125.33977698322929
-5.337583735036821
-21.441789840003295
88.9675341269392
98.70192134293302
25.3623894380815
9.85289866408084
97.45425798183305
-7.02251472421609
18.8004915089046
97.125844675993
-52.13109058336477
12.501125641016188
23.793308436867846
61.62903589699545
81.33242856113228
74.77751027927118
1.8837104964734395
-64.79912119027995
17.537781154733512
-601.4379336857487
147.5129009421562
152.81379801751154
13.895458910749058
-72.61846151604368
-22.05373032756188
32.09373249759301
64.58735215148067
-64.97377743762672
95.23802900429092
89.9011902759189
21.758582063293925
129.44975005107153
57.8585132624994
44.85353248401593
81.1461357548701
17.740587880422936
-1017.1219961424154
83.7662677097116
-18.25765600194427
-171.74400622480334
81.38659322887844
32.24600690031821
124.7866421937988
14.378214728390482
-595.6444444279441
-28.05847258410131
49.931910889725714
107.06747773020652
33.64866349560198
20.105098843991236
13.4667180117825
61.69583759487503
-10.894232703802572
28.135939639487678
3.8347077004511334
69.11982017194532
75.37520400483572
235.56491765909595
-31.99990545146875
66.83769589376396
53.131000961126325
81.5352326631546
-26.962647499677587
-91.63562489184046
76.16561997060211
15.247931280574207
-26.63705389849474
103.39330522193472
6.729052807121661
-14.620753375977674
-5.4431050761414745
21.580397356330298
11.871099517832079
0.8543614037761337
28.54410308030907
41.32893782434724
5.0362285034489105
91.01049196080089
8.283065972575786
57.69952098262934
-0.3121729603469703
-56.270298711419855
24.969769412570756
-171.40802945398173
83.45439030564512
72.80081305363626
8.015960597362664
-3.138570374451774
30.832341057604502
7.735972856040988
4.0479282198636835
65.5175597460626
114.2997059281115
-7.340033859565916
219.38635889561783
72.91828536728792
-178.81108257736105
23.919636663950858
172.82099748400924
8.071626007143095
12.44500798311718
126.04463951911703
-199.28048160166782
-5.413296417601487
216.98615126257255
-7.804962560878727
75.83158347249082
-28.861801708352335
51.19970790707892
192.05109160607617
167.67329706535202
176.2645208465001
29.281650110295686
-2.474781335447739
-37.98839649794718
-23.801275669654842
122.85099044385811
124.44495473135657
17.35393417086093
67.14465886933749
49.53607113540892
23.36379823842288
138.92981036939682
17.630705392283605
113.76113054821053
62.279358212140096
-9.657601935356887
35.14003663916469
86.95938024469297
-56.94089104242863
58.60743506032133
-87.68065000980414
35.98633652218609
57.75809076985456
74.90916172169636
49.95437952169402
215.4168425724224
8.013042618340208
274.1995997126951
45.34692189091828
-20.55022213870127
28.504078650116814
-131.54981282032804
-30.09148147097312
127.36473393424421
6.109828565506315
12.395797264648081
43.8300834867955
3.675343485477029
46.72335830683835
-14.232514830162472
104.75083623098885
40.74827364735112
55.383253908868625
-170.3541815574522
55.66238676943203
-73.04100611764443
65.56169120064476
9.195635937167793
-33.035889526059265
-2.5365092775468874
-7.1354619628254135
259.55782262419416
-1.9448087546784834
22.4926457725387
7.1057068793303095
-84.35011515141059
-68.0166475918291
-481.8782268709179
26.39707390836039
-11.366985899894026
-7.071884040210091
-39.15355798067412
307.86071258390893
70.45545101362723
25.086674086743642
139.82048528585256
16.58930580022661
111.43242949666285
23.031531293800132
-4.055417828957923
-3.1052950105267976
13.208820878380266
-1.8160082207509225
-24.16146234926282
34.69336165166142
-9.176494311646133
-21.926681953525
-34.217487684617026
-37.86320240734494
-67.53934124149828
16.854045862011844
61.83661214834862
-0.24105702147412345
82.07269429720009
0.7096102018583679
30.22837934345398
50.06982093132075
215.01841967115706
87.15802006122004
-65.15117715430597
75.09735454753718
37.75542592697197
-44.430121179796515
-81.20637413236818
296.09891440783395
-30.12180528041897
22.752018984893606
55.96457742073571
41.77805945077853
0.392673332512012
18.287249424404408
109.95462173949682
90.11691190490183
72.66095643172639
34.5218112211092
-7.882260022520743
115.67796195130222
6.947721954967716
69.04056897501687
69.37571204712428
71.1961751649925
62.32063604014127
25.11309518553395
103.43559756843206
51.55172552987051
-2.216323573255954
68.93931144494815
36.78064289141152
19.17418276863202
-25.549334776407704
91.29549698398796
152.0725626896956
17.620958904038446
-37.94531831935001
-148.09698128130822
-8.68407163236591
35.421488336083016
9.626280816097118
37.173802391062274
72.83694701109562
125.04282358489945
-94.23133759362827
24.690742682663767
200.27921555079683
-728.3681576314764
5.656910634994581
7.965426562138738
-108.39079653544059
10.480853861192827
-19.67998680743744
-60.3440776782984
79.59633725123709
218.83957085913607
77.92025315598471
11.144886475102949
117.39140547609009
-60.20930850173291
43.09375021175185
-175.71443822469428
-124.58428954938518
102.65906785432799
12.920778212343606
-18.885482704406478
68.17133263795631
43.284171449881796
83.15253578043121
1.0080430049986262
-29.565596595455418
-60.67409628207952
26.56558547838995
-13.43390417839828
77.32566948349984
78.80939398117062
69.34156199626523
-277.6519458847679
205.95814259076815
-53.433686425002634
34.16607326621397
-88.39500332097441
88.96308240179735
-490.79982991702724
-121.05284074728297
-121.3876810235588
112.78572026961547
-25.777067696061295
89.30401914570939
-20.56018076859226
59.978627190334464
110.67776316444406
12.615226727026979
109.31004400123493
15.32166914845335
51.525869196541166
-51.661488829485734
48.86954903300261
43.19607482180086
195.75768051782097
88.26503181805037
93.34822955718289
45.34646411121071
15.586544965141066
-133.92435812535132
162.58252626950662
8.299892485131977
34.88083373727477
59.325615869688136
-26.11404840890531
93.7088682375288
-5.245576460534721
17.6672869562578
-33.811212164414755
10.546471250537662
-154.48866660563817
-86.88558280943971
25.65588481017484
67.4580687680849
46.32020194680038
37.88510034515292
30.306065910409863
-20.740641751829116
38.539676495555796
19.449612172091786
86.48341452844488
0.8942618094297359
97.60719830972403
-118.18969204295963
7.367141980868382
148.74385511933906
-308.42576385988457
52.141068603309705
-44.34722653551353
17.2162706228728
-9.388426977421076
128.97284393373684
70.8709075189604
151.19213080120062
-0.005826919381547668
153.4166497301992
-5.063558156486948
32.83780352434158
-218.3298643387925
18.556392985504118
40.06048803585303
47.06871739210055
-28.528453284303396
104.82839324009296
-655.4746113259233
19.11850632817811
49.73212522182166
87.53429775209815
-41.297512913293914
-16.018477717943053
12.486405410214502
-55.02081516890621
34.23392474940738
73.06153433183749
-23.12387610573762
36.87063262545994
72.99695379222396
118.40678494621648
21.871512281488155
-167.21791023649212
28.515814496668554
88.74079363916604
-141.36307835771325
108.34315081967634
-100.62129512493675
-3.17740289433507
-87.23680459649525
282.9864560260489
54.68790607942188
156.4076753751351
-25.02171353157246
-22.263528888177007
-7.945800688528834
-53.79053538406515
29.54177510492991
61.54971127976501
41.536917383682066
36.8995910702879
-9.636490529093862
-2.072621737651683
80.41698866285178
41.115645599456
172.88254324868285
-76.48151744155439
127.41087808881275
15.890203412868756
-3.325320414265029
-9.710916696815737
-86.72074393295861
71.65126050704839
-13.951747370492102
96.66181185880532
-147.6756155618773
74.1009460766428
133.02347621006447
21.007442554139743
73.56758696584984
43.84463379643512
-5.3951574078150175
-80.32688457394306
4.982177381333174
-124.68525187262912
17.04607192924282
45.729182579650114
98.166352952144
105.75501006611034
-10.113856259192744
79.68361642339278
93.45081695235467
8.42375766966535
99.19983105540291
-810.8755286514688
64.49953628284402
44.80861583464775
-95.4177913986232
21.46668214011288
56.3605607021303
1.4698633620706403
107.09930227090626
44.56458805446164
-14.926452588465509
29.262613437902008
4.473621088529258
-2.792819844625817
76.92782790801084
20.31060705590706
119.08518064172904
119.79997989346839
19.16525991107201
48.21919807073518
-44.94386643762931
30.35211366792938
66.48296913067247
70.68386332756381
23.91847207372772
34.78790174975192
-24.270255688507575
46.59583830554047
28.882016859946972
101.46356863160048
31.151366416406823
43.90206763287222
10.766835234931134
78.22145192759444
94.5378466360512
61.65345714172702
-39.80188732006991
26.060913880460976
49.82638132968726
48.83263477902288
38.50390461809502
137.3091139385774
66.58643744381665
38.906342574815426
-166.24601882863772
71.17026318985108
-170.4873067653325
58.73177391419949
69.93856303795508
-56.93853823345377
160.05629655783537
-19.260830795684342
141.58414499629703
58.745998389384155
47.49122029993049
10.142570551753124
1.5825251195624332
62.74368456995545
-55.37676783676999
-213.1532039145818
-37.30742023174889
97.41216957032339
35.060458621831856
-7.041803881082308
80.33699329720639
49.47057763668944
64.55555429985031
-31.89964720511125
26.957318087582504
-117.6308247080051
6.005577943455122
47.05466915356078
49.10750808510875
-12.308507527567599
-115.33567456922265
0.1449984190073792
6.2704581856508135
49.11499285463715
28.21087809541856
125.91919463192653
-27.068355844942744
-69.93984122199618
74.67586311924317
56.628327897706185
101.93293132409758
52.36785490822683
-19.6597735608491
84.14581162456227
117.99811906948526
99.67919596424554
-89.16576824040521
29.66478792669659
91.36697109523004
93.21350911638274
-49.684339846108436
58.87952385238587
9.028349121106867
-44.72705062088244
-120.33150590779815
-9.739843449345784
105.34873834885525
62.95316047810775
62.48446342053012
-0.6763256891871349
-550.3687444697625
-230.72567024738782
7.953190941476595
16.96055902181388
88.30724475900479
-10.929913547143315
-54.81488891703748
-170.88052658331344
9.089085978323487
-78.26064487117765
-47.133140332268155
-38.38124485078983
-3.9332698082863544
12.444597862986484
-89.09515083941687
31.469630364204527
-42.306882198063704
106.5687937542234
-42.24003758022263
6.872916840079532
68.55485780217168
130.5909971266101
54.272760115157325
145.94380365690267
-114.4228705621581
-28.643559641588038
-42.111477073252445
-1.8767465768252796
17.190751459038637
50.273265306082514
23.137157541244562
-163.22493137522451
-67.58911483290967
-143.47995830998343
89.29154538094372
-131.81465046556877
72.2465150031594
167.17465891043003
0.12193723989917474
172.29003172613284
67.06136273726747
-41.190112156999476
160.98697280962597
107.99470063333638
-10.288064784375365
80.24804722557474
33.975219727315505
72.79221846145937
110.52716820883006
196.7140203034196
-16.301826082661137
-77.80103243809208
8.921548001170816
124.41580585655424
11.120728377947614
43.13545537922255
-3.1314157972528847
54.032469492637716
15.234854791713133
-122.77530608512461
123.7876365215468
178.29447377564065
-50.83147425762091
33.32886828629683
-173.27961698392755
93.35692097354831
105.9073436252338
31.28879824163939
159.0761839294471
105.56779683601053
21.800375185629036
103.60713826221559
54.41033248661688
-6.5716635971602955
75.43028313357263
17.152289976395707
24.421481109119668
43.706198021139016
79.55264610083532
200.76819880800304
180.81711939620845
296.4937248300366
-313.7072914699475
-28.299474786718292
71.46574893171646
111.67324286660278
26.446611614771427
-218.7027101997478
257.37416561162536
54.67080334555695
42.79056966744119
-244.50256686815487
38.1265266633045
130.9031247506473
13.92265225023172
73.92231579067821
68.37319033033532
8.730682548796613
64.86530143252776
3.20937073617258
101.25513475110074
36.648953495968144
-10.310432201970578
-100.7451312232211
61.133617120564026
47.46862494540462
-42.90461305459825
63.10318576946972
3.567411554422886
36.91238110285811
45.20940234694626
-33.474238178831
8.45866673811065
11.646737036268405
-6.673980708210365
-3.6311034906662485
105.96315573009497
45.217023762211284
-77.48895183186505
35.816136961244865
58.8747137951666
44.662053151924745
13.406377555291956
119.30135456801145
66.13053608828176
90.28929046016651
62.99878265412258
76.25446814576526
52.938295022865304
-21.412332338821173
-1.2870098773427854
145.28951665334603
98.84182805250384
-11.063077008094108
8.59817194385437
-27.638824803669195
62.296632832230785
6.452933388276534
126.59612133188057
17.51554723063279
-118.48293661802745
-30.691029250858996
49.16358105027791
165.46626206946348
61.73920549863578
-204.25823566595454
44.313087524687944
-155.09472771843866
63.188772209860645
8.92637713568547
6.467369070624608
76.42094458978062
263.36172016644196
209.55708490953793
-33.173195950023
115.10654303069953
-6.539149805475449
178.5001456699688
0.9473623590423751
178.70754238725613
-29.998636338874803
-35.70727550544251
70.84811999799649
30.51518452127878
5.269237296817219
349.3529580019317
89.0083949041541
-183.1855798425673
65.95773937689611
184.78959000968962
-7.552674114277579
25.315965619722267
-10.45270987908865
-9.974116679962426
18.64287347074781
-74.28922796032339
54.312291757909406
20.606615272162344
-50.38482367303641
78.47713424042422
7.265013059237412
-165.766005290443
-608.5198630337952
-12.640555579824301
166.50495817929868
-2.8749198028940555
22.83710851259275
2.34856237240092
-63.943149556758044
82.00024821013403
47.908552988572296
71.14674489089839
200.34731993255855
11.39372784373927
38.04318265913537
-88.89220479231699
189.26640466462686
-8.438562384621946
-127.99707533637229
-22.182181184448165
42.09793835052847
14.485371198746066
73.32282004721037
63.0301957771356
54.09394947495878
8.703224973600877
-60.54328402028341
117.14237103252526
147.78829232029284
75.06255906695469
14.235585491197071
86.13990430463446
10.060429280386307
30.719235191719903
29.053818002710415
24.76513929844133
24.40730282768027
158.06286990899252
-125.44338026007563
-143.60204569640155
5.269941864533632
154.9347671171713
163.06341232159502
26.824017685500458
86.54567839505876
66.89602242796354
27.28176268246034
5.580191382904559
86.70638194539089
168.19777285250666
-28.21810858538538
-268.53276964288807
-46.15063148233821
37.53665195366966
196.2237912695532
-1.5821876233823904
89.69363021997418
-5.582882727476488
-84.58843669123311
94.56081010592743
-13.242212073907027
-14.282300763368099
49.366476168348186
64.72133974125836
73.70479606563254
9.649036049560692
-1.6099286731578437
95.73382668280351
0.09186229057731055
217.40739352725996
73.77168967640182
-5.049402356528851
52.64585490193912
12.416055961303186
44.921671308297256
80.12278860844435
24.99558802089313
90.56843143331952
174.9930160041381
105.64953588781304
0.026396800469905557
45.8026878220645
8.806773589024996
-46.44012333314731
-59.93486559665908
-50.51779374651551
-5.038152941218868
67.24719245897313
97.60951569415784
92.34791226648454
15.514343152286756
69.12674796139163
-309.3798611520542
75.20578679838147
-6.949444162019773
-4.400488817482255
-239.96324691412383
120.95183095860193
-51.222728009579896
71.27944498671616
33.95541521187266
54.48751213469987
18.39553388354551
41.836317118174065
44.92222948937524
66.76961040714968
64.87095010985995
-1043.7741900691606
84.92483919846632
41.34493076013799
29.72166131859928
-51.85252835045867
-15.547728239638218
54.87800982667204
33.54376294228379
115.39796434162145
155.6042041977821
17.98687045446195
25.099340986302643
115.37241103697556
-125.34408680037677
39.55606821993067
62.39343221468516
98.94378711500855
23.53475963556852
-122.78966371221122
137.22958483537832
60.49834323421794
106.47213367579752
25.020972891628148
24.91158013935224
59.211319214060495
49.601279077098525
57.08370761380871
15.047251488665772
17.109782380499368
-73.19918244693417
72.52679319228676
-42.26420448790848
36.351268635382894
59.60326707761908
32.56749290944947
-318.01775529139286
39.51501417484542
22.91535381417157
38.604133928519495
113.63943641466221
36.77917845738472
30.484521176033123
42.156196292317006
93.03266815780898
137.86206496408522
-145.678966959249
70.18898630750596
-3.0035196753151467
160.2798171997756
25.336787133905432
97.12340467514673
19.094914468392744
208.66194531787914
50.56883121308306
-1.6462208007264962
123.15561831527782
67.26434546602695
44.929206623266055
153.06963563946647
37.356623036810575
70.32143303895913
-94.4244200240787
94.06359342999053
80.12709653635602
214.1733246181384
64.15666390226443
28.867846919095765
41.653904976730246
3.6366215849874197
92.84528624913256
-1.4204251945891286
3.0746307234426635
39.8294566959893
-80.41330144884887
-1.569434702089925
13.371127469608837
16.857697943035316
157.21344000068257
7.799202885536079
-13.202087236448506
13.843410487065668
-27.897311248996857
-40.68536708287334
1.7884065694844111
65.0573095713687
53.78231412277442
-139.188170904119
67.39705853689898
-470.57838755130666
-9.245344354606175
-66.28040659061571
107.21476522010153
98.96813273767225
-313.76428646145996
-25.10490178377222
24.732179060574822
147.50984550652083
45.94541192679311
32.13931192869478
196.75955668668166
98.87044113676711
-87.22580490375094
14.32269168644143
-7.220954866237207
660.4868063466974
74.77565610155762
-72.49142485379616
121.11994091381302
-0.19621250404476598
36.97667256150697
222.7770621869031
-15.820987627402472
1.924647065388187
-117.54000663642637
-19.1692027172054
68.83546431036274
-28.86140998887585
101.085933118475
120.5219365652938
33.555074718200046
-22.31151313292503
45.658954260321025
86.63396063053273
0.6924229858027502
114.71775314606657
63.64265389872082
-10.396900504509176
29.623149029947854
113.41576299375697
-5.385634709564954
123.7614007832326
-16.42266798885359
195.79068656939762
90.99057416422966
61.8662317093399
38.828770189910756
-14.97729958764603
4.7480113266930335
112.02413813066278
38.94851096239199
218.95550778149436
112.83065955968368
3.278636466939819
41.55752401560571
29.099475941199056
-19.04892133905034
21.334083394717915
80.28764515446755
42.59731023957683
-42.56882937969533
-29.865580922492796
66.08380852599237
-75.45149702146136
132.56156089060596
82.36492299501626
22.20603100361513
-21.205629888397922
57.76318005756798
26.13296002416473
-3.7374467500785613
57.1403381036741
245.69696737517916
21.32432731777726
19.981728979364675
63.33527068519197
111.74708912420192
164.66824728232586
112.65005975680606
36.22678546089446
0.7218909454844428
52.012006910911396
199.95563288416452
77.40100972130585
-53.124729738461156
-13.612393058841501
42.309703731028584
8.347839488781448
48.14544805923816
28.992693559561665
-151.7195437935029
24.523279885167995
102.96210458938049
-33.15687992556079
26.916881493778334
118.37226204166086
-18.17788081068784
24.302913240963107
58.36175172726769
27.059081059956796
-26.527452267791766
70.6558687748589
-7.845963706791281
-10.389342195962854
75.04749528949759
43.5645729850371
54.08370909258085
-93.8648555717385
-397.28758542035365
-98.35471587530537
33.79680798858508
64.86353579017259
62.84640003671757
52.292159111942055
63.88724145154447
23.257467841243397
37.71985108929903
-202.67965632442792
1.3541307612415536
50.0868170652589
-14.490848914534126
318.3359491431079
21.890384019720777
79.62097271210564
80.24278059966855
5.178783338595167
24.16536455915457
58.607445362156064
-2.4866473678451158
120.11993485834432
-8.768920820182146
3.503942224313164
49.523733474470646
51.45822194890957
20.85684681317207
-134.27032562683462
88.42015816345474
39.402661336949905
31.488595473570058
147.7569684121645
105.99087943900031
-112.68913649204751
-0.03021901219294909
68.27031392889745
10.616041627542927
160.2930493417066
75.65031917098895
25.90955965397825
35.49493362311523
106.85332103668998
149.52175813729082
0.5423777101172575
10.944758305966518
114.98569510670882
150.2418955304879
-97.68128570796534
54.769212471941024
34.96934790194372
-9.39011489859282
-206.55212693262683
69.45202365256318
-87.29765589020008
14.420555832837636
-4.817201038262725
201.76590670497671
7.263437980166504
-43.774324266864284
85.6541067397743
61.6432876829017
58.65599152556912
29.645017020593627
-4.176017278080483
7.381833588344979
-21.804647896822463
8.344396955804944
4.94619062792308
62.053339918087374
-3.173627267784062
108.59295376408136
38.2580899876606
80.8273023120023
-1.8029967471682329
50.57457872731908
-165.10017409347347
61.94783370420538
36.44413488655905
43.98257789087984
-227.17788369658138
-62.335837914423564
-129.18187980382027
99.54962921533888
-16.235474377075757
-300.2470063295691
4.932344028218283
46.818770635019064
87.50560783577566
159.07280281213616
16.627661475903352
137.71036484378556
-20.54994628381113
-49.98035373618535
-6.015380679282606
-33.89553218981564
17.231319845365366
-43.33516231021349
-8.354433741887789
270.7232375724452
18.937458495770898
-185.08411319538754
127.19870854872079
-41.98582812213062
20.766695996839132
1.027126319533437
48.51637616301593
67.724638621969
55.58955549354539
39.508241313561356
64.44211031215542
-168.1440939705758
54.14448751567507
14.893781908416258
32.81105833034473
78.73047129026008
302.1569782732795
138.95898250839355
62.473084244448955
6.051236183448054
37.07236136635629
-14.824112653217526
-92.15130284357792
67.16970519241693
38.06890389681848
23.317378964623735
-110.82697698500942
-73.86285624115614
147.08288114095762
-24.089750411148543
118.59855846130995
75.02099432075795
95.21638555663048
-40.70228295291236
71.88099479991894
-1029.3862700530187
-51.384058307100986
25.89388474981115
42.61735834442004
70.01127055428606
-119.57421835865716
-72.3683966394965
-69.4146468057628
235.1651524525846
159.81336194194046
127.55858229224395
5.7239071222549605
25.34726059654242
91.67725079750471
1.076366004087812
24.39729255392575
44.00848638067555
40.448751820901315
-36.37162355199861
29.832649387647592
34.360901739574956
-17.430997934954306
-231.90312378850817
40.09661537554866
-117.65881872438331
101.01982638085428
-101.27278318788453
42.56794337076879
-23.522064570456678
49.67339799424519
-33.52244105313931
203.2747156879136
38.33687052234238
53.22018587806815
13.692772027401148
9.16382207882431
-158.07444051417315
60.405460704016264
6.783745282865194
36.92774935405987
12.45285254750706
-49.128060359236315
135.5602905762562
-32.15230787909513
33.799920531537936
139.32786266484663
-89.87810412646874
2.677518387535656
80.1068081853241
53.691393021259955
-96.54401372638722
4.600366838373399
-0.6019046230986359
30.65014156998115
-964.4732649403604
-64.45819321338786
12.834024413645466
-53.01728759815251
185.34812863409024
157.289390190434
50.14577126689892
-97.4554241488795
-52.31624584313067
-13.43687204253547
80.76932698161659
11.978707623790562
5.272633955120181
83.11150929288942
12.225420424971276
44.370639250924796
12.707539495971263
205.82048706415708
40.551372377425196
-138.93400466223738
-11.30123894037735
126.84273106001638
56.508920578144824
-131.57071343849475
63.75727881137453
9.269523149352324
121.7246271724407
-92.02786753222748
51.21180299347631
147.01821344462041
103.34872760560938
68.45289511259193
61.25544723415322
-26.51338879016646
-221.56724968124144
85.00354924980559
37.90908430009563
-28.494294700110004
31.422445528503943
3.802152787002342
-97.82078170640216
13.793385254928836
52.884013941146065
17.94632948689241
-39.445341403686236
-12.231202736051381
24.654650216012833
47.333127991971196
102.41873168994653
10.377966382199702
142.55352371211438
204.0602873890498
69.63553160407446
77.74555042148404
-202.62203504140916
41.542330173820666
-66.24090074602918
165.26407251977025
138.73206896312286
112.14854573493585
120.07206635457078
-377.72546401854567
27.86449729132433
-30.52924252644698
106.8787719669208
88.95247143318352
116.01917650479527
-42.79011207317626
53.57847307332122
32.28926550617217
28.899022884186707
93.7705942549627
60.09025440336177
31.93975760283893
8.894888416687536
-9.473153813850331
39.08340191509683
95.4241433642494
28.67556203666254
14.528422480431711
64.44330092530299
-107.63931416657033
1.1410074410319453
71.71879084035771
47.116011505327094
-36.63190117984957
23.060745051989276
3.6173652516783434
15.943367019787871
83.19718216887782
159.7975533428248
-56.10357105703952
30.742891699691253
58.400503372022285
53.52438865858386
24.98690754829113
103.15726049323848
69.20694456513274
20.9067036615941
91.1058727914351
83.20491221996349
182.7238327490445
12.897618443903664
53.37588661759537
60.016977755200955
-24.609628030055546
-19.53513395688924
-53.31012755513862
-11.047327428645985
15.435026264471796
-7.2561964906712575
69.44911287729747
36.89388220469709
24.530993159205735
0.06171036987007028
-64.74447031126601
57.978558185794896
62.33321209527003
120.87289188656587
-29.443342851261367
79.00813135926364
28.62710782803119
37.931891629652455
12.280748665294198
-22.283423124693243
14.09809071074551
118.05530828441715
113.26857377601027
-133.5653503882795
25.26279602890307
187.7125335513374
58.6964096869915
5.72471007595567
-142.64160293005716
135.56174476971682
16.613458732100298
-136.52479401967503
98.90414891015052
13.319965420048986
-57.00012398426634
49.59553254898546
-5.299885934891449
42.4408698546049
92.37290807865247
21.031827944902943
116.70696617392332
20.385513682465152
45.88114396575772
53.60985830699085
82.90249513363233
169.49770113948944
30.533944371592497
14.315777067891872
-164.12578533321175
30.668268306525107
-140.39551632603602
24.080443809889402
18.249289977100943
12.646574640436988
81.07966899931637
3.623791669152703
92.47925028668806
50.770594700060016
-20.98112746207932
182.48600654724487
-125.39582277639238
31.514499318973904
-1.634027432685798
132.68333714218033
24.319784838045962
36.124271260644534
36.21491424065832
86.15407265489057
91.60508877688972
19.666291917311355
64.11341190016856
117.85782339702473
36.6436182520104
107.98175229034405
60.07311592603473
31.716494337535437
-247.75288310402357
33.70055171057129
18.332904064501662
27.80054820845453
-14.633265346972166
135.422112809214
76.71934530345311
31.345104629791283
174.67022754093455
48.76668791726365
-39.72610647991525
40.92934414195406
-597.2336871910411
141.88960461648162
165.44783674281916
40.68336250575553
-103.15411323679336
75.41386375222555
20.800105867595015
16.961960021643144
-5.611441799388199
45.85621637625462
-93.31987834695701
-4.989658664784713
-41.88935666092283
41.74702338236935
-0.6752146010916386
163.79213268750755
29.236815295488668
-31.23814329677697
58.252230340322285
92.70481395237016
2.457522149649191
35.41539907257024
-15.740088642662158
86.38304280879674
-5.933245845838943
-26.48332778028801
-18.409233415128256
10.896512201311452
31.631357183921022
-6.488231436578469
5.747054711905699
-59.689690025106074
121.65377683566885
95.57659268097404
10.056071843766738
-1.5922856691391396
-79.05024296309239
29.906052695099063
21.210135475652873
23.655892452595346
-45.74776505346959
-5.187022746069029
100.04089235431479
24.950561341942628
18.34742413549279
36.67138472583474
18.208218116660078
34.00003967306045
-59.88785500171343
-10.759757885748826
126.18428967615182
47.65313848140886
12.368223897277751
-238.37855556237628
-20.053962815399263
35.59659173949285
57.17237918704617
15.693284865287055
8.599615075118209
146.68175622954823
211.6966772264518
12.704841532963087
-31.644359710168374
41.1826735851226
-72.25653524771633
69.3300664751946
128.80820816796677
71.50411215276984
-11.153562898481864
16.80326704677333
33.366180993125
12.190390296725582
47.80633251349397
54.9741864312773
-56.92743895320707
-154.4348164454068
222.98744281082327
17.466764385229908
28.968653096384656
101.87774390298182
-79.38116096998783
81.41156836969259
52.46839635158494
3.0528254839068394
10.403882316869158
47.31131156460833
-50.064562860134174
-60.389365097226346
-35.47545484957467
28.36876287756884
58.39190243431108
6.813738434616636
37.442577902558
22.689335824010314
4.2371532503725575
-47.29826579486598
175.36287433338566
-31.277254404195993
-52.96998227367703
29.846588039009077
90.12073403614068
-81.20495250998054
63.22130302656066
104.94935156368638
118.59767771900852
19.494177136298013
103.27107283865098
-64.51701264749443
-12.524097939350668
-407.364069145161
-23.81940847001215
24.216374380773072
26.203965242535105
44.93256089670851
71.91156115014087
50.43405136251201
169.7006866615684
37.941104573603106
110.32115825646179
105.56903899116992
146.55846017653903
-19.28308035728014
111.29438794413136
1.565969760803279
-30.951529604694315
113.19472908428816
21.306765777854224
10.992817960861885
-3.3877304124998204
119.22802586261696
-5.9171803634149
148.66213387941661
64.80330240682167
88.2449264216109
-18.195548260380292
28.581527685682886
-96.23081337732583
20.419934050055964
-1.7078687267085115
-29.925829666001427
194.20794057151807
119.83003173873226
-17.80057320368313
55.74589136082568
17.479041034519067
62.77883321963003
-100.29789476038036
-15.319794408193665
34.4814606114717
7.394557987668643
-28.776765355409225
49.52880537875808
-393.0753173477069
-101.82125442509243
6.493518662855877
-154.6044230836369
-40.47232204111225
13.906614882204185
14.399181276068486
138.98807739703193
222.05725497507683
58.559827224764376
-96.81400252716193
43.73938216349458
4.5074758549742455
83.00142194700402
133.6604757447676
54.55763562524726
-14.217999342379056
26.14803647662349
-236.2314288180105
121.53460961162295
102.6696070147068
70.94665092114064
49.41908026614452
178.43242758104634
13.310626467060956
-115.20805514168023
1.4690930444559998
84.67191489585008
-6.293447190434108
-29.861494255225132
84.82675603145026
54.27246859680184
-4.939553483842676
-43.776852908323235
28.72688005462586
81.31673707510868
49.20431725448543
-33.965316675503345
68.68432388060614
43.996359665925795
35.182262600048304
104.8003439105969
132.46884468760982
-15.89780462430599
-199.77238012843782
14.369678165572793
126.03493014281412
72.84096023186476
91.63541883174457
98.92333491206216
-24.85770521112489
94.94754353726148
134.53095528804624
37.336730892448486
44.3653774198724
3.856813082707591
24.306203976118955
55.1058649407355
51.88421941860872
36.31239573475767
51.82515716213857
29.835581447920372
40.336847573564455
-151.1559821522451
67.16519726683362
80.41787446699823
74.26467445677645
150.73747616635706
52.19983821144251
-62.972595171600005
-196.1158743303622
183.1517759191388
98.74363274978145
-33.24432789817183
88.55271777971575
-84.00163946672728
-21.01879676002136
-94.49123052055711
124.32162650501141
1.6098085854853479
24.04936709054689
48.237553685754264
54.72468347258473
96.67480121647168
-27.593513024763524
-181.747094634512
-45.571384526411066
96.11516649337182
141.03654573882432
6.294921664605397
33.337196273521286
15.993804311161014
-6.418256963589101
36.6866632115524
63.54515280678925
131.31645228508387
31.44777007402774
98.69819013308279
16.513281761607946
45.69953528390269
49.20207475037613
24.9050996458772
21.662951052167497
162.95251193093918
112.1766971828979
40.26060808510479
95.15593337977026
-150.29191058280776
-45.90224697075952
69.93734811851357
8.374550961327714
69.30686608662666
89.63450277845732
-69.73865909777352
151.78386075329536
124.49688806717745
220.1471001788277
106.03868050986341
9.7364327249996
105.89416401387189
32.40865384694189
-12.336768824810779
-343.35111475746
32.46236592621881
-38.94689767588761
38.331229587634596
32.37676422381628
-380.8784780440774
169.5884093038544
60.64906136340193
-7.771821865340202
128.20753403236904
133.10846546092796
62.41051762447796
-3.870586094946207
35.34539203273861
17.91955590571979
236.62971017846758
47.74255003999906
110.79679385426164
-98.93065201720401
59.28885671371563
52.96289168652174
-4.977693375102575
-57.47683355142908
18.979824071938737
76.98268619380042
27.001037882233184
37.86190643173495
60.53190016015134
17.685486704598134
60.87691567547208
-220.76541911651657
124.52053675929164
-49.3396754656718
35.18374605490408
20.949323344403076
80.49561915717169
30.62469623150129
4.121697103900521
37.124033521642694
35.97943709308569
87.33812796049233
22.808942361697518
25.89187865806271
-163.66699994665942
-32.06922581144363
46.658227755059585
59.42769787181444
-40.418086275866244
-39.25602613974752
-84.19134725661661
107.20721681546229
97.51237127541162
-56.30650827499734
27.154529027382708
-169.05150809999637
-72.93508689593038
56.21974259972569
-47.82324529728794
37.98208159217626
116.68818000968577
27.21460091814702
69.28890515974774
61.835894192128805
181.54885992720028
46.47544490308518
21.95304370862229
-107.33140760183778
144.3918333513975
-11.022771305109018
37.162522160701435
-83.05484602365414
-19.994478213690304
65.46357983895496
28.773427898254
52.468311397791695
68.5494221605286
25.52331378017334
89.80520623618611
98.63419962713385
19.310263055006722
34.4149671047162
-3.458164273443194
68.97000839439215
54.72748068985061
7.433212769261154
62.137027907775405
-7.204565020495864
117.88697462529115
33.65179431528824
-51.77967827713337
294.2498683483991
-65.89564577522924
204.06804578662468
98.14300705593178
39.40418525064834
24.233495832596873
-5.105450178343396
101.36258055152803
7.7521227829088275
-101.21243832165601
120.02257987489361
46.47364623302228
-34.683520229054466
35.2117668793785
79.49580991793641
-29.64182120040641
112.91654705577321
48.82738622230909
42.818587110991416
4.548960356984935
-245.75069682291178
0.3860469060014111
45.57331788464754
-218.043415901584
11.074227257836366
50.34368438949613
3.852651277513437
-82.10861807623041
62.26997621946124
-24.37137790976072
8.700734465585953
77.77140788020188
-3.048550650335301
83.80775434056613
39.26678331587652
-7.965207111942846
19.661136334769303
-96.65734544903626
-48.67361594437125
-15.859823277684276
56.11838782287202
8.078992661295494
25.911734480925713
-57.84889320789762
85.47273934861857
84.09366314849422
65.81255321452025
52.09008936141242
80.388700703815
40.20870243578082
3.905973818633356
33.91836382329778
42.93833508227866
-54.14613745316431
3.478077082594916
45.23213009795154
118.7969877194214
153.6821040138093
77.3079550927122
32.10543337053207
-14.043899385433178
19.936732678676577
85.71448604716215
152.2095194069193
12.113994551368435
57.66188216267187
47.32972042415048
200.3787245850922
-846.6457414255306
-8.845337972130437
11.783282447658012
-17.683551347575985
83.9826102715647
-53.73664898074912
118.88022909480787
84.53379898193441
-62.333345074286626
19.422855947910193
-59.33696722655077
26.315180185764564
-2.4806897767067806
80.37755132385246
-3.0477301373975934
86.32420454099088
66.14924692771558
-156.0195728995168
100.53701475386663
26.09206384235044
91.0154234617612
28.38566577130038
47.885388632075774
-4.90843830653057
11.675400132003277
18.25705407039368
98.07981182536332
137.9533666154084
0.3447190739902908
-24.289613428317775
33.50648824237898
49.00880826326102
-49.92410126959026
69.04295129515191
113.749579452548
54.218480460202045
-41.22792107766918
-10.809612524259592
77.30956615787363
201.06207856304536
275.0368655632078
12.462267277086967
98.51195687147401
86.5846013627779
118.55544341458972
98.26794850059684
9.276214954146184
62.12778776372261
-20.43714537355845
-741.7050831464076
34.214592761225845
82.26531003276625
-19.528515366300326
-331.9110841425827
-34.61121599495982
-2.969618964834258
42.132732705663244
23.603105325516857
81.1613954933855
136.61334915703173
47.63581555066264
34.774226706565294
-128.38676233244223
57.267271323400564
-17.85560489231233
-60.48784906729221
50.88615702068715
58.994987919195864
-37.42854584680481
-62.98809227209631
18.224707952098186
15.190884318511053
59.60353003660518
47.200170252928274
62.592403351513894
-95.84715145710925
210.2256709007711
80.45480455552558
183.19895562689317
57.55275115665353
-14.86231926101027
45.44270518944745
24.886375158540886
174.20179093293973
109.37620597872592
-58.035787194787815
40.32823792905958
96.40438970956166
-106.22936955405703
-16.87027179267854
36.989079516994906
-63.936482741734835
16.2118361109915
-104.52763389046686
68.50213363772991
55.948513339022725
113.96632953987114
-1.8869719926008526
39.423329553272055
-130.4417604889495
-8.275329406644534
39.80392325576099
6.481267961735632
50.677677582188075
-50.43798606857439
-98.40234624315235
21.18607831932622
85.27340867322641
131.90619331700373
-146.48696706071223
-104.55223712658062
80.81662938822274
-60.04105358196057
26.797739603828525
-5.4887933628108385
10.104379867033288
64.5842291931408
8.25784785617634
43.928754364362504
-29.89148297929478
137.46877784305616
75.44719076439515
-20.283985102422996
102.33591661567516
-370.9837220715335
-3.9085849105881225
148.2793285952912
30.66700059162495
7.738693867783695
92.1654392151595
-62.762704958076434
38.928250040617684
-196.1008800398222
198.36969133723596
47.19635393044341
-9.11055354660028
68.26403336862131
106.72483250907703
54.69917107076708
199.43499790691044
-88.37949034781786
54.08627466574234
171.36352177582307
26.614515506335273
55.40608020971678
45.54986985141366
6.3836914670115
86.86917538739442
-156.3485021780889
42.294029404373305
40.50513384267412
-4.436408842193039
46.92319747649299
83.93717126372644
-5.49315308281075
-105.73841346779591
49.85591033143846
-28.759261447605127
-30.11765267364399
15.704152783229642
6.176776345879511
31.49666317762717
-191.5543289563634
16.667033731136836
27.555708313260524
48.70916848406284
63.15809198394267
16.390319104866172
9.357011692555346
46.138022338442795
68.92309913353768
21.93656247526178
27.92444534249546
51.22385979874366
61.53448481569211
-25.647529156357248
82.57996618146763
-21.13021349744773
-2.9347706888583334
30.926850569323044
128.51345912394345
120.53889128920855
5.9339359382057495
36.44205632804017
-37.81006903315665
22.562617722261823
-144.81105337804547
62.93147241207453
55.35937233965478
-128.58893330643696
45.3697128645822
122.78387795134631
81.99421481460831
90.6789718797429
99.20664128051862
-65.71950918715214
83.86913361910229
20.032536152624967
0.8865619317980135
-143.42933900530443
13.44223957741859
65.83751188667122
-224.93291677484922
-2.6847652673463926
25.928809176615328
57.979410837500154
74.34311361267731
77.60858763546776
-178.89708998726837
12.106075125900844
289.36995643586033
47.93519734932215
-24.71504706155065
10.841027657138948
216.34506378577044
20.849181186131915
-35.89967853397851
35.86582212142275
97.69522605769544
136.0036842331367
8.95351832048948
95.09591927817996
156.05601565263078
99.65085276644663
9.374176092036578
6.72211402151288
-214.29706520338186
8.286522554860538
-114.38201859406308
15.929446760070388
13.376711073326533
72.66035579161485
18.625883056028034
108.67269551815082
-273.48263630823675
-65.83654317347009
29.83043798653883
17.892252432587814
117.85476225272805
-38.38591195741219
-7.098619677779777
45.43245630851736
-94.06180426952415
-28.503318607023175
24.799069585370884
174.60208230020135
65.49482708548226
89.25504440880195
33.200860182084476
146.62992627250355
67.76742884398845
-48.16923852299438
-11.392657516414602
63.923634147651
10.789608711769233
95.76416085635742
15.96221852796316
156.9557324147031
17.2860236672841
24.00945597695127
98.23787052773253
-6.718435279044115
-23.58491292204651
1652.4633984356951
20.16055691336026
-28.045715884031566
72.52807262752822
31.933469449900894
41.151908329253736
49.649817587187265
51.97783068508534
-211.4696829725881
-77.59213366223234
-155.16846133094532
-503.69288087724505
300.9767914861295
-16.61542381280364
-40.911400582225724
33.19171341463841
21.064400058931664
77.12645922094578
-242.6266888661512
68.30987727095882
-253.6084913160339
49.795857494603524
12.859049574531513
-339.97438332130423
-63.80250166891801
27.57339577997091
57.5794586743782
14.938611974464493
30.52087410768182
41.73381851987621
-57.80540556123804
-600.9652593032934
-81.79543833167179
3.9932682218199913
146.07872655087408
48.201950949905495
104.19249923983875
3.564856780876653
15.580260107798086
22.47950822326567
-89.61463181293993
-0.13300244143021622
65.54582205443512
36.5234688067585
48.367390390373856
18.5966934747528
58.31585866973819
3.9301157168907253
58.43831678624531
29.715163798556024
-114.4013583367796
-156.14859468048553
-13.047505841454056
-71.393122610722
-13.886577697895063
117.41173305694747
34.293574065080406
84.10098529117754
13.994599408741394
-20.102704934023677
184.35290107018272
59.16618773589789
72.74367384947982
51.723391449723806
80.47911144574346
-71.20669974060547
29.826961196176853
41.47015512063945
13.509023169816828
7.910339827586125
743.5714005610089
-68.500591977564
46.65874104163777
-235.36272435832961
26.804486180613935
-1.054058542330818
23.46705058004464
94.2995188240493
94.91220075674255
33.17970822863761
-32.83259689461491
187.51002954301202
90.55109857246316
115.14696574316349
61.86661035052829
15.697450492245823
45.2453681290429
12.038588442216223
100.53558586500117
89.387580221196
47.995273123010506
150.76263969442084
-168.18909525954473
-229.7698249620871
135.79845117651803
130.41413674171872
-25.042016484648954
13.33961598097291
82.54261309741707
18.927193118894905
44.646798992946685
84.30794840435783
-18.93789811651824
13.098906240219359
-34.96771389766218
132.04657488950306
48.48575160549597
54.329192107749805
-108.46661935583597
183.65390598007752
18.52511745216725
74.42402960371965
40.22315395727804
47.871053221890556
191.05736238218788
37.35360892066001
-8.173574834280316
62.555573636740974
20.01011168608638
49.5603144888247
68.45287989984581
29.173178176668074
-4.7480230011197415
-36.79857267435204
-13.6786831978565
51.02068004181767
32.895545613444085
226.16713029531775
121.0030074032245
85.57137691256355
58.94932648553686
-22.647475264496943
92.6906764867922
48.305725067100106
-986.6607221122936
133.19292893639113
55.97795332396572
255.79807353231263
-169.46112176847237
-20.5528301271137
55.35874057345427
63.79214690496565
-268.2953798018025
66.85912747931957
29.629579326509592
-23.116452958554873
-29.755301599388986
70.46402699534292
4.023774045080302
73.5262380504928
133.81491820746032
-27.470634927322408
215.57718017274465
-15.401717620518866
7.0039933903934255
30.7491762734762
146.48914017416018
24.38367115559441
79.22588120210912
142.33943776738306
25.969710550916474
-5.163115676688676
28.177043029237282
1.2656489535579496
-2.423015022644969
61.1290778004859
53.14216351477681
-185.26829597671076
-10.64912591904928
-60.180945579677086
10.442124993023695
-42.97832567126916
69.50120871171157
79.85362679254854
41.40322344060184
45.57962182548599
-3.0077082806114266
-54.21078625286418
37.96140921370992
-113.45439715957218
140.10403469381777
19.47322427423785
187.27832260481728
-10.905544588116754
19.879451833905478
1.0832777589346563
-85.84237797633432
-11.785630412817095
-21.6168988078918
56.566350092973806
46.96985063973038
9.785413740948881
-47.79156289946877
-333.81004774257326
-195.07118057866683
3.6629836558406623
20.2587954357023
29.559641889924023
85.54948963530023
-0.27317874865147473
-13.043272501512586
130.9841099646037
10.561725892972902
11.371757451694146
26.257607986535277
-101.15020186933543
103.67910567443141
70.87316380192988
56.45561008388704
79.28541599308053
-2.3085814384307994
-66.51353323040348
97.23402762231422
-64.0229200505446
125.22516557306244
68.41644098890356
-1.499499048684811
107.60868058267147
-55.89555938368085
13.693762784431778
98.96402622419373
71.59237412194261
-2.9618278471257753
98.96987636574033
33.291095921473186
-95.79652905873172
-128.09943172102066
30.49221145362992
140.86511761905922
12.68470859101626
111.35893559374426
-10.718402079893586
189.29803242858725
28.733269154774007
29.25196055174474
47.20866792416609
135.34581489759103
11.540380665501047
21.655337747081376
-3.1997234733421824
115.01554968759297
276.75327877130667
141.03412906328276
-15.394230299495371
51.393558984245374
42.664370850984255
283.4676408957189
78.26085105584798
-76.84520335181651
3.2796748147766266
-30.810937092260247
27.121149638586985
12.640297841651183
50.938386004706786
-2.060573364456559
-155.4254535014179
-92.64280944166603
45.22603354330448
19.93475626786281
170.6053918211178
92.28713663991891
35.62559887190464
111.42389559449703
31.187111481533492
-88.18485734662409
-1.744898122309678
118.31376957487015
-10.44583411388749
12.471421173739554
70.70173009267364
150.28367072907304
69.29750438638689
75.35226779700406
37.578685231286265
79.14955329557733
21.352325642169195
69.66086539983054
66.74231884069292
114.85497061602632
27.496853606547855
-359.1566145186134
132.84646426557242
135.2602884754706
51.64846938459141
114.42017577764773
9.813056303567691
21.828729866396387
44.28474544449951
7.3992279311705715
202.80821862279618
-68.58481936245107
175.90659327296362
-78.21104053530098
-108.95935279130481
57.13382575105152
-23.657405354850994
35.61076833309223
45.25635170778787
6.652538118331449
150.01669891992015
76.17784333443478
-60.14419210776168
-27.373587470941686
23.184528899511847
154.18671133650105
27.54763901794374
-0.33202964915562916
93.32416323896496
2.0004680193394506
-871.7554785922724
-40.44491201279805
162.87183210555258
102.87391332352354
-26.19246813787464
33.394534246922184
11.855651793553534
190.055870554565
-49.874091527196924
10.921075371002795
13.757499890153142
-96.14291695300608
97.60212820914239
19.587346416610096
80.08124454496664
-5.469533283213423
43.302852271055144
-98.72564793692072
103.37144755496729
113.93167473760423
73.34488518286855
-23.72582870384725
16.609027339307357
103.98852311200187
316.9006825677516
-88.13481795843899
96.89810045603338
46.44766984922748
26.29636830463187
131.2981257287929
17.030272851677182
89.71589880136048
27.225138560419964
-22.23927011491803
129.85058843303045
-73.38403941197885
9.742095954307388
9.400352669248946
70.09430055711391
97.10788124870578
-0.026439854015052333
29.560228757157752
55.08831271486048
8.44043055053504
0.6881685452572128
43.01766571335827
3.2655245791625425
-41.43102804433056
155.89191766306044
44.55581785951351
25.007301026609017
-52.41253208256203
39.340303328934006
21.848952753365676
100.71187565789887
-37.39910273591372
83.50435430576994
85.4324485902498
31.20345932944383
53.71355555573363
216.45053167389233
29.048277757999358
32.80732890617719
166.25389052526862
57.85784865874439
46.87828705074838
18.922299131675928
-130.2644244772564
18.66828881048863
35.15213127863931
-2.4048110684750803
33.76932918614014
15.801097408811216
20.587655933300198
15.880229469009045
49.119805141084925
144.9423298032848
2.431623746892356
-38.82410403440599
3.8967529089784536
131.88643034722327
-43.8662444808588
144.12054952260087
-32.13562518309027
72.89383136201411
-67.1610038177921
115.33811920261724
190.9195781334647
71.52305533955087
-1.6235228001708162
40.29763203235348
-114.00599699819192
-91.44618156518118
-248.50393315787335
79.80899813950691
-201.69738350889884
192.84995928224225
49.397018927522595
64.34918723618567
139.7932179949246
45.87549089441864
-111.53904210353903
203.77904164944448
53.564254769270775
-23.125102231881673
-207.524394895368
-10.739868359136196
179.48360896046051
130.09239073132153
-23.389713804779603
-83.9150813506194
-31.879957644763635
47.02496084386079
-180.37861044211604
25.93323824424587
13.193487554497551
30.726125646911438
42.50879711046643
21.282394905207664
-6.583220118956445
-90.04006375469646
87.65518769347273
76.55661657975588
-54.90692669946657
-32.40891505538002
93.41884092876444
26.67159470204397
31.53388011792231
51.48491456019373
99.81335448285336
-108.86167288354318
79.44722792831863
-57.68948110232941
-131.16459504909517
-7.013315020211725
2.8025334347016724
-160.55672223079
59.96324510087288
-33.46069723357141
10.35052477919271
25.255949743775673
124.98291751514262
26.569010900905155
78.27284269586244
174.87208453929543
27.326387942593556
55.36409669477058
-88.42887290127696
80.75224202477648
83.367207848014
64.41837003501252
132.1187509050526
66.57928664499605
-190.46396911951615
13.86313082658727
2.243310705984925
-46.91016799036561
-39.04140167621385
14.0741062695895
-70.171789863935
133.5803989730391
-31.758073140710167
-25.33410925688627
-220.6022048790419
73.55879442846594
46.350700025747024
43.63089378693985
184.44581729262745
28.844314460803567
-28.622478974594074
-34.06089231058559
32.03403620200652
88.80607301464306
10.619207127435972
71.5851514250894
77.3437363699137
86.42921683079157
49.07874003492322
87.4955073390638
45.27869672227371
164.11390822184057
21.891086625671505
21.434961111873765
-133.59020425972403
30.529699832979077
-3.8611368518004383
180.37363516055711
7.0250379678918975
-91.27418887403792
83.53855200708162
-295.879725088078
70.92840505876023
109.89038774564733
33.85869621527803
37.56840222095864
45.02450324706024
14.878870216655741
62.49297694575489
35.90327409705537
31.848536682240137
-112.22516761953193
84.35706392567681
28.635432364731813
7.809322267409577
120.9731856515582
28.79222366912785
-33.977685576115164
89.05969182470835
67.86023054539965
76.5510068651547
-25.0025799583679
20.0068578295917
41.167392881949084
59.462913800016395
-34.52965926698471
-21.853639699788346
65.27809793287723
135.90255002869253
-46.34267347376394
107.01694307571552
61.961130847966615
20.831741909190715
167.3964898689428
-16.585260344284507
25.06889520149326
155.98523697896917
-38.38644778020515
-1.9728462002622433
67.73147581457835
385.3198252020866
25.19821488410634
-32.21589807483542
65.37198915176918
120.78848022717648
63.2231248315241
76.6308308485984
13.536782010039666
56.85402409639212
9.450528414006557
-18.14780587272253
153.1303378100456
36.63469845062423
-82.52293130910493
-320.2997075996449
95.8950348263138
99.91843686638578
1.8355343512106126
30.274337790073957
6.502334146817733
-26.093124870706106
86.31342310189711
177.1043270286491
-18.80269926372739
49.467216507546794
26.274560597873744
48.8532513708319
43.21133465373987
-68.58093766750608
52.033251419436056
57.174228383999434
21.790756652503067
47.83586016682739
26.979168329672728
-123.47775247263053
91.1794363260567
119.24120661455208
23.27702386080424
-23.48382561764111
34.896680547453116
9.515792213921912
38.83697636815319
109.87492550294337
66.51356436722017
-41.860985209932096
3.0161349362087257
65.81751863314639
-137.76329863756655
49.1889974136011
7.217588486092668
-683.9517195959606
-140.11188866247994
55.29246773869727
-18.476228731247375
54.926782626211406
34.03076734447973
2.2072356160547315
64.12281151529626
-161.0305617714721
110.39839253129094
-8.423383904553686
-6.74987573621259
47.71560547199107
79.55012430780971
141.5451417175018
222.72806908460507
116.14566578075846
12.476842155274149
-1.5027627386534732
36.78992732181118
-113.13421272050846
231.01142099437857
47.58338152089473
32.40113527639005
-163.71701105264765
83.04701544126556
-72.44074720454358
18.186199589069847
80.94486986024299
41.19186957157761
-25.288714093794276
110.69612347984594
38.04333950389657
128.64433119590558
-31.529479671055345
-75.95330311795007
5.645618100002139
77.27475628621542
112.42360363783564
59.31207316361679
45.15021999400051
109.1851532857454
59.268552441373686
33.618742469848485
-24.81123818733844
81.50207039144823
-70.42110872035846
207.7657815850339
56.21533305736557
-54.44548400268968
37.188799810400724
352.8063202421199
93.21846438818562
29.92724596040398
93.19856999691456
-736.1989409425179
53.68469696194944
-28.816678105702522
137.12453684033198
-756.3869113108832
88.00053668005285
164.7996961762792
-83.8561603909584
105.01082534687657
-545.0081431277459
112.11535805287349
121.17842774629548
-11.263122740549623
146.9888979057755
296.3284580143254
-64.24786500992897
36.70266626469463
93.04272863798542
32.0198710715134
6.630667755930529
29.815205446584855
80.26430572450553
72.3831868940569
57.12242955231167
99.54374363789452
77.27489827007514
-57.71607251326168
26.485531111820535
51.14972439867114
-15.551955210146424
186.54294897637692
-110.36096666253616
244.7174100615175
37.581590981299826
-16.794191426457736
-43.70507977934344
127.73083351929517
46.11121859022512
42.29118731650767
5.3468202060767
147.66321546875542
-75.44379143154765
-1.0440957516425298
30.174564532240836
36.50435434097247
156.20839660627735
37.383049980957935
49.97062027650102
33.14933981393597
16.42544543351814
121.11957036962986
39.24348539262611
51.215594786135625
-66.41448629125898
101.41438133170595
74.43269809046342
47.7101389679508
220.6203365878714
46.599205622034674
-128.9056347889673
260.82867921078923
-45.44971003468481
75.76549919660678
147.8437956942413
-27.096346604208975
2.6243315127021662
26.096990673750092
-10.59808752207682
97.475311561549
-85.25707232488094
134.93687799122154
31.45480869204539
115.96986331781545
75.15839589171583
67.21099126219542
9.827192779941543
25.188102890283144
25.33795400827268
169.9576180307704
-7.047278639051456
85.84416559771671
49.05337646443344
206.67958423013215
-2.261379710233541
142.20996368510623
118.20250828556891
32.09953110862475
9.647240218081128
-19.1125925872484
64.43572955976441
-25.908713580210133
52.897559983071005
25.990261578224604
54.09180149921309
51.533302361300215
76.74365035802657
83.42548045267267
-19.380312657457125
53.00675031697402
-172.836973583263
30.40078687998448
136.68823390239186
138.47107455918376
106.2894053173818
70.74953698190552
159.64715904939249
-1.49694876984222
46.60657016732978
101.61080857392199
41.09835587087855
8.679606618429922
66.44971918725741
-52.28672314727902
125.16261764307274
215.9379114102294
-51.56319240208131
78.37909888553304
23.092338609900253
-62.243137016713774
97.99363769778324
20.831953171304725
-48.00732307759598
43.58330177890168
41.32252514359084
12.085950629080658
16.11009500618446
46.15403116343654
-177.7074141287476
21.617441479393655
138.805452839684
292.9248741145093
-97.03123980085365
82.90822171312539
15.703464853168043
172.78557376120307
107.55955131227847
21.452144348453054
32.05644146507058
1.02323430831607
32.68504228820315
100.86930254675076
-211.8484489732782
-23.404757635404756
-261.3432297076297
8.40986725213085
22.283221738941997
-1.5176914788434885
52.219454824941295
-6.7292328395288905
57.984119450908004
-354.1621464764803
11.979169173339528
90.89882567204597
110.83275523518773
2.0376373469806124
103.11060372074553
91.60056728139307
-957.3453685499182
48.3027338581601
-208.91378802745749
-85.64321116972678
-3.4652778085040863
-139.57905058418237
86.1940963883236
7.08684459736773
78.2732363053592
51.2857248113593
86.34405146042968
-10.443410792536724
138.74177850349452
58.62369674225965
5.236044351421242
109.30745532641686
32.626269260811114
205.58259953210518
39.35760839427239
12.224393455837234
183.4370571262607
-6.978619714073076
75.76156498401633
-108.00068111019753
91.26373261685376
104.3516792909586
10.160573457681078
35.456299669969134
121.54327966012283
27.778075342868732
-118.33069500316105
148.30870480482804
21.050099958920896
90.08418955043908
-185.15222186804658
31.6983350780634
-109.26156085838738
86.60032467016254
0.1922836311082846
49.677167097587244
16.37242615407582
119.03923873672807
102.59772966409662
106.2949665179683
43.470893781768886
83.69607791265753
27.675190000991613
31.729876342044
46.35881476584767
71.1270385568688
72.3241495909665
72.07900682004083
47.41812559254333
4.149085034242541
66.36787061103622
84.53432114489874
41.94248023039381
-79.36032825585175
-5.909967429037597
67.9722751855029
67.49400130126799
-15.180234294317415
-82.86601915441406
60.537065625309424
51.63575051863563
3.3468048658259857
41.349042674988915
98.11788967906188
37.00706327095442
-112.7021367840889
-315.21004041423475
53.98363172550188
7.032675327022561
99.6735786115571
19.393650654881736
-18.585177095262225
-199.14847702238058
84.85472180009356
180.1366080469179
-47.75389722705722
46.306268818949064
-11.545240903708518
24.391568638404397
-783.8250998981357
-8.248763890456974
-122.96370232510617
-41.25230308103044
164.8611561643188
14.68089388366166
-0.7654313819821255
-167.69790710305506
161.04314097885663
-300.7680081916451
-23.03336961299192
186.40372272965806
52.6480772473725
163.5112112446077
-250.3856253215863
69.72759739696451
47.81014103488474
-16.504172769949037
205.95491900413708
42.044550940452396
-0.955907817867427
68.36733440465896
-114.76242358498348
-53.76867812253694
-14.39164448689351
10.205325860390978
20.69644596645503
34.799477513089975
-123.85281807490173
-101.6150836438178
34.11511997412634
49.49201850553766
164.15592517703135
17.882912713185398
138.10386378312273
22.392928078616933
66.04115409032283
-126.62611783963985
-107.26060075628902
89.33451339607052
37.42097075877649
31.852481495689972
41.30888911699046
-10.224737020302648
127.53348628045933
259.9118817814269
20.08786053027788
8.21734019426556
-132.5748665694041
62.71743878687849
43.90859387295177
-253.32041890697383
72.30292948627417
80.99236397132245
-85.06468052334912
74.56598656512051
40.648457879063336
114.18717632455991
54.9311060430184
71.43564452350725
142.9634448242682
12.521245776651638
-1.340169874018751
9.47758181713425
160.70700016378578
-16.56514082014122
8.749490115664003
76.13447994563057
11.110627271103112
-161.7661781369856
-107.60272687740871
5.2223756036163
36.013378710043526
120.7825927255958
51.037450312659345
69.18978172665629
352.9742308332061
-207.9167667408833
92.32689015287497
-798.490547885398
48.9905687510136
-41.71539250329602
-48.016259995996734
99.27713566582679
99.1924457033482
48.60790561726357
19.06568333591355
62.77471362915465
-31.062836059494
167.04173033385632
82.82633553826327
-620.4650452741926
-30.377602792410016
13.607704384966382
38.79191904767614
120.13623218180987
-3.3731818660744466
-14.683272692327098
-35.76645974875528
41.97033654310121
62.38510530454971
68.40616435307584
71.59854321917868
162.30896478241812
33.9570883954031
1.5645896006652635
-88.88773719017263
-15.743043539966475
72.42526144026624
291.20778394900026
-151.75398586936262
84.67560471694605
0.6866266576228668
78.96980778295438
143.4289134931323
86.29562224022874
57.68786265119985
-50.76385964099154
-62.49652398479184
59.038127096862354
89.77355635388494
-126.59832099849154
-1.1246360598747636
-23.12436025885873
25.03038297937428
38.513954009456285
-245.97620736519366
-156.2964370020186
70.17291897774544
-186.36243117249523
-12.446924660974673
21.51432514410868
49.9020859098232
-7.142349547173172
63.64486480979576
-158.9112358934026
27.708614956277053
72.9363776108761
20.061641237827644
95.00424034610614
-0.5496916822449243
-52.75335582261596
-92.16959311656865
140.07314929679433
31.570813893999457
89.71617527278022
-65.30269127164274
106.49311948411741
69.41263326889793
34.7237406064678
-1.9056632739444999
60.45392992373718
14.375343257838551
-43.37975797120778
15.435616903622382
139.3874029825206
4.5814664031885535
61.50939293112742
-121.46345998020524
36.179393685769355
49.35411728383305
44.68606482774544
69.26376984247558
-323.8645537182865
-89.96162456908569
-5.68683130827511
38.32554556979298
62.993840870772146
-30.404870186250168
65.17549865464889
37.49387421103131
39.85826554386517
102.20658533016922
97.70079163195288
44.54598083492965
-56.49835992342
-15.259582767109979
22.976616164471103
37.40712771388651
14.412213762078864
-42.54849845907938
-46.498988291113164
53.76025193445821
153.27467791651725
59.47511257111094
-27.96591403480943
64.79621535194883
15.79832002258756
336.0428558006088
107.2099204582662
-348.8907992550902
69.23966527299399
25.954255815074703
-22.575729600141926
37.87550937555969
-171.6060732198439
-32.01734828801389
-313.85512682266653
71.5524281491555
-177.60974533716944
151.41705253028704
51.57552020605334
119.50565126756635
92.00597216762753
31.12282898501553
14.857744251644947
95.59506309922017
140.04355711251492
-74.35856964025197
8.5633655688069
12.76039548720161
144.12939706944235
75.72913620398572
-136.11863074648
-105.84755283054437
207.531585706025
86.4506977344605
89.25934775674523
2.806852946930576
110.01946151975119
64.10604868942983
103.72922152766
-15.121314986178655
150.3384531485949
27.496144842337458
174.87822888060964
75.88805451003157
100.8645043338978
-109.36019624402707
-2.6915277283642354
33.367456490029326
59.65856700965105
-3.0073228548082493
-97.96710224604533
125.41996239845457
-104.21042625145446
13.188522062543628
103.2336550100515
-772.9808026037808
-347.4898626176382
-0.5201055973397968
-173.1654779685723
65.7392571668662
11.247707323545796
37.258209341333725
-75.30797386769672
-7.631511199644706
-272.3592610491105
160.90367101331776
68.85253969232645
24.92621366194802
53.19513091841932
22.426780779878072
213.9098209800759
-0.5845692950886985
-1.8307930534869363
187.08487643878425
108.16923030678527
65.08459727910122
94.25199185123387
124.17852975706592
83.20374124297047
38.73284789232797
-19.45675894046235
15.188840027780032
-14.274635260997572
5.869267707610106
57.63873515794694
124.6107414324249
149.5309961930277
28.17609683343172
43.76689373209078
154.39694250281764
-26.450689208353197
1.358138159717921
16.15638219820885
15.403259174517014
33.75313207701032
-3.755757727025301
29.5003224886951
89.00511260065025
11.07449465950306
-4.239138353560407
69.03340723735437
23.590118714498786
12.247164702728696
111.45438514573607
33.075329602285365
-30.36996485308373
11.385468232382108
126.97856028891056
-15.12394864985115
238.14031329466434
21.05264854721281
45.193414926628975
24.391901853418403
24.88380356923969
74.44133864847419
48.3369432988568
16.411715079945044
54.804960838247545
-55.53721498929599
-25.676286254081106
-308.30116249320145
-61.284025570267545
-52.97464092996179
71.65517875333319
68.73297266563111
3.9916862580980705
49.34054567554995
116.18021981862262
-85.19365219186011
3.636354014765402
12.697381380000673
14.97458632825951
-2.491479135395475
85.7918137267261
-224.57454554842116
63.697051540300436
18.626794220423108
47.80193612335131
-41.117116824796994
17.818795535551597
70.34594727773492
24.175396254676343
182.81797577775478
61.6436767234357
55.522402308766914
59.41647004232035
-77.17470765598169
41.56098502345798
72.21067182668536
-216.5610656902927
-263.6973522010021
-16.010577608918044
-230.61861747458715
23.930688490731242
40.18375326419249
-19.317698324515277
167.8500501905537
37.44894309315144
23.686443009939467
-155.05985364593562
119.33233505551834
46.116118740727785
27.558884352247503
120.1261118758789
17.50552966040732
-3.444984214645501
125.44431467750292
221.00410090396326
158.24021282451486
111.13814867921542
-7.410431426040971
137.92290554251758
-158.2492990032315
6.064781433776321
17.532860264598142
127.81323748920784
-675.1798836507733
-344.7114669801972
10.149114012687054
54.397634104624615
-19.375476215977567
45.24861177094988
48.68569039579643
94.47118288831825
69.12212294364508
184.75369552008033
60.289241507778286
55.1537719750996
80.40649268074912
-252.3529228966372
40.256479604808646
43.82326852601736
12.84543300292928
75.22249007139118
46.912707411839165
77.50371112019548
-76.34761371321687
-5.491757795973626
33.706941324418494
-88.77460432610405
131.23546382812037
7.076867302106374
-25.317946818442124
-113.62757626271923
31.82692013629034
-166.78555142929918
163.16174080404198
38.340375728517756
-155.7042734380147
81.17216035395614
130.78124590484413
-33.0953879021447
209.88128876572864
61.086234804001606
51.79206262743355
109.84495590267852
30.610753420280634
76.72803145085663
74.94339054944066
58.929613644664755
1.5679566584111626
-62.80483645200957
87.81809695380792
-19.232028321582224
23.457916528570316
45.52582612625847
37.354371159304975
75.85995540865338
-13.28799934137487
-23.79340843180671
54.39529166263674
-43.798638220336215
121.93964869041247
-55.325690832084874
53.07899555927651
-757.7456671588247
20.312813423810713
-146.95576504021574
90.5559594879237
-102.97702570949878
96.15284702541476
201.72028556058876
27.563229629350246
33.60200665908721
-13.196209904839634
-7.942430248630444
31.126655266380567
24.980709906405927
15.268869061543914
74.14366235567115
-73.0490864549356
20.154249208789203
14.602801757220277
40.99246490955193
203.69073981509655
5.866148151646284
164.5061176303443
97.73464017087451
72.9392338209583
53.42089484185799
21.24924698239943
110.46648103377083
-16.33385071802286
20.631908409436647
-125.64750580337432
61.29373950793388
183.3926785866156
40.476898304754876
27.245831122486834
46.97486579303677
41.016535267373
295.75936492257597
57.93001446592215
10.095985421038781
26.693389359169124
30.324221836376967
16.962571835791415
72.15223650028031
16.76726638712671
-208.8130540469434
-58.4199521525843
-308.28079503116805
42.41792772211909
142.48012634620818
69.68141608620499
35.20622281365665
0.3121782272669136
140.01001884816515
278.4416075011868
80.23778841042736
3.563273058032337
60.177889583071526
-9.190054726144808
34.818367140836195
104.64519699684115
41.675995139539566
183.90739073272061
191.70986374521044
94.47629305066721
57.33037861505227
-105.28939595762267
35.09539540959713
-31.87191505422379
83.84795838691366
-3.708920936064838
-31.61223426231254
-92.39304733394368
0.13894639634307235
185.91081263366368
77.90757502997621
-13.985894402736465
-156.86665824868396
40.9663715882989
-15.54658760638813
129.29645177611474
-4.5070641918161165
27.91695917644924
36.06410549693883
67.83873485797085
27.781918009963874
48.20433238820481
81.73326231382725
114.75426428627588
-136.9512486247886
86.80218897754503
123.22971984884771
31.618539999067252
40.31225818158186
156.13825996999321
79.91386874604859
162.79598074458409
16.503953267434834
25.12507601437374
65.06397328494563
15.340729752591923
59.718232883596556
41.47300890456904
-4.1966294234231265
-829.6390566049822
55.35856307603996
-81.45528371835235
29.28378885925386
43.44590825716796
248.70604434223878
-80.26680151730943
-142.24190379542688
63.6215526893003
55.80345361872378
102.11953893324335
88.27016330799904
-19.40349859147409
-118.6048098383094
-93.59333275664176
-128.62207142895704
28.71812274848305
135.1085613474197
9.081956512087515
45.428641359517144
71.59537131020716
-29.51233758343081
156.7910795908506
-40.61693375933419
-18.360397797432668
62.37604482565848
73.31346853005971
13.292215712758889
13.977211026419354
34.853412035223755
44.833895269363694
137.16857199093783
71.03358745213609
42.78078004907303
15.75746944705807
22.419357550298628
20.193028843897537
-73.23327273034101
-293.3531942631207
45.8279695026971
-47.7066403611625
-17.809990875796274
-17.99265683253307
-3.921623423987512
140.35810734309098
39.99574062670035
-29.923276069918575
39.128596398550165
83.08240109070584
-155.6540178879104
49.88304369693742
156.02240066529203
-204.1731410586408
141.16152014547515
16.295686666612337
2.265072563101967
18.065914586679543
75.05948015495323
22.657311810921556
54.29593121009981
9.106416287231381
44.07105310229057
115.36141795658841
131.33444348900775
-46.0825555708147
45.61644810857038
18.31935339170741
9.851594086409435
57.49668842978758
-25.637693577255504
18.600224410309515
85.31239941540161
135.86552577517796
152.08221524628698
15.240994021954066
-3.565997740051611
-199.0366988345222
86.02035923953304
16.78013185739439
8.58610173130159
-5.894771458470586
27.64418238746709
-172.28063499346354
-63.79539884764397
-78.26764673927073
27.398160349742973
0.5831337156064365
100.60907867267179
65.065852071137
-46.82209818744326
20.63502539564779
-243.13792452033476
159.91095239408332
-9.451403759294408
83.18389464596385
30.293603473884104
-11.638181755120513
-23.847943700961878
-6.302032825038623
-4.79482554255754
68.52076495871472
101.46443938690936
52.387213692984346
105.32218953785878
51.91851990623739
16.028086036097648
41.05536367116929
17.596400301395917
57.671385989848204
127.6389849558459
1.0619624561371879
47.07389667582629
-21.21800509346349
158.957671909714
114.17824784439563
98.97082219744107
107.9661651549477
85.03385845574985
87.73367423957916
180.5197966902092
1.7050957401831108
48.02824591971239
90.1698284737281
-99.8657077561711
-16.893675000623915
11.148978268696737
46.20984477729232
78.44601077181414
135.16392533426279
39.71811045337529
14.717175616050099
-276.5564165232481
-4.706713088384181
9.14775826864684
43.375316102663874
97.38533798456729
30.44664990202699
-247.6810860540245
-27.246721379962136
-8.743960368998614
65.55340238746021
62.45367096064433
145.7682799197678
-76.30823834659031
103.02870752431636
45.96135735521895
-117.72800652759543
-11.456886820162254
-315.1639256211569
84.42262890765278
-387.4578325974623
49.08988854208222
57.082944328402505
-7.39344596896693
107.21806699404351
-1076.1573705365113
69.80761966583759
-332.61261186514275
1.1819111607410508
23.52513541976238
60.317312344885295
144.28156207982443
-7.863930039400961
24.679954206589343
81.35631231252898
36.45386986062266
144.36545228748628
17.518101744107142
-4.861558262905786
44.83668955084406
47.364867226923685
-79.0938926599556
40.07974856210008
134.39182081369245
14.558273704475141
39.877895374148956
-6.931566122743789
-72.92623753428597
29.474316603640546
-18.991934265096358
86.3527717869697
42.51937101197883
5.240825956668232
74.4374837715236
14.348936684163426
-136.6008146082695
84.15395487373735
-18.716222107975227
70.58848003808907
55.74981048077805
30.55102987365976
101.40491821534442
64.46241411105098
45.40454142470321
41.31972930760094
55.69971883665221
-210.81699277795542
4.69974324692384
-1.3842073802418342
136.77552744483228
405.0045190622841
53.95223657123961
66.47341258263214
114.41494990910451
66.74898791763371
5.299877616546184
-82.9678769521556
-55.41189097383573
27.47182144054986
69.54588635475648
57.37984067787768
48.85130443910085
-20.54192540502867
53.234971985356005
-111.71711213817434
126.5583225825909
20.346189240323838
58.56369179798958
67.43377448550586
-12.418565964776773
74.4853119685265
56.51941049117568
115.33559107493534
286.0593490559804
44.92444148003335
154.91511267889814
95.79627304022642
101.50561807560302
47.96740374809822
28.064397938576803
-114.37527522468554
57.17502775377886
102.6578644385263
192.06908719849343
9.121768864390095
71.99128062872205
-31.41480820102129
-1.1165881554911414
29.702179670254736
85.65284799547146
-83.22613885052078
13.6830057694615
27.457204477730553
-145.85494510232547
-123.77706933149557
3.086483339696315
37.7635920469679
-117.53407771231196
153.33572796924796
27.082169555496534
-169.21494127823553
-10.018221268881007
57.27582611576142
12.408463338775931
-601.267418095128
-494.615557747622
6.440785745088565
5.370845830135087
70.29502631748846
7.593109751905977
29.68656991214266
-0.419642810389405
88.52435942217053
87.94329535452698
-147.87127358704493
66.48229250586667
55.691552540889006
50.673159268096185
-47.87666627906233
-95.13790618770281
26.23240344202104
-3.676916771225933
-37.13340767967702
-50.30639972958443
94.63685563386548
58.614345433938546
237.49599271246507
16.615615044143205
-63.7635035684296
39.06129529215819
7.233767080172366
-48.79373502466751
2.3668767933010884
46.489677648916526
74.39270211281558
80.33565221605761
-1.5978318219850967
-24.998614620718445
22.997536681194457
-23.635468853231487
77.67382827799156
75.98324065944598
31.204487343756423
-29.048690353111247
79.487439676534
4.814218181587876
5.441322615938589
62.20824852630102
40.90794765809352
19.701163126386746
98.0385080625042
67.69696913323507
-63.66449184002886
26.36888639992079
101.57676281963131
81.45485628531878
-106.21224814106063
10.58988147136479
22.340540970426876
57.03524742653853
90.38220597437493
41.97443003905573
55.2084055742971
179.8191946273705
-6.557876487078666
-0.829588378701402
-140.26795192576083
115.00745678507246
37.373088017471844
12.529215084324752
49.69137114609888
-36.254498490706965
-45.538163033626915
50.26755481599986
-17.434201796654108
37.42134472031769
36.639436739098414
65.71590719867964
-8.358748704006597
71.9103998079604
33.04838361494164
21.19182562986225
62.578985813347344
-20.141487628823597
76.66070836165102
9.273874056375266
133.38755230720176
154.24923104757067
-47.91245771075637
0.0014207187263899357
50.27747491264199
8.360773060543018
-10.74531868542756
100.47618159882768
-2.7349770197456147
-70.20344936894617
-21.067991134203627
32.319115022554925
40.81428625281433
9.505495994320242
-97.94231028959257
4.9062972762017125
29.740568575311652
-11.733584993035363
4.563925452857703
-18.25570523679653
29.515878989600424
94.33212131793198
85.05515832218725
94.60844574250802
-6.22966061920631
49.87623315692647
-127.41299588026595
-1.237093171241224
201.96317053402254
122.6729130634792
31.77121388722572
23.529860870813646
15.957051496124095
17.297925263247812
131.1997748749185
112.02459630365956
-50.627689790585464
4.126278555889883
-7.189636390860471
98.40848405435554
0.840526410082464
54.356172259959635
46.91179393894299
98.24328203026244
65.88838461906664
70.58427602130021
122.36934717453119
36.58195345790105
45.52024311352591
97.94757906999189
70.4981828762634
94.32196200894168
33.11707653990865
111.3140847319637
7.83459362786607
-91.5517851214936
144.0420699095189
-29.693092896876806
44.71910620403651
53.68479968979716
50.74970422696515
33.62059227685437
-15.234898412901986
-0.045093396963029525
-8.07477545625991
10.720223734020342
3.4947660170919335
51.5032221439385
-17.473409692660653
97.75940287468529
52.26700786213746
42.219236546385645
27.233677452043622
34.60596138044703
62.89218005921282
53.71713319283572
-146.1333432792403
39.11805830094602
12.86539865943755
-21.442035464428272
37.7339499245918
-21.995002094022112
-118.60284323002361
-64.06298116663083
66.476241416015
16.86355511186183
-6.705260937658526
11.14031182767878
-104.28032335956959
86.92344403744153
2.3691511129891296
83.89550060870079
-130.87888265200945
-26.075497156651636
21.194615297947323
63.349603293810446
218.61071379249097
98.7248347150412
21.507622100877157
1.2097227242306727
4.588043236836688
62.011925813900916
166.2060785098954
2.2836789090493053
-142.78369506947274
105.95626609257761
44.14964400167595
-4.488537240096349
-221.60130913732274
-463.0796711562516
-51.71800031128487
-33.599418733520906
-18.689215960064303
-84.28400989801457
90.05638564933952
153.6234897542074
71.09959263044448
71.68881532036357
101.77720854409313
45.94765289986615
12.061939797057676
113.15979431046799
-14.103872041719976
97.18976908691593
167.8096343067025
50.68296510181389
72.85530592085343
87.58102704930229
-584.6631308700644
110.82721799977662
31.919688795665934
-41.16111451018605
-1.1475140408054472
26.653140726853962
40.37374167005616
33.24599480407869
35.2437850837684
106.60303690870751
-106.13768639312582
1.7537166665058144
40.63198309156745
88.2526101641065
-163.40126646887484
123.62918861719118
145.31508981827847
57.269898191660104
58.921649044714286
164.40646614882917
-58.63981999108233
63.54317770453167
-505.7707570365609
4.164667202515178
-267.7581905965153
24.093217330618355
65.28719824822066
89.70892855068792
8.314652976109327
22.655335795710503
33.7153579084179
150.65677167586318
34.843607633482286
31.39348374701376
119.59033807080391
-9.42295278182337
53.03727256540769
67.54011224999488
87.07068730778519
17.823692284694516
-62.386144226796375
43.283505106861185
11.040933756941216
-280.2810813296437
146.1034642966688
116.87645668839059
55.395913566329
-59.29454730325779
1.222692875166341
36.89772091897257
-420.46660698914053
44.03443326533716
85.71562175528425
-45.06627203141579
31.48054151973873
-97.06560308335133
-41.62703054067694
46.56513125547042
9.135274396832244
139.97431011292701
-9.728211471954188
83.97563829716319
-44.92520906539994
-47.880970404754784
-215.98119086890074
-78.0217243645161
80.91837641886764
-21.049909995231182
34.85407054726761
90.75413706801749
-79.37956416006182
-114.97998621785428
77.9382816480267
40.591514807495145
100.1802608475848
43.60597208440362
130.79842973026848
73.03225638097138
94.36002807683508
33.16097619142144
-15.545879896917926
-90.13710229550486
15.943910923887877
-86.74996571514839
86.87111657235027
-37.67382981166702
-45.29333885443566
51.705692623650975
8.11205595304272
73.16830281286684
5.867644443616882
15.194525717038232
23.278908838398262
-65.17552124687721
216.82537260885147
-145.44844976898185
8.136353345219902
37.378182299704534
120.91900399624615
141.0558842196674
-1.2417037538043587
91.19042905992865
-128.85134687286427
16.091885536487553
142.2023644476035
-42.90976719534365
58.848054330255906
43.536690693676306
18.186894713810446
-111.4801637485848
43.81622293197884
-101.84551976037983
33.701030334232975
-3.676176160512341
-104.60261521916027
44.82445365398871
11.032205540519408
69.4228148836437
-358.33452493255436
9.55772689492187
50.90122827568147
92.65551465893827
-0.15793898844731302
70.14685289989075
-0.5913094102729701
-40.97706421580415
-36.1232532139893
109.0159908489236
45.40209695883914
122.51948395341742
54.452198141623455
170.09445900150604
102.68549910562888
40.69554013470863
22.101755159683197
47.7590219384684
126.42598153365361
112.19119920751473
99.9816612539455
-376.1350180171985
20.503894410728343
-85.38562636894403
-55.054593692169874
-159.42874695842465
-15.106826433545109
-150.10226223016753
141.65647173214847
130.2206497131233
-21.503600677503073
-2.1418723246937805
101.8702667381217
124.12664905269435
35.69367375047494
32.04237688485226
-26.82929070819955
61.388603579585386
-29.007560746869643
112.75339473957229
38.7067854660192
23.662476171408798
85.55225989783389
18.441342252337563
230.85497781645017
91.40635498707672
-109.01512533539335
-63.77038568384569
-55.468811973173615
-15.930804204433626
58.97805976802147
127.7235549011466
30.343151928241912
-217.27455632838974
6.689782779964844
26.092910757141908
25.648944839927815
96.86178648198302
-50.44209192636572
58.32257156577942
58.45146897094219
73.40418824365906
51.88357437427021
284.71612350939085
4.731109632060927
-424.64073117064527
42.889723674249694
-265.51886313911564
71.50478645894157
97.5092181315913
-38.015462654362636
-80.4104423915669
71.19896322257918
0.7119710412539917
145.39784581479125
-74.83154840339012
148.5974173989266
10.89021338061093
-118.53351090890237
-26.064782671001012
-30.777058073746502
41.167332924191214
80.81734852434755
35.45039601368788
-52.92905418489681
27.28451834258894
82.02689373425864
86.19380188618709
23.28631230026849
3.801609712075373
16.144905255536816
-33.24158069034581
53.80860083377574
74.7369725929766
133.52038077972384
62.39665191641495
102.16259812669159
41.960573144549514
1.040912130234119
-16.55057064563107
-22.271579926169604
-25.211723323878545
2.8375323850967913
67.58385113239353
50.31614562853321
-60.57476063360659
78.6534473116593
100.35197367455567
73.22848852223433
11.846919474218794
74.21045274843709
-70.11168433558737
14.5789030652643
77.89381929316232
14.64834594555441
-427.2336363532795
82.64323152295003
97.80649622253986
142.9389382493307
-99.47442814825081
53.96453337505787
141.54110528668662
184.70641146539265
156.07219847984015
67.80436566543449
-25.556554601155312
87.05141851678582
7.513120420912287
38.08065795850919
83.71966994244963
92.5717180795018
130.5731818590266
5.168743651345267
94.03219330093634
-1.848484960056794
171.81337307396143
19.08193380813611
44.83387600874889
135.1482263777889
33.75136273057886
17.591277025887724
12.736694816684576
163.76490608627364
64.34007786384362
61.365923839484196
-72.13257526443385
34.2164563109903
7.457635114809322
-273.84044678179
-619.3832986629695
28.37911234491243
-27.825472814728887
-25.891881503287323
99.63379947270596
-12.600221433160641
-25.189672604598528
-46.41250110454428
40.04266931816
-23.677745751630578
-13.956802449436509
-82.84136268934249
144.58178749423473
-177.743830532193
-22.227612481567576
53.78920467879412
37.328689403700544
47.210455531354455
31.47789125907002
30.044527359120337
72.53506742073026
82.42372062908544
-117.76720487638383
-231.8042172979361
29.63304942125677
48.26170282227531
-69.31368769399933
115.79994088820308
-43.70550005505311
-683.3159810444384
-80.85245767902688
-29.993689025563526
53.41803829914876
121.87835042545544
48.15439303417382
116.15945047324158
96.9629133095259
6.595193302782706
-64.87635262190172
99.26613535435615
-140.03540823858975
-102.42548615665783
-79.65681264134764
70.21072227621607
-1.7313485106845405
21.934095523371525
-147.91502755006363
-721.9063494801668
49.17520090658172
33.31716320743392
-139.8009608613047
34.44885795447806
52.40545018871035
97.01246343454113
37.30141991482287
-56.24147746158087
62.04360162596978
62.49464600063129
13.402127286346968
-41.956305033129865
51.06841566076477
18.07423126611635
92.59259493366494
63.98883754714552
65.51023604940428
71.6712568739481
48.637279590905564
15.934370074459821
53.57149907760498
122.22323216179348
2.0511273499387244
82.52668250326678
175.3655714581737
5.5180669944631715
50.02363605607991
34.19387326286642
35.75086450349315
48.431400978982765
96.06586695336983
-16.4941372383405
40.40315744095278
4.998372240775103
49.40587338036221
21.646569092590653
60.473996159076705
31.698335594329144
-184.064592378626
62.733351336045416
18.108271818236993
30.335482384580246
121.57757090895848
26.802161070298027
-24.823382971579896
-27.53793104271637
70.31562307573981
23.812732161839904
16.696749613812244
38.02372441845455
-21.033457713583175
-91.62818435558162
-7.09191835779302
18.563270550397647
309.2504523608177
33.35760709046116
-172.78443654459943
78.32771698947545
64.88592113372147
67.31953116789549
-16.45768703130888
-173.18466398008422
35.9181438369503
91.66177867719091
109.26951443581902
49.183392484159185
99.48699336751531
50.98462275169959
-13.191829876454825
27.512298953798563
113.77181873586733
180.64910009445248
14.040361726154515
41.78533035700224
16.48182623738967
-200.3424994206107
20.856277517437263
-113.59636856912311
85.64918669082977
21.06189570618099
25.468325789734276
17.54335694149131
28.753339470655867
6.864615616118713
37.4980170647208
138.61879373972033
-10.773674845980645
57.3508677819018
65.53315030668773
-58.118635136031116
99.26973027778809
139.53163665086208
-15.615120574282393
-53.272096955578945
-94.38281067199205
95.6953256010429
-161.24440130248513
-60.70032769681893
-4.473858323854984
46.262455359530755
115.75649940184667
69.35237365185651
65.80813344367175
17.41937508038133
45.1642260396934
3.9054635738075376
97.97414629048262
28.764323625895486
-21.999843411574147
-54.605571156537735
-81.14771560497138
-145.0411298240242
185.14208707950093
24.893879628531757
102.60123451480285
0.4422242472117065
34.45292119201658
73.16484302921617
7.9273087814272
-26.328872017046706
14.485647109037473
44.08730855241851
33.04857794591274
163.98498095623654
117.23937663676497
100.81855744001302
-240.82065420712388
58.057296691793226
149.0953012343207
1.4156885748242871
83.41175822578475
-29.51207363530864
35.38970516315832
67.92185087051894
-50.650158963779965
60.95281092917497
-12.45716426264495
96.37640258663532
105.28150811940242
58.48439239341906
101.11312679841376
-20.996041877431196
25.972152473130798
-9.651232393936732
5.176573164804681
40.99097471577605
155.50187138475303
-132.98440740565275
5.873884615042211
115.08641596438883
66.51539777053449
97.15237109655254
-4.282990600124776
28.930048115711998
-107.81828488533074
4.576245680423783
35.897820320842314
8.464767011120006
81.34238842004106
75.75513959387808
13.278170302644448
26.85474832036021
359.6145267430461
68.02053621811649
-8.53080296472677
-364.495144329474
200.65423474319596
45.239221329064094
-45.371703955607245
22.92073358850031
32.059278013513634
39.3447853013879
72.70636705199854
57.95702115246877
67.27040807180653
166.22555059934461
177.8906886290663
-91.46122188540448
48.676517508206416
59.02389085456525
-53.20296993490191
66.64739583271015
-61.31557405649983
-13.887394359293552
-117.60988192273453
57.76476572372576
26.773919997160412
-52.57683830026912
31.696191587431603
137.36656312074274
72.80083495240439
109.5488984515514
-151.48808263171895
15.54621526959709
80.82269273973134
-104.71653211508055
29.800697860823725
-75.68596870307601
-26.825517658456093
20.27730806147052
-1142.964917241632
63.62639617826346
-15.859713953190004
-198.19843091004896
13.356227192336789
-12.313217532228919
-16.434903975080445
27.50491322879305
72.22787988638035
-156.37676757101826
113.76589666727386
32.99759172012584
88.7689028188961
10.225653301596317
54.41048575787977
-18.57683681075816
62.790298032973624
33.38907760033671
49.17829876089195
46.61915109104075
113.79131079492618
-68.12619257312235
74.28806830536632
-407.77219450058783
43.76313942892948
37.46353081563083
141.69762831520757
41.46711458810387
9.325465579133036
-76.22306660184404
-174.5791564765068
-52.9927222800884
76.75348396390774
1.7310273911638774
-3.975716117619328
-33.09480669869936
2.993735351034047
95.22248671164834
228.25390640565
29.106011234347857
-26.528977424809373
-82.0209702639795
-25.738295685086086
-49.01740982994852
42.246769824048044
174.93088693843856
33.07057412819338
-6.24798595014272
-11.512546112311384
-104.1448134375906
-196.00423572616455
-128.27303240073525
38.445880242501005
64.3697914197628
-15.604212216686847
137.4515562890292
39.69568616385126
152.2646178605628
62.62443857019525
41.88308988268831
6.279138801019685
153.4036904565196
23.796064758780012
39.39145274502127
-6.797148289427771
70.06415112667145
4.212241159352743
50.40288265531626
143.8381352702736
-142.21515564306628
-127.96708948507239
-10.540350974637954
80.07321842905765
29.102203422306033
-157.72654251792937
43.64875852964633
55.09532369940018
37.73964511481228
214.46262398865952
-12.260453220541876
64.47798677370383
-21.07895890240661
37.99099384011771
3.4818102760238077
-56.30914070878816
-28.679839881907924
9.830778615861796
25.57073581356417
-18.339215268895256
-34.26530081603735
-33.170888059169826
70.29591858660933
95.08752145138692
-117.2184812840118
71.68807937742804
-121.67493851859035
105.41998333973811
-60.00248324725089
-144.03418225340192
-2.6391684302201717
-19.789001260773325
31.204970586645928
201.31124126251598
47.82780208664906
42.53306048342381
-20.967886459970263
20.767662203917098
-109.96146997114784
61.64616839301763
77.02226463920834
-45.82422061471277
48.17612121049504
-32.39472398723039
53.59854826939022
110.51278737023495
62.97430889937627
45.02581957885072
12.750648812893814
1.9361584968742063
83.1662157837693
29.65095983042022
107.19637747313584
145.6819054063826
137.29490829722545
35.09750428116391
-90.16607256864836
151.35238777276572
16.349519707771258
26.20377435715187
-135.10249734188164
110.5793395098417
-90.55487365137897
-148.84601961557564
128.90876047149686
64.91065245823737
265.7428037448144
141.87340276375153
91.87391727392378
9.506650794630332
157.1308050129619
128.584037439452
196.09651898456013
-4.550689654426606
62.1589723810074
54.12580035084325
30.09908431801432
57.77387613844803
5.126269523012979
-68.40292415127715
15.142646995066936
69.83599696326033
28.296054883411987
-28.316409474308365
63.077290254959166
50.02080287243234
106.16348482075773
49.126245732906106
101.63098605410039
37.73940241978768
30.299458155084835
56.19459156032701
68.31824524665308
49.42013991262441
47.18720685122502
82.11195998531775
58.95808331744104
62.74020530554867
99.37945774452055
-16.270548845534904
5.637169957348306
-3.9335245329824517
119.93044918031774
178.8265147523166
142.1039310377414
109.6827923087908
87.93656598596664
-43.73883035729432
-231.5362488379198
30.502646809153248
252.7742096959596
77.28655005501878
35.412435434899635
-115.00614617331757
-26.007670220298078
9.402629078927156
-40.063525208818405
212.23209816749932
55.608927505533785
-62.5286179813188
-43.252283521573965
1.6768650864759564
29.17583516855833
-142.83744455058695
27.50680154652349
-25.41479979369842
-67.63437098875784
85.41208035623367
52.86318377081443
12.200905432299395
45.231988712952216
193.63740548338774
13.2618095292698
67.65386449612284
-1.598679208728754
144.97300647319253
100.4015455792237
-17.860521010884895
-9.895503390725935
58.00891034591106
41.61809835184634
54.42447000953202
62.689859345725125
206.94757688558047
111.57313564840751
90.74502274755287
145.66147437821382
79.8528354327459
128.65363409474867
33.31333139090547
14.58839924913353
9.45144925717247
146.75451317268926
81.46782043307167
23.621600882822293
39.350668079797344
93.28821019413465
71.63369551573487
-63.017423535703074
-131.9596011628919
-80.54630518154318
139.9453687071159
-58.19010479612905
45.65490781294149
40.07787423631788
131.6535254190935
-70.68803268033753
25.281693587803943
-259.6459754108746
63.49297303906877
17.6021400033292
98.565088418919
100.03938556157675
20.921201064234083
-35.10473614675034
79.71693176773624
249.68052288485796
-6.304441399052548
-488.57462602829037
-29.21937171123986
4.008690624404238
82.02497990271468
127.65185764783632
-27.738708314848985
93.72183799088452
9.686043419353155
-29.037809455575825
0.6298132349431484
16.101991419061505
41.52334630312981
10.64192822958093
28.728508953267294
72.6194242469196
30.304100764466565
53.44096442783348
27.63329186474266
-198.7282499895491
24.505516472141426
63.83050528139893
3.882221780246198
-97.47348736735694
66.96827294519767
-16.558560614494144
36.50455680607547
-1.6551126971917256
72.24309412159312
-109.99264948902601
61.85217400084514
15.84827810784489
-31.953535277814808
92.831314411015
-15.093468607194511
78.56350794476293
14.491304536143767
39.15195268730063
58.55384427474783
5.965795977123787
60.8545291402188
105.71831420143565
-3.4147620588874545
33.16223514157082
116.32814279776721
3.6298013520837458
209.1103510813914
78.57196013774856
29.367849340872
54.85556246702782
10.656402716338562
-190.43797470324262
18.43309926590587
58.72670320692288
73.02445423304744
68.23417614735386
-1.7576798604349335
53.72639878585164
-81.2763713778495
103.56292373011786
61.937329680936045
-86.32838825855379
-92.99912869851914
-54.24340908642849
140.23774217952996
7.2409376572600195
179.70176585224635
16.323858531464225
146.25138923144095
122.85139592115729
9.423756685967184
150.63651266433726
54.665844156900675
23.82958502443944
50.65582726363101
7.716956516670052
-1.380875714090294
46.44550475557935
-220.28194439479557
62.149803051767606
-4.708365721110567
29.92753201544727
38.75512922219687
80.0923249029662
-9.53946891769192
45.37181488144972
54.14268880432823
153.79664291054087
111.45912827863276
68.76694294074946
34.08038037598306
72.06708692318352
20.646474588359574
69.38447757761969
22.0439432960693
-24.563310517336234
10.445025654506775
56.95440509176187
-15.46233806304363
-10.818617620972686
65.53388126758273
-2.6543479768851705
38.995629505690545
58.32859625561014
118.06189675530777
-86.35284143860099
9.794083451414622
-172.80175159135
19.420712702309963
148.43882818095153
149.10598335377063
67.40023566717116
81.04919364589406
123.31631119530402
71.51467976851018
30.586866806313438
34.18979940912243
91.97969861178399
47.954499956967666
174.10130336561906
53.82761621099371
-2.401023615604915
-16.570547935621185
-7.547168590094285
77.33720568579247
-2.182946346285462
70.15950317921988
-139.25473536758227
76.77843699329742
-90.21937801720196
44.112504969107874
-14.139146910701268
22.077902076844037
78.67770536837452
-17.109607043354494
49.623493645680355
-2.7227889597659094
10.481838454577483
55.35115457772076
75.65609961968403
103.40829042574501
19.209046667111764
70.89022400906117
19.992394181316516
-35.62257915819464
46.88953218206734
62.85508316007615
119.45263438335019
-0.8725336281884211
-49.33821158642104
29.705298020720754
136.23422200969048
57.64137224450815
1.5089639848392866
110.12888268538745
0.33242537608930434
69.60204031212652
26.244201635682508
114.72185835108507
105.47975030488988
184.35968301952835
133.4818821437143
-34.26193489862967
-12.346490564677168
124.175402279031
-51.238444090501616
95.74100356829922
-37.8073274938497
-100.33124346084826
-356.1812495401655
23.144351150418345
131.27690618361703
125.34405622724262
29.999609688076152
43.33609954191075
16.75217396780737
41.161035997955594
82.22121121377171
72.77458797389201
-58.82565895707749
105.76700485845004
40.71177584700324
-58.89463050153017
14.766001143595174
-72.74546046790147
23.627521063268887
-6.3643183773083365
28.805052439043322
106.73196597531023
10.667926568559324
27.693867959183734
-95.4089036641044
54.157665530018676
25.283328576927033
59.85462302463816
33.60803956759023
-237.58227741581095
19.630845309008123
35.182158384144714
69.2947844432083
76.60766331062837
-152.218403703047
35.136306933126434
65.06956803028311
87.14976708268682
13.052757558129542
126.67832414655686
99.34118942109626
91.94872675471834
160.60538510970264
29.60344524417451
-80.2680224524911
35.483369732031555
61.76365367006686
-99.49912774301629
28.593748044313788
-49.94766427883633
-7.661138750737824
103.51755528065314
15.183744966941845
-11.424408913200411
97.23106822336013
73.50805442262435
4.865733162432662
185.4990967244894
43.483224446949976
-39.23460603248749
-23.349617349068467
-42.96251027559629
-12.942507034184132
34.37275049301434
43.886957545239326
51.434158682104616
12.731879394643812
104.79401567672221
74.39830136713772
74.07736965938057
-83.1350722715506
44.70095018891698
-87.06883878808458
-134.34120606293527
172.87498795952024
-160.87665669350645
31.400113702390307
100.06985071919507
108.93989529875944
-30.080902787025025
74.75450132388232
24.318309887132973
12.929171585703003
-6.211900202219142
-175.9228735418119
68.69274046236774
73.92920888627032
-164.39788720343495
-7.42164119659715
-13.88324412979
-96.08206072750045
7.171906748055335
-36.38308171866811
22.060914927174252
50.325656469305954
-8.416009190223608
171.7844477822939
-155.95087843766487
-12.119839017715435
-135.23574188912426
-10.231088809273722
32.90467286006543
-3.6974452672320695
39.17852231739809
-20.754495558029255
50.99001290782661
54.899392527896204
45.24552507266975
71.00872580643818
71.15669763166875
134.89384345042185
1.3555150216877583
11.849518805166174
114.34102815511756
27.283248154179844
146.95552275353975
64.12034479856493
-3.2688579172555112
193.18073178310624
72.90203547846909
7.2524009437806995
43.88197753887562
26.03878898105297
135.98969302311843
-92.11890973444179
64.13755369748696
72.5563179752811
23.835164259610984
132.0366573322308
-157.24522676990318
91.54946324433604
168.2580921792446
-91.32235328690513
-11.970576687345218
62.066400899938344
-82.4556022194638
53.79301588331528
-22.64511659929076
-9.310874420222262
59.459844656019186
118.04295963801269
39.63310402840335
60.07399880536166
41.07847596005877
77.25205831612482
18.633363644637484
5.006433607676135
-32.165607043610635
-212.751223432007
66.10455098781316
105.2458732140866
65.98053083294462
-19.628074397518006
26.073092275649287
41.81162916777133
153.01202175827893
-208.84300601264476
7.877753954626257
96.29378145510049
41.33924624032443
-10.569605145341939
87.46489268682546
98.2009842090589
27.303417443020408
12.289205347595498
85.14661017945082
-65.78590200010422
-89.74082197308599
-32.15908659275519
142.37231899111976
47.519755841874485
-31.95295765646432
45.602703180003616
21.45696491207036
91.81402520832671
95.95666972794766
26.654271615519125
4.661843687778738
-52.21827221375224
23.757989865686508
-18.837321750149215
-73.83044909650334
-5.4447748085276455
6.099671778293251
61.022202807775066
35.45409656959055
104.75816423582808
51.836153139641134
-166.7501772452133
1.114837148690726
250.24199365513232
7.492345778814524
-80.76838118843443
4.09815897097698
-28.850111731330344
18.49820317702666
163.80869083175867
36.22689047902679
149.17221325080118
-201.03585488709632
41.7488525023781
53.93223957999567
124.67529256717489
32.563258898606506
30.822701591099758
16.491572772222526
3.4975907246572606
58.62040099153137
-100.86815882389556
118.47651393483648
22.657820903793443
106.85529518418298
49.21126523074007
40.38216784108343
-33.82030862464944
-10.077549619695645
-77.66839923930547
10.239053345238972
15.676924198282062
-92.81389458624919
77.92090038519314
51.01057120585231
92.97561499041194
82.27041659759493
11.165248243756642
-13.594267423460508
126.29028906517601
-141.982177166984
-3.7424381399760023
142.6480078037771
34.23298500659997
95.38669302863127
-82.44815732748157
31.74322642196029
325.20814320894124
6.381496498522765
-42.46768772360509
45.353310286599026
80.2441521287119
2.6577585952040863
48.44767122456558
72.55032252364867
77.19926982279685
-28.438625852139896
-7.082663636051134
-16.101340133228245
112.02962796439397
113.95544828275979
140.75854874752713
-18.37216826390477
178.11951383999667
77.2230939279857
-117.37455335242703
37.173538229341425
35.16878696129925
-67.48300470972481
33.82589879208837
103.04022754206107
28.106085622584413
18.029760499242002
-255.99614147116245
73.52778041886495
31.669530306471948
-64.49983645220436
10.977461695145063
88.590189530707
20.37119015603018
154.14039619622918
57.682362250033066
23.258727450773495
140.75563267751704
-79.27295134495398
-66.61216433799086
7.720967541244136
128.57514388743402
-908.1100296269697
-16.306496940156208
-1.3801904203401878
47.00118801196159
-38.8139726249264
133.5544292237198
-97.39468822844537
-156.34706496743456
-2.400137512561445
91.47955718686944
132.45237846148711
-36.42970997678958
169.47955622707514
16.75407275221687
67.98250369713878
92.03378835018793
5.419050874655511
67.85017156260508
47.25289908936611
47.45061343089856
123.56017337514083
56.51699751509659
89.91872105067796
14.364522557006467
119.17061278219899
18.80928917348092
-72.08212558310606
8.039645063798943
35.84391827754871
-0.5515868462537128
55.208435625138364
5.932013847031403
-22.101888418743783
27.301909286860337
-29.020669510990814
92.29719630521777
113.09949643328628
14.207571500621054
-234.23221425292468
61.73087563286708
-63.12722561256396
21.201939593317093
69.21217632377045
-25.149032889464706
51.50600192413913
58.42487171607951
-22.73750655687038
66.36828699476882
-87.84659342429768
100.84499410229614
-309.5989417965111
41.63944927622036
28.262102159279493
6.9106317906118875
-27.139250342735266
25.843330349836442
21.980235517080605
171.05232842372243
70.61263834846534
26.37647526551109
17.479580591957582
-5.107210563686099
137.4355211997049
28.643548021380006
-189.09716240837224
86.39689568367658
213.92100068545096
6.8089086077653995
51.837198693674054
42.506426956012916
18.157832443178904
-23.348027488162188
-326.6578560846933
117.82593180017102
77.72570434738464
52.04526313938641
25.72514467901746
15.188369948958906
-48.34426797753804
-102.57314494994385
-106.59107151404129
-20.117991289364
87.87635230701699
-190.5444859434283
-26.787929758565625
107.24902740936045
93.30561877887618
89.24989352431476
21.441642010113405
79.37551801424877
91.48716912551919
26.07702284728748
-356.55243380003003
97.77774162358787
35.620385865151235
199.94651810340702
102.68374528654476
114.66651441663703
25.85056077948515
42.47255552146186
332.1382194159214
-57.705227126249774
42.91460992508779
0.2226273919730506
64.23731437190952
117.16828523191725
-70.26927248910852
100.72500650384518
-102.72353022262905
55.77730408829521
11.989345783268476
48.14370597799734
39.47529650104855
43.70001371829767
48.49449519565934
101.72382931492143
27.343851848589903
93.82695296528482
72.9316940059507
165.14503272158527
14.592330661041053
152.26468132766627
62.60844601641975
32.35684138491767
291.6650097542947
123.68704337972531
-129.435089939318
118.6113149323428
78.98728228922832
-101.08311206534472
84.11823371670653
95.27168721286853
124.28270449123738
-155.75289306905006
39.35327546457938
63.679028059266024
-75.4137465390586
3.3637511018496298
-8.47702421319309
-62.3630093930592
71.77389544545485
-73.38050916286556
81.7555511483871
103.3079386082286
98.58296303168254
-1.4949698991027844
33.31208858524418
-40.33941336469843
128.3619082083983
16.32384914969748
18.568452060260956
-25.44135729806021
-245.08878093043495
32.68203435984924
35.87594655588578
27.508856578431732
86.78184434818206
15.834220393522966
-154.6877190921441
17.821814983027252
165.87277195683237
86.38719186016397
19.563756081089974
72.46436263777946
7.413794850771943
22.751500317120936
91.67224196501593
-68.55091673713105
202.6815602704578
2.9875984561863334
39.7859757924291
45.18722334117365
-18.01563743719771
95.98373862632616
80.39763763286692
35.905101717025694
-0.35144984685108716
47.63995284719559
-1.1673255997364516
71.92142077668177
-17.090299332818553
26.28081998207051
-351.2610332948043
199.67947136601015
76.7431128807857
-12.817323329240935
82.83402961310276
59.62783240332101
59.76832458290617
65.94839434596952
24.68079408566958
22.556316230972243
-11.361513206768905
-20.55539516172992
37.11463174175988
25.990398800247235
38.06782699632879
248.6667220424206
133.98090838444477
71.1780185509129
91.52700523836484
211.2661439615713
63.89981344516582
44.463074837243994
-220.59208505270908
53.253446744033226
40.66432487344224
32.55160758508492
35.32417296849826
76.01395058969592
8.224909984009265
77.55445768861046
-24.89859209481108
28.079957818427857
68.20386272168696
52.22281001110514
88.79020163030509
-39.20445860392283
30.772141316985
199.743484827251
89.50920874556937
21.32234961332958
-112.0107254687764
117.82435081895574
29.340436697993283
96.2979172119185
44.44960745894261
65.23664340888917
7.35510170590851
-324.13561629230117
27.969567765926197
84.14111639749626
23.171982104024664
89.88694021999072
39.071370853338124
-7.1174252824283295
78.49511158048878
55.686640819962406
-17.95142050550296
22.121256587224952
56.849125375123236
135.48207113733542
14.071715075800626
-823.097418219012
46.35882686367086
42.63167328711529
10.286623810645224
75.35537509419032
47.21614580081019
-114.08666586242907
-41.40209861242313
25.65808681171425
209.63796662265304
-83.84515204195668
100.69256285128813
134.93258762164805
-33.48034538195134
-11.64888456430981
104.92980875484318
11.418365936553528
52.277030160578306
-46.14769981457949
16.4808317708696
29.0494402774048
23.96279082615402
50.576680327332326
115.62435021796273
97.50693212183342
-1.9274443856335288
107.0982881859452
177.32198371821005
58.93010366644353
69.5600908862292
-56.10709166026817
72.07175119982423
101.65009525613368
-81.91034051435642
72.07420099855972
24.391735854260702
-0.5203218035299177
-46.8679382110206
7.1072621293265
210.07246941918493
-194.75854259051084
-4.950155713111599
41.858558281730325
-73.53952027682703
42.70162064466033
108.43323551335834
-43.26628499593289
171.02311647146007
-28.756759731233615
27.549945672765237
100.93267326785781
32.190538416766685
-44.0861963287385
60.568995311538515
50.48908650232488
-16.923012718197242
59.60350529763839
112.18991276001361
7.577420594177283
-22.25464786301342
21.639648646363867
49.03988424184601
33.51726184199474
83.57531756243134
-12.030316712612313
116.90206737936887
22.119820543774367
-158.88431310556962
81.6186841191963
165.20547674719637
150.01365814627206
-27.681431188014372
-158.6418947720722
-2.42311324861826
-12.770207416911944
81.60471643855544
13.417336307900008
-75.7235478094326
105.47118015837373
19.602852074646584
-27.393858153002835
47.947870704063746
93.55815198092017
5.141019123896058
71.97847772813111
108.604056220021
7.476907293415934
-33.08587327824398
106.03832930264844
112.11984938650494
48.287387276713616
168.08666865128225
-61.37319759384718
-41.31299262194352
54.125633278893474
-23.91468993750865
43.6756148985055
3.5498273733250585
39.16689223419641
-25.740257296162326
82.61349702537603
82.45740518027446
-0.5303772749681208
-26.10017617026051
153.73739140915677
71.71702535873828
16.014237468400918
59.56913666363923
76.43053699463323
45.18698557188145
5.007063773373147
50.966557215207104
57.76776164608634
238.418064196057
18.501016986600206
69.42399312991557
42.849075443874085
45.13486855667938
51.099533495827814
-16.1029173718165
53.838587980499184
-44.53959601485349
97.88038712030811
252.87541620081356
108.91010134472162
-65.7745983986947
184.82649272938988
63.767071700898555
115.83349922874947
67.69056915059764
148.30251863701233
135.85352666275662
136.93722264913936
-14.04532108997056
-148.96984121690912
11.755025944195495
107.19141708086363
50.166933586054256
-11.989537291070947
14.978885785467556
45.27959749297861
93.63765360068737
-3.3650541876638016
76.77686299761467
-49.84952253329038
-7.939578637691284
-98.44300530434612
-148.06106265571816
-35.763103165757
66.80118002179594
60.738015782797675
95.61814953643278
71.82751273890881
96.54445359234398
195.46598343759933
7.589660425368038
-212.04785193160933
11.19266170259396
114.84694105893004
1507.8517169306633
70.70396349470435
25.68824052149797
28.356634875963437
64.81538844287047
55.002894761803624
145.4892138273226
-52.18883133524287
236.30822871019154
5.828299334523763
83.27294484903138
37.4163468630523
62.83498123964145
36.893866687532295
7.230383282377161
24.79077400269507
26.518692584362725
34.66688202421911
85.61489890599341
236.09721166311192
40.46053644605672
76.58258400784962
95.61387297977899
110.5511841705993
7.735352236409204
20.287873381554654
-12.240113847625707
50.13944231716796
71.81058301685744
-62.705853121932705
5.069142836295173
43.646594439679625
92.95027417224117
-21.840036063319438
-90.56194633407243
40.9517539610622
51.63792273707247
-8.795245309830534
47.925447774916336
104.85640751905703
106.26689891079832
32.678837487269405
43.510580784465674
9.105916121175778
70.00448080817966
403.2174419087678
21.285628040435068
43.77209594980741
81.910882262845
-21.395438068935324
33.08308017948555
-421.23492500957366
93.50044405281062
83.88567751469628
159.0878743722917
68.39277690237054
14.508965890914656
-112.59882879108773
58.12099840632747
89.05279977254816
34.27682409804129
24.22807921175574
83.30153453460639
131.44305386647784
-14.454800961365436
21.166570127230116
8.210031484833507
1.1117458768489996
23.991704919973813
40.14685656333344
-1.4268064796504032
35.40212258201757
-134.65173228658517
131.49316031122066
24.244968643197
-24.761210437725296
1.0684872454812648
61.14599483921438
5.330179478142494
59.846007526838875
-3.4518069691284836
22.12757050083522
-26.608928436529155
298.1689238884137
-78.09342568922239
-6.48268584991547
62.78320909692252
84.48146259257192
13.160678682062667
-12.459793962031881
118.54548745267516
91.49315496618556
11.832985401214128
-20.83442588583364
-18.15983299589925
-22.30719324940787
92.2587295672073
9.299797534227919
71.42207718756549
75.55350358644057
54.25543665625855
207.14278369407566
13.960283564805076
23.432838895376456
27.523775777472082
17.67833757192726
-57.71783477281809
94.65720815627128
218.90183786724583
139.30347242708513
48.81511925960657
14.483470652671283
22.654021738328282
60.287456487962345
131.46065940947665
34.988384461909575
-19.307478620734965
0.6021550877572012
-323.1150203533539
21.94443790407547
22.216086136252176
-22.091832196756798
30.235044665169152
234.12805753186058
-85.12284182446706
-20.852466542437305
-41.45932223249929
11.351631436823531
78.06571022852268
74.60495364273288
0.2216746495904666
203.70780588215803
171.0585059656562
169.83132056535987
5.698376377828617
36.35546317928629
85.26414166697577
-61.3211588960321
-0.43364555655059434
183.42147533964044
149.3239274705436
20.127763441923772
-77.22252706628205
89.7889545714811
144.35691244102122
-354.13996707467686
35.30798451822693
-6.209574283715986
113.20682366564915
52.42641398997526
-31.2435690471944
-190.94868797145955
-42.17546394396322
-93.90559012681193
64.83563795202349
-32.4104151761371
61.1991353495232
76.66352940992238
3.6124030956142406
-177.89555641908646
47.75136168396784
32.36209317599969
36.40946109566403
13.993489895829157
83.12643889785431
44.91098766477586
133.2663311567553
61.76881320043094
52.5871358612164
119.61088523082435
-2.086586535325523
7.116408290282133
-13.28867449089796
179.3989104997445
113.11868995913437
-101.77240775257042
67.95721745425459
-166.6288493846214
76.18978115390871
1.30152168250229
-2.2483530053867655
12.778070276935068
34.96321286773761
84.0959429795206
7.534160743674122
20.429537683092224
-66.51032959418774
78.98664165841785
99.15625295592054
-54.96251339494754
44.19620501514136
-39.96783527833839
22.15543226681627
80.6496835598823
50.45122312634476
131.22966957963308
-343.4354888542057
3.519634311788137
43.20126805664526
184.74297168980456
70.02679398370239
28.906994499148517
121.0558623715192
55.10140666713214
-11.185483235113242
10.922756430862137
41.641344503232304
63.329314773943224
-20.36315886820148
78.78920372022219
49.277033860806114
7.772674412983368
0.9713399069576467
-47.85167700156035
-11.25905619995707
-28.768162510268212
-18.194333973771954
12.816954018602246
9.258957039337695
53.02133175648669
-164.89271887866016
28.752907545309338
69.03381886959633
39.69378168160209
123.02938943262143
-16.415688314003546
-251.9199332920395
120.24146130796544
67.938312705688
-166.28431951413086
-40.02449797810368
-11.012073266469542
76.23184748420408
25.58039157303847
76.65241940782087
96.60035592966256
-109.78448045013897
59.20349184825591
61.57920276998584
3.6048502684617745
58.11972909361978
0.2650770358177688
-0.3074063958962938
70.70783615206068
-43.04221122548006
92.95353349625464
77.30472216066937
-743.1796219615817
-7.180564663694639
52.02901926760147
-159.62976074034623
134.94639069382765
-578.6654816242917
62.09715743902245
-9.702408649927577
34.76525138976058
-20.998927174713117
91.31325479077441
83.64877160799372
-15.732324127653019
-33.4156536163664
107.90150247753309
-146.32591756101607
120.49662561071091
-144.3379704610038
132.20561694670323
31.36215175146564
42.78796726604395
-114.88744583894277
9.660017628935748
26.715498908979953
53.496135169955394
13.761221861354898
21.190962017709026
23.80428193168109
-11.990628212205593
40.14500008383815
-231.09708959042962
67.92770765315566
174.39442062401167
90.23283178911515
8.6855688285859
47.53813253599284
32.52612307020445
23.338675308028712
156.52661681624386
-45.65955733047089
33.17792738264083
-5.100354001259802
37.55032574396702
-14.283191824956702
49.104103260042095
-1.989865375862018
5.194042071862272
18.666696595508125
93.34295387922612
135.7754227744308
139.72660852555737
54.828310779424044
45.375443397277024
-49.959333155334626
51.301615686183325
-18.512080330135177
53.03150254080326
-24.539482909534417
-78.41768268726901
51.83923333252667
-36.82112974459913
144.17109737118471
-6.380816431557749
22.567183765434095
-29.991411804681775
145.75530938858424
75.20541306510393
-158.1379196425238
52.14506504556903
-125.46806248400617
-76.1696517699047
40.98869533371003
62.90823590391858
66.12276215647489
-0.10061554178810184
101.32356663288647
-63.25540423552411
94.12197096929503
26.110970736868843
21.84546264431787
62.69280878018526
-41.19399839697735
25.508960959041264
-13.621626513295492
-106.54310746747615
19.05168481376404
-67.9843374097581
60.375984949627764
-1.9446783624394846
49.29917515153875
53.55013474968774
89.84638962402278
59.25135735342317
7.801817887116883
29.312107254196853
38.47886892956194
-30.81119349275038
87.56363861778755
-46.19142473140755
21.16720520165642
-91.20744223365318
101.68517607677404
53.94735342146805
61.933416298538276
28.85523963612195
62.01604721296417
123.49155429684959
7.932100451892573
54.306621892784015
-23.082039588771472
62.9401662456321
66.78854689255286
42.57210563452918
-28.844572825851174
-178.67742289904982
63.270756785271175
5.074636952245612
12.48679708043868
113.08701920315139
219.98215389024017
45.311912340524444
29.146803166651647
73.67281345258289
122.7109611187941
60.701898445065126
18.762137766482283
42.67448600513788
157.86409884507725
107.51276029855035
11.18259730959491
170.0355015186965
97.02171546894078
22.412878507862498
58.13707711222423
108.79199301761332
-80.4057667371826
9.92394890838932
9.431827927279773
74.90556268752789
-19.135608085460717
210.29092877288895
77.44889290169863
146.16935879957236
-5.605095928479784
10.739278834642505
-117.9223055161724
14.309588861382943
16.13011134237422
-29.700093294735325
-187.36279457048067
-14.785406317422586
57.47218559950376
40.50491270067507
89.33302278604788
18.97560042666823
28.889519704694635
44.24779362542637
-21.706420211330336
89.46870581903903
54.430731188733716
39.38399765635597
-1335.3149550868784
56.1362686994604
29.291709432961504
-71.22450951509836
-31.924564413886856
111.14756355591499
-51.953826788938386
47.5244860980506
-18.532990696220168
193.5228691033758
-64.99569332345982
147.4952555320101
29.460074932290148
33.253973391337695
46.02589622848194
8.589205550857471
25.747760575999564
10.373395058436472
110.6982299886597
-121.88370054220468
-89.64046025963762
-45.86238181110206
46.33930115207284
-177.9904524825415
-220.7780731108096
-376.8106348194224
21.437522101846774
33.40238519962554
79.85263953262802
56.87187067066429
-13.79033398604912
110.77139571526641
24.009558487652725
49.39471980620722
110.90042764386521
-4.069027748493026
-38.617349811789964
39.75924346148947
-6.181666882236186
168.48810357317143
61.44660943088986
-51.32120162587572
4.722609943524731
-35.51139783624608
-855.6018288795874
-30.933875898370683
13.234707343373884
59.89171027983468
-158.91570801513717
124.02144579290416
-69.31543879838682
74.52167761742476
24.225446926074962
12.391626288722087
52.204548648885975
-35.871910803526404
155.03105967673673
-135.57071701390942
112.03662248149021
139.87381869848195
-28.585401046982952
-33.31651499323589
25.206036842282113
8.490959245934153
12.968309274195844
35.464258938464354
40.144109415175436
20.36119536162596
91.66900106845105
114.51849090371252
44.08516252748575
-183.89428980820776
-41.70889571650038
-16.666966757431965
9.74214677082667
3.18981657328848
98.45930337317986
61.52260780906629
60.509492686840076
24.24998866351855
57.37586989342594
-149.70602226160463
-114.64066243887646
65.03496343024578
-4.341933900552322
110.86043325153469
48.860899485548
-131.58579113549604
-34.03128282722719
56.11794846016223
-31.872268943145897
6.950039347953037
-6.775996377679803
8.917856084247433
128.23111523396256
-34.913078599275195
-44.72737573663426
19.957370441892603
89.09638691019006
29.983794177659547
156.3736339706261
48.594019448634306
-25.07741807058858
40.74176857523129
41.129136366383705
99.56428014865651
70.08300409199455
-0.8675499738749295
-116.7859666088857
81.87878419922674
53.781469502077925
-204.03547488544336
-316.96967952244086
-53.384932332714016
-18.798819099477914
105.28608072618226
-216.88237601387027
13.804995023768988
40.5223183584721
-18.078313517016795
48.99950721952718
-142.9678307307222
39.07616419774513
-10.765199364240743
73.19881877147418
24.87142035137561
103.77271658258474
-47.90232893696839
-3.7925159584537482
43.26241229475946
33.81400136428556
29.868647116745613
-154.63788143769216
3.3752742788246906
0.05636351427824593
60.37590227528881
3.331269493077116
72.18175003393645
205.1561240966655
4.412516982578601
288.62194076632795
-18.950321322310344
5.365492236734546
116.44789387797846
26.263591233751058
45.47430925608364
56.75414324743045
118.45877953753597
55.49809490778222
-63.59214801321866
-39.036862833665054
-24.141561086814647
67.36534662499446
87.2097525772524
-185.6090420892442
241.89566695122267
20.00650836909047
61.04108631078361
9.38119276148832
-9.732389117875755
25.215585538847336
25.75673010909395
-76.01917900181479
97.3050198159658
-244.57950273206507
16.91517547430177
-46.95936445266716
24.489395495986543
108.4326805282708
18.534665189995707
96.84231695257495
88.43963137153116
47.95951639793907
-27.976585355732368
-93.62257954439656
3.9014603871478357
9.417711609808066
-25.483560599699047
86.2736631626164
-1.3824068424762062
-97.96032051419616
-106.98783796729276
50.695953571641695
31.657323781706374
14.028572309091146
81.9041849744408
-137.3224360996419
-27.833816361145182
78.88485731718674
23.094931486569052
94.4609002595439
28.073672909581923
90.08851296081525
-49.39457954449745
54.503838382054354
157.8791071763253
41.5559963345425
-48.15390844614103
66.00217017087562
90.01992509506863
15.145791313954803
22.013527145900184
-24.94553063425143
-15.61913101682411
20.42180302485361
-35.169742185467385
23.337464719888885
180.14404945941078
166.48704973471104
-79.157788005567
0.9898023644340199
162.28948820283745
-11.925798152016341
-2.0537378431361515
164.24852182958102
79.85718652648325
222.4458298005784
19.160874022254763
36.854326203021614
53.36201351390082
57.876669913709065
14.552830023525205
64.81528823393367
14.564976323711353
50.89239085589691
180.38931214547756
-19.21627754058104
-110.61590174807225
24.52848455120498
37.92521512890244
18.410662800630234
28.26312278046663
-4.919981293718138
34.711135078542554
177.46648580938518
28.219761128825667
-83.29172799588758
117.5278678639811
-89.294427916725
12.983747918780864
53.035287491327324
-277.99253047355637
18.189558334174308
64.26266149529945
75.05107587565908
45.36345595529699
-39.155946498183354
116.35184940674344
35.344959921458894
17.042110345812596
71.78949735856168
25.472890447929643
9.729912795195105
218.18970369075714
33.49416730510269
32.71537745667169
52.72067300111303
72.34545723102065
61.0165377735093
-48.520041865608164
175.60416185604822
76.0385959098171
139.77467955197608
5.737698872874707
-664.7963200060406
-82.0536717537243
-2.9968795990953474
-85.41393927713943
-44.84970778740021
-3.954191792236543
132.70908659036422
148.8958779025993
148.2010083849009
36.25254691046818
106.686047039002
17.102353740875888
53.82002360518254
-38.32547132610716
-16.98740366567716
49.28948360319786
37.11562052038697
124.7695504501919
7.137925870759716
67.3421930694281
4.2394984898360235
-22.32348134286599
77.13319170882642
36.49517451244463
145.94179122154492
80.65023464726232
49.60428543935927
-48.256602480732
-366.0199194754655
-24.225899603457037
69.34989081914978
168.9984877133752
-109.56604470006096
-224.19431910721414
37.56671536029904
6.459800559905659
18.212195082847206
-526.0921562739727
63.972350279362445
24.114980773868
-202.99056489349277
51.05337698824971
55.512589729299634
14.617502989024027
109.52883882983326
26.897083151943207
12.390130367669826
-60.33181084763557
24.394478888540732
-29.42637481882639
23.405800997992504
24.974772144889698
-37.68708482698639
52.70704614214863
-26.561167639612336
73.9774938768264
-19.429817090061988
193.80857493183612
196.7451721769512
44.10909228851324
-20.181711569610798
147.35185071632418
-379.59006261991453
221.79445987321924
57.626979284122626
104.82067172735879
-103.0415638503946
32.42357942008835
77.59000858317648
51.87842023315909
73.57621098815616
-15.821925744964807
-105.24710700005426
62.40590033134663
106.87227650693808
48.84993144649174
58.19347682987791
31.63416542703817
-103.69047860855244
32.17793635656906
207.78088750448137
-219.09221981541305
16.2123921778129
80.4468790874007
79.27170380368028
7.544606339851013
70.26523726134133
-107.8532435083971
32.14139859397798
-108.87701195480986
-35.03096401284438
-81.18381330833881
-69.14900198948908
23.044215620917385
118.5961277287538
163.51885966532245
10.4517640997174
18.30563852839234
76.37762765054492
131.95115701869463
-132.80219099777423
7.492144144423037
-12.097128782341445
-171.8348364552876
108.48649682609005
-155.90610768743363
-154.27913762061507
-30.15545919690976
17.740980914891416
19.327772702635652
107.18363211832957
94.17910281475915
15.631257057124913
109.17297286206133
14.993596211935312
-20.863982626109685
-49.78014282226835
-4.656860957064089
9.234974642316288
-5.679300723061976
125.21800096639708
13.144477838774176
-117.1044632872945
-351.3369151214729
-20.472133162233604
5.158921705720161
87.44468072536222
103.11645425133554
31.520997362344914
70.68628221000301
121.71433088471076
2.336031991451364
3.2457433516003005
100.00469617878514
-12.660737648284737
139.29303529991216
-314.2022520636374
88.54893225319393
13.474515467104226
50.38763797489446
-27.453010836136855
137.13165961510913
51.621779254538524
-219.4653675867362
-0.8550897585946586
92.88733443086335
16.001323458818277
141.8195807966183
130.14034415994638
54.51311887509148
-2.872586174553085
124.99320094998347
-6.740102908173867
28.08074544339141
-29.71499010214029
29.21764241742374
8.470930107768243
-15.293393950629817
23.867872886643415
0.4918440583554143
30.176436002779894
-1.6327628256649358
8.757722195775955
20.13192227099622
55.30961377065296
40.82024401468964
57.74121035890852
41.84166163305781
115.51020588367282
57.06624478519143
-26.968168976006464
37.214836242910366
68.58626564046176
-1.9235100543536916
36.60998886195134
24.2374042366691
26.387522823405288
34.32577541967445
58.381632329106964
47.46077179823634
30.318955404961002
-43.33839680663823
46.384089070565835
101.37156222001659
5.536551831317478
8.110512399442541
-1.7649549718908912
66.76394086584241
-29.95266669318291
45.21137731849922
46.528903475088754
172.08394455413145
173.9937187231135
39.248000451046664
16.13250033921262
3.714969976716498
-174.6057773484372
192.65934133879136
32.05024481637747
155.89749033099815
-85.12579530305266
32.488728240323304
162.05216378685645
108.42409692706383
74.09283367623232
-12.445124391529726
-49.22950394386362
111.46026752999222
-8.385355733864344
14.774335663554211
-149.38453535804638
5.581512314394552
76.76156076604997
94.98264327587776
5.796876227149369
-146.16631978994792
-248.37555461093143
35.96614013288338
-4.754486089228067
69.49570138392872
121.00025035359522
77.50022738872894
23.590262669515653
-153.90680932626583
-59.58070209734524
-30.383403464637468
41.84740086167204
32.83264606066842
-18.23366737941944
20.61243548729844
-68.65560365298302
-99.47297213284446
-93.634319198909
212.21141251237577
148.69359689847602
72.6652372104486
-46.75856163164917
19.914254095019356
87.56408178370532
137.0748357272464
87.30870552951865
6.70243590221425
124.09569995267907
55.40467961444316
-19.41389298823117
26.620316235881376
131.09950908241854
48.40237308487076
26.130394930590683
55.02880176732833
39.41439394377886
51.94888420700681
-16.118279217405075
24.338590273154978
64.63022330085593
-24.335646876424818
26.96892809593848
45.776279426974725
145.0065000605473
38.99709476423908
-30.407983855919866
58.2268066790255
-67.89407295137423
12.42548120737395
-9.412853986441633
-17.689308054823556
-13.874684588935452
172.3940060392165
-31.152328575922557
-20.01680914502458
117.75092575697772
92.3120443289248
281.0358108665532
57.03145813631863
-60.55350359207978
108.3876091105758
60.44025242598548
-67.61079816785468
33.234078683850505
100.84404867001092
237.50599573054205
6.12076986949579
28.840573886122314
4.704418867905417
30.22855756827724
137.06022411804133
175.24123019278204
21.88282130864247
-254.2319516637743
103.94638058511828
51.87217327736971
74.8274494893704
-12.081823754598645
53.7683454646791
90.0848675486451
38.16311835997885
80.13619955677765
70.07541543539764
-59.5492987517664
32.51855588343096
-0.4538162573801401
46.1687795890125
-81.27852274195402
0.9270341060464489
89.08756634709607
-10.743326178931056
52.05413120226723
-96.05880651150937
-15.496729886578297
93.80003437009907
116.73541015094338
-0.412170526299235
-134.27964316756606
132.01070488791083
147.00839712109268
64.3414897990121
37.12224206819121
6.246476523382785
180.81683130500323
29.2214137963864
-200.81620381097582
113.9295108364463
42.620470691959376
8.390825062359317
-21.186995985414796
17.55812094842204
145.3829791048811
61.69389830403169
61.71768576865543
85.01277714124149
-34.98457657004201
106.25462684302033
101.28472386330554
0.6133875046834874
44.1432903035124
-6.6726886975255155
-133.8571028055685
54.00842051990446
33.09698672153572
83.50255626631633
17.418986470865956
27.78646515735788
72.20046708535858
-8.652249303244401
119.35046892166383
1.9283448959120904
-234.6212115056669
67.33933736326999
70.91459736392085
88.58227113974829
32.16753956263012
155.93939726492022
21.53470254019032
-24.233288447052562
-367.8751571471994
-14.365736218408983
-38.4385718642734
-36.67384891867232
-108.0775622314186
95.71108610935403
109.4705584253852
91.57657137426844
25.505066484200288
-14.356146836854172
16.03015830444062
69.95014354283597
3.964225937415033
39.38949441510499
64.42915223290447
-124.1458634274386
125.99833384972703
67.26637842449065
-10.952437275032096
33.785111167923674
-12.593874790532162
-46.89000538989603
53.89205144704219
-10.558586591875716
149.17192658483737
-6.4153503036743675
16.559432971108066
5.611311580331403
125.09431708257239
33.924749423760936
-4.406943058317337
37.752774939090614
47.47362931836771
-3.3113198915600854
109.90624451930535
104.9841488228883
88.57528152066288
59.17552500570394
110.91276733723271
0.9773041903726355
-33.11699837537313
5.63464581507705
8.03231057933155
66.45947137664416
62.39514198060197
10.50438170162316
-340.8555342650425
25.7383121912535
70.68120309495407
108.09986393741838
-25.376456422696393
73.54001095703899
17.14111373070245
112.46840465827245
91.03244487614364
41.355091651917
78.97829454169141
85.54574182780016
-137.3762012183433
-105.42480215887281
-93.33942208003646
-76.50620054672254
9.339987154648442
-22.78599971523057
47.94189319367608
13.467980025538964
131.72408293714398
72.4599454788023
57.352674601287845
76.76779830646979
56.126020025767275
24.404080209747985
48.37690351875227
112.46687569902497
110.69322277570973
-17.72678218746273
35.66442864095234
68.59818973735378
48.895726097086026
52.31859528012435
-120.69455848608868
-40.91741926806344
151.01677126070717
3.0408937761858397
12.8641100134055
45.30175734322363
70.5746489606554
68.11923286329193
111.19662326221714
66.47821046717308
43.878586037426544
169.25743479090988
-69.7887966679843
65.61547671962997
20.722027565075997
235.26264179785994
72.25534028812729
55.54392728111674
-191.4831316034074
40.94154845061758
37.98278226509133
-2.547159551989239
33.814760641377234
32.45761458086345
19.91477738338108
124.91123135610303
55.208018197973615
139.74687426701848
56.112763547037275
11.942705448242378
-52.20028502273772
105.08880405775665
17.550093365720386
142.2102551173998
28.550542059862835
122.48456849338572
-55.98633365977321
95.86630349525177
37.31958808327291
-15.628319409833233
-29.571249990477554
59.357378171284154
30.73764552550142
-0.7556451584653132
-72.70641196439762
150.34532696464657
32.61823381588155
4.809501745655898
-1.5928080208275333
124.14513435118238
39.95632049634236
38.532518552633995
52.16614979838505
47.45019247370641
-126.24063355063026
18.446117105752997
38.607422073184196
-127.92793562388306
49.69725874001367
140.2243879883381
-17.166037533963845
42.55719223293772
67.44026223964192
30.20961513800902
-57.75479543572692
129.73181485527903
-15.595758216555781
117.73818498871606
39.9334410054372
-67.58216024821832
-49.40044783463918
90.0159855458287
28.493576804225086
86.39449670743983
53.500216757163344
-135.77547607686483
182.80335330908156
-41.69943897321014
72.98103764613256
-43.817614568034514
65.96467442516854
81.99316981993996
-18.44828703759231
72.82137885920042
55.31166315536575
125.64474652373383
81.33316811654731
-20.609171016367895
132.78502863501035
94.90632123726982
16.70998526436324
-249.6853004604227
69.82627688821043
-5.116658872988239
77.43600906072353
-23.898821255215807
-21.164808160512166
12.070341573862606
88.15572312767085
-72.8372202745968
54.72505808018437
57.24667705200409
14.034224852836644
66.29728652223866
148.90117551880894
47.42963607643741
78.97774553917077
64.43284425542879
56.00571361950779
-86.09113495364409
20.765913992606436
49.73072006292131
-17.647480905030562
96.9874300374949
-16.302632549011832
19.803376638273516
66.44292781202016
36.75246878741973
-26.873142102368128
-59.53351103194427
-67.02518563795411
188.15755622383494
25.08041884622542
90.30666401465987
71.22845025192737
-31.513663307256138
54.54947327474365
119.03565285198783
28.11992467771153
-7.016619695140719
122.61236649339162
24.166708848524223
73.08205731006979
76.80752388494443
39.83772673210005
-120.59660350532658
78.32575192209197
160.66005485807273
-128.85175652713042
139.91320158154122
23.0654645400532
79.0024192777505
87.1492223988289
51.153298881876026
-84.25261059692593
42.0022799185415
-2397.2729564968113
39.44549221033708
104.46130361323094
38.8495986377776
34.87838673404911
-20.06345959930192
75.9850025541957
71.59490917152611
154.30136111146703
72.0841817207014
6.843575511528118
-73.93493226032388
69.86033452458449
179.4360452179858
37.783194610366536
-14.893908015375201
95.37557109454156
72.4668566236665
103.106918962196
57.49998617313486
135.74682337134846
30.528281148781673
-1.4460400697498066
-51.707529635434184
135.9441512824037
-83.40464833563283
-294.0622786404974
-20.7053354282306
-194.60299816621045
116.02989181483781
-39.88666634650017
170.28875501512175
58.99012688281948
-17.360497790949307
34.06677830617657
53.69645363403012
8.517618055640312
141.85282394655405
-13.62044495694876
33.19940636053434
-22.491918807706952
51.15225127480062
-17.68065945457147
41.22771741297069
46.54123603151356
15.336604055524731
27.4330855553873
-22.405856587290145
-48.829924395979106
-35.268610160346135
32.10797906260128
155.53660035434223
168.06215215107977
-19.608232242530086
-103.55512224850509
26.85464707523801
128.49732796817852
26.56826480276459
62.139528863718624
91.13853138216965
133.50385370453205
35.30061241057911
22.120306612384276
47.0331927516832
12.833985503837084
-97.3338966183801
-51.69939569975577
-13.85499780185446
-67.2753138824155
-10.160710636995645
-9.392491864751966
103.53839365541444
2.905853579507376
1.6734570853495825
-388.8088687109277
62.53992842916817
40.836019511204995
11.40127421824036
-151.22254486492693
-90.35379762998946
42.43103671617535
138.97320094070847
-56.518494946241844
57.77482487686373
-295.7471006029259
-4.0477259513031845
87.27530631888152
-48.48415439031106
23.7399597610779
55.90476953186775
-54.54774134268018
0.6771240453402313
17.643320790975167
0.6210595096955396
-25.605898518959748
-4.733407736651586
76.31077938481673
41.17680588027727
54.870111240549505
34.79770002895447
-3.908489582623389
-40.766818550644075
-7.671087026080087
49.46957807164149
76.73276069184425
21.90636599909938
94.23181896411154
14.832624698731024
109.69924236480028
110.33336719415865
240.8197628527878
77.51548918249034
-180.9077630320421
34.588142542209496
-167.20027120361283
-56.23766526520467
16.802073855820527
123.33720901409856
80.43316225932449
43.25169053034362
-18.93705459678995
-12.387416959819632
-17.115686627385458
9.685042419187734
88.3813046062188
120.65681235251577
57.53446691056479
-25.56136261017116
-23.692527939771935
30.79937392718679
62.56981178739255
77.18746596589699
89.27328848405165
206.19153817968254
45.00054978829192
40.08231955518954
-41.67520097387205
36.74229568445753
153.82488306854043
49.25277605760448
85.92207981144492
109.6117221813929
-13.791591627964408
53.41985923477665
15.438866823848457
-3.916973614201309
50.660914368738304
-458.09582023571875
164.86270217810875
121.68905655822982
-42.049972149558016
46.229241877478216
-43.081103734187764
28.642196355992724
44.64677925996423
20.79369277215239
16.363408145234587
50.02966382648103
48.84537496958433
-13.132639620424015
214.31351581331182
31.664140928021425
146.105752149821
57.23119599565732
44.30486227471559
-38.53602038833575
40.89751153496035
-1.5901336973175841
-0.20074628503402892
29.394991372208978
-18.235353552194045
21.30074196695432
-13.715196812788236
-82.18463660381519
84.41022401156056
102.13116651680366
22.083882261467807
-8.188207301362581
-42.47464290539513
177.911348981851
-48.88885942145589
-559.4990205630811
5.232315552975194
20.892617224968035
-38.68599263321219
9.265959459825353
-12.982316421483691
30.695016617124992
58.239412818836286
128.62304843041625
33.598707285501746
91.18205725224084
9.932678676615524
-26.121517873645598
-266.7603910518028
81.2736852236257
-121.12454402215553
107.65593578816436
147.3310680241343
113.8624188839799
-14.222660803278174
82.94078030600542
143.07352350489327
34.919944499009944
108.8471647638994
21.77121238862522
94.97043465540673
-30.204536855374954
-4.42880973855255
115.6355324932374
25.444867302373495
192.712251268822
66.23955826053947
76.75725485326439
-13.689647238911396
-45.21637346785516
-0.9136671422078613
113.59503662852603
146.73833100058982
2.833606965367159
113.63564268842265
86.73296543049173
-18.824081541692316
175.28942687405697
16.46705917014333
-41.39675918923149
40.07733209963118
61.69358137982999
103.56734177576755
103.01203263755752
95.92179589764419
55.04558785944889
-12.041857075349071
44.26796330966545
136.01622456131508
57.176368976459486
55.65192195864615
270.7948312759163
-268.8584447339963
49.22055358564904
11.19072374649079
121.38334146655598
39.65693199614549
-128.2550914952144
-892.3906902998287
-10.643765711492835
-116.82996986154288
24.494395756955388
26.305670870663107
88.66213434797749
91.9242947469358
148.80720372945348
34.28394414533808
142.2307454565971
147.39117856478788
-96.98482516189063
104.82104196546561
44.564523083935
-54.99059428770258
1063.1781832675265
50.82733379801784
22.50390123667512
65.92310142941112
45.90798600374219
24.102949317291287
50.55634997169
28.830130191288845
21.762366979136004
-3.9885619485554757
86.23907360936118
104.39328013291129
133.22358504873318
176.9435466038326
66.5062399250626
158.79038559670062
31.823651633216137
52.23212466206269
88.93077954529599
88.59835370648875
38.72764949000782
20.459255704598277
76.1074350435922
69.75252944983276
-31.986820063808693
95.08924955428938
143.36686844840006
59.713239735654724
55.81366764447161
-52.56698891169299
48.689698944019526
35.34586813711779
77.79300581366124
64.493870161681
-13.727560325600807
-33.46877919446469
30.438493710081133
111.902855696404
49.916922023293296
84.57276248497283
73.13879106524973
40.09118011533491
23.893971778668472
46.156363783812594
55.28787870842376
136.16781429568437
122.56298150223256
182.61975118140754
92.09797829514855
56.89911557071264
26.59114205355702
-71.73243106017013
31.657647113674734
13.500075092115367
-25.448988449310946
-5.294448751771801
52.22256682038733
45.99006919119438
94.84721387467425
23.74144961847845
66.71202323589927
53.29074739381072
-252.1076292842251
179.93923236480532
112.68262796982708
52.01075754195199
84.0736908879328
-224.5524028797331
109.11621341296586
34.248311253094926
59.91865804654725
158.80355990521366
25.64772991558355
22.397520076905877
43.3038560646861
104.29039637282727
72.20497192470575
138.1673651035053
23.429580595830657
20.36651967607486
20.70665114043277
-89.3977249208915
-27.490132587248628
6.983578468143605
37.8701382586734
27.15755942798624
-7.136990645132787
-3.0978952505120105
81.71587624334643
-103.47203241944453
97.46416150159484
37.9365239683998
39.19123178092241
105.1398111075132
57.73335402769334
72.76471650352232
26.659373488834262
-100.08347706044924
23.21307533650069
131.72089790057134
94.73721549925813
164.11732048627982
-47.79169085520607
170.82957618273076
181.45776146153185
92.46437099467175
-81.28616824120218
46.10745906420422
58.52079949845256
31.853707260333977
83.47991109100371
-96.6204977690636
9.57341878468284
93.11231900806524
39.02918349015487
208.87627025938855
-80.86530295385455
-0.7108576249048306
-10.651718304093247
-74.63715310529997
76.22662224441183
145.9976563265418
24.126919250546184
46.738737380241936
-74.53459646372676
57.38264819084483
139.40518383749895
42.84534255762037
-280.3634447282002
156.32471655688641
-11.120485407893375
57.876890335213375
-76.47122522125755
-44.64537747503982
179.18966176366712
-29.162467607858538
-132.34950491156386
89.75113796739424
-26.481734911406875
-281.41241508822986
61.918326545434866
30.274497084448438
184.00423236159986
32.277436519224466
98.01727046026963
32.667679241061954
-2.8131937590112983
33.33324628598794
-10.585312287209154
63.466020374974505
-35.97303686930218
6.583554752570578
8.060095671510327
-5.795363147220542
27.83550906893379
93.6364837255893
48.313627338713964
58.96940976736457
35.589289796513015
-19.190427248491233
42.90650032442977
19.252603751598542
-21.688436575579203
82.04055130596845
11.37383554312828
-5.652312809003533
65.05546526373381
-77.70798987488503
-16.23264845333769
-24.373538393422223
17.142787757767294
-29.853099212474717
31.720177538756346
92.6099474552459
-37.670576060590975
17.00974328882758
17.504030643122228
4.422024073059006
10.71593325285994
-36.60327496103535
-67.63524117794337
62.462287451251086
92.82160596247923
19.07730333019856
9.596540174262852
-756.1742774965323
3.641302295555761
31.684041143126365
65.61251129564488
21.210065740282324
12.671575297357318
83.13984463126621
63.81304308020958
-186.6994853518254
18.130109503269978
11.28967740298097
113.78911139432898
13.096052597070809
32.866071662481886
52.207826993546405
62.916571170969576
-37.448055239043214
-211.45878178056864
-14.97923768572929
72.37905652168394
-164.15639081442214
29.89531556950317
-54.55247892887064
10.077412624003045
24.520965828441916
87.07049985351978
-4.805684261365251
60.679440870092634
126.31640915813955
187.14851526475104
34.73663243138512
118.42863116569652
-6.564107828203144
-3.821109536493907
69.30147199639254
-26.92845241418081
-122.29786903716467
-24.774797052725717
-694.8299845236013
39.00233136119057
24.952961056826098
34.56965738579168
28.122601482365553
-9.22010479425975
52.183226998851836
21.023529944275737
-21.13152434743205
47.75197580449884
25.77452370698029
81.14733949189758
104.8020050136879
74.6158528209894
127.18685742797288
43.09170168783473
148.3931366181332
157.38056481741978
8.628316997743696
25.31506041828112
29.19252599778642
-74.83985514596407
25.725787252174996
-156.13625976222102
49.68887283381076
11.487276284998888
-55.25616153051942
59.107687146480316
-54.43847405918554
107.12530757758259
70.51098451279177
19.206280347087937
120.34649420173719
16.10713839667624
-94.18217901817418
-47.10392718621324
79.86810323668885
5.97157811654597
93.42415298480353
47.51994494801693
-20.387289754433368
122.13101287269274
90.90511402247057
50.091317579393774
-112.81648070416759
12.41329169089704
29.928624748220738
220.8166776932335
-10.457713296752445
165.01952525459546
154.69156320382717
55.215269832716174
133.76667206044272
55.77566914796728
20.006295866010078
78.14660910889711
42.86460363993439
29.2373993156682
-69.9634850684356
63.94462280224374
-21.635848806610284
-21.662212725661508
82.64889513430626
130.89159263823694
73.13313347001531
69.99196578021065
39.163672229815575
33.57557919316628
-49.9123210164685
204.523714241599
44.21978824887444
32.20125063028308
158.08110528577163
114.13696258000209
-55.67918367887218
-158.56446928084824
24.115785809998833
40.50423828832173
-8.069463267751082
80.98375804732677
8.706988709784127
25.071583287349085
-23.629096045187453
-94.38873713669182
-43.72555121832458
127.30373288628152
44.65014934529154
25.317829613311023
19.33869500164728
87.63991023705466
-10.731948875005955
66.70512300970212
89.28227750010319
7.634076615182191
-11.001557099583806
6.581893818491153
-215.43214967158428
111.66156058365254
68.30496274584209
230.873013124743
264.090052081041
-23.635721244639115
25.3457288120687
66.52644078964414
116.02491115112525
-27.838718815405038
38.51408496078807
-97.13340364588385
69.12480884726119
-14.527370570317409
63.4655629223044
70.05281774593954
39.82961583375379
16.209710717470582
15.491016649002631
87.64350105949825
109.643009756619
144.5813005590112
54.4855521024389
43.79521544193065
101.56003431809609
144.14337840670896
-42.39214114026436
-197.87230499797806
124.17803792189034
-14.219336465338984
104.69617202748941
-11.18244466366426
47.27851685797657
-126.89934428870129
17.318541366192406
51.789212082538356
78.66838704096614
86.98394470530832
45.876107243116614
16.323708813918966
36.94832847699536
8.390438592373869
56.38086922375906
109.33559747361983
-144.92115908129745
48.73025812357809
-17.920270972112384
126.74509008427458
-161.49884868141453
27.60609589276438
85.86377042849125
35.08264871763989
12.731972562502051
79.91252683025004
-28.72299476545576
75.13258694662659
52.015799533114716
46.216691820279095
98.28659128674701
88.92985435076093
103.19334203992958
-57.18114290986932
8.561030156421596
11.720462129356829
-4.47288854160729
-58.49498499119946
192.80731964015695
40.49381091150235
59.66086343122106
48.66341662138569
14.50943154622432
37.87789249637608
22.90869101393693
27.170721400887032
18.261532424779958
130.93078829099545
80.01590033199182
83.40680690064687
43.86449693827092
266.5859185990412
83.48487920782858
26.197799243009214
-12.68115470504854
24.139465455008818
58.898824069028706
27.087974059382894
-103.38719906809138
147.9374908212112
-53.057833829834635
89.4694683387429
66.73617502950856
-1000.519070077024
-18.828460568467563
2.3551480450744293
-101.09475657873327
-33.72786297006678
-17.297472048804593
163.48244179114636
48.11442646023303
34.57236415180488
67.78314602422779
-3.3560414683985016
45.81580944138375
80.211526118043
110.30929506865391
95.14019797016795
94.52481092345897
8.906367339502541
302.04009783468655
102.6192288166036
9.85224342918572
68.57366706320556
218.30707080194134
120.37811989649481
21.628630285610797
-114.61787127543721
87.31322172371517
-29.018404335767848
-8.533847749741891
36.78808116198093
112.64719722625932
1.7850250293270866
2.197595054887188
73.21610750371019
76.1653587248731
49.180759661754394
10.893253868243846
-11.79555993852403
-1.2874205174875897
126.01510226287246
-60.87722006257172
13.961863123007223
47.08100204170523
56.100094887594196
63.35299028529971
96.84725353196427
72.01391948601076
-26.76149856826578
39.90445687298731
34.48138206502636
-87.2320511617736
217.25751923428243
9.041732281401233
133.13729321655387
-105.68681079962744
8.13611469546936
67.75222239543697
87.20074859922443
-902.9382298086852
-165.92186254972694
-56.958168215405955
24.20079490739895
-85.38157511682357
-358.4913042995504
37.64751687429066
87.66516785094746
117.29639601278222
19.376332628111392
-38.37008494071233
61.503087933689585
17.85447702630489
22.61966266424833
-27.612189948842506
77.9348849021917
34.36065379463298
13.496625476815037
0.15255946546415677
-5.319871037933353
-115.76369853723963
80.71004384292439
-255.40577548073452
73.90438356080011
65.97960570845407
17.758403256103634
115.67558892748184
38.787635272893155
61.77522902123246
-49.46923389057247
62.38653207537482
-24.1611277991492
-134.33258343932357
66.19018699986117
93.5049773112205
150.8407507045397
1.1672165372515337
83.69829304743234
-116.37407552495915
-64.76012022047712
55.0913071462166
5.847465186156841
-3.0809575034498238
-21.018779333481763
-14.629285640552535
-233.56075288980628
2.544519008413296
70.42788252431859
87.57339437286055
20.037377356665274
-61.698890920209124
42.70390457816097
25.296425471042134
93.15413737392305
-75.7982246682659
104.03581308121215
4.756836959455647
68.23020513939701
146.72434531811928
136.67648246445924
47.900217238848654
-30.447181504653145
35.00226418834845
35.25857395091225
47.11775596800885
16.170692319054123
26.01043763168127
-35.0803934847886
23.446305636578018
-46.61742513458876
54.543933667349165
101.97640198385216
10.047447210341296
0.6507014143325056
172.30676706291342
27.815421125685024
-11.169010318884375
-20.783021244364033
11.708305186991307
90.90073359914209
43.009377035913985
55.26952469392586
-16.706964262886334
86.13262941916304
32.038665372680136
157.37269763019071
-22.321257224654087
58.32101769545443
35.461236900947824
-56.78432084630458
33.39955110980054
67.6369852488373
28.9979946439812
96.96151684403321
-5.55663010538639
-112.45684639976717
-178.35401301451157
21.60337609426506
29.813418692357118
-87.41142490268066
126.07989233337776
-9.928894456851996
24.339926727453413
15.86818740212675
44.63021563753966
19.14431392923178
-71.51475333069031
-3.0824968074953176
86.818850482745
125.17615448547804
12.521381457869097
127.57201412003951
71.16357638991713
69.38715320031616
-31.273010362437777
49.61753925423682
35.787964224047975
17.89896994789747
94.35331483856908
-32.86074554674161
-93.26322554056605
21.207306860699816
24.145788416673998
-135.8398950224596
64.28625143789077
51.42909786025689
-86.40149762742112
118.56123702975378
18.957576937204976
102.59432841712385
-27.60643637276098
29.858172739848726
52.347755488250584
29.515923521480545
93.59715072970675
81.52441763929983
149.8114364306491
77.27241542195122
108.07761877951884
60.968710035530876
-6.449609586191449
115.85669537680042
7.127899245142857
-129.74076323167037
0.38159307867988446
49.61022588087667
-30.440006231389816
28.220736563725918
34.259797196441696
263.5386444042192
-86.92536321551779
1.2391931272196384
47.08879969231639
-86.27769625923611
-15.726900598160682
-22.26137482052809
-344.3705753275908
61.026309073796575
-53.462971802132415
23.290487095022854
-8.607216313646802
-57.826317014169035
95.42794017270046
-31.176512770936526
-51.59924207101085
-104.261642431702
-45.95175353007744
-34.51974382748433
180.61125688169022
92.11185333641288
-34.54696826675614
35.32162559982296
59.600776148728215
86.08220447049052
141.70449378540889
58.385132390404124
47.45534294057093
188.5250798968491
9.183079479043037
107.68687784221856
180.09821976980902
68.22213056963619
-17.675205059286327
12.783009074214462
-41.07443366958205
27.792709611527496
12.197966839243472
-10.561708394218385
58.84430148946525
50.415660495004545
100.77232658360481
17.030863631089687
56.46881642380504
-676.6186603324713
43.64590491243557
-99.7032828078253
15.038156661447067
145.37517098788794
38.28298716991886
71.8773232231224
-8.63990925111877
63.84204859708552
0.47651939357274387
-102.38711058482113
97.40486285280451
81.24538301966186
65.96185728827163
-23.202948461580377
155.12369710546773
37.20297404984108
-38.26362401008306
29.78753440159926
-14.307470772152653
43.456906715303674
42.63317339303126
18.649882564562667
153.04922274898945
-27.870362165521986
72.43951650839065
155.15740357205414
58.48215885725742
46.22843355401986
35.86940906728519
38.09257482554767
49.00310804473153
48.21624780124693
-298.22227216029023
152.4038091814282
160.03678079415886
54.09175926777268
50.73891245004188
60.17641167070849
4.763978221929126
-142.19758203941365
15.741797485610881
115.06460499116565
21.035558544643166
127.13157670888495
46.67455093499393
24.76552571945886
134.85563722272445
143.69070824252685
99.1830181028406
107.32610983671202
30.398573913878845
46.34985882333107
-1.7176481193571131
52.31732583937355
2.7274580355473512
-5.722522833141284
-103.02779523035133
56.15252658397708
-271.5070755987854
-228.2448691807558
46.807528230237295
91.78862412430226
-75.80590013720577
4.773072521968959
46.52958001547413
-128.76285235430987
63.326586251337176
18.042549784342626
-274.0640974352891
85.4647472889377
-53.86859093007358
-84.67659918115714
26.17094611048043
61.3013224198919
-379.8577853242041
138.91711811098116
7.577350797878999
13.108881668786566
76.59514987031912
26.890714107509666
58.80814644286409
68.92475356688695
139.99661472131584
37.97030850975449
75.29234083598749
105.52331229619995
87.2578531181025
-127.85794996047707
60.68318883852293
53.21095864416748
66.01853280223577
42.99465266924999
58.20646426327039
90.41436072716033
78.03007492220786
-5.141093760095828
127.45819119283851
-66.88871996482794
128.33345026699544
29.600420256758497
108.43592453644783
-14.028328313703028
-19.75248613439271
7.084424229162526
114.17592216577032
-91.38154969433202
43.81977943557695
49.1014486693623
85.88217865202267
13.660071696957232
-167.33972061800432
49.903470029257846
38.211557868982254
31.81856388139245
111.40844163846077
103.04073865878263
74.6098802913225
10.461752173137313
49.070443109567805
-31.428925673691992
-17.719004977093164
-44.31631130617708
-64.46629966133423
69.2248282506248
-200.11681713653252
48.78433748253178
104.51559262675937
125.59871583925292
31.50598995175187
108.84555414762917
-296.5110669459591
-10.610895239122328
9.084934466285656
81.46837960000767
59.045912975925376
29.06841141314726
118.6481778606194
-136.260202895799
7.370159006409239
47.42077278686297
167.70014045158632
54.36337870650635
-65.69393905781999
-71.52440231022842
32.03554058570728
71.64227089990777
-32.95624117298564
53.84157453536629
54.21636773986109
113.67494616233262
81.27688283463712
135.63196866226508
14.283757487519779
128.4743390964727
49.07235607735271
-15.145831771044868
37.14699650641347
14.17265301180822
90.02083665470661
-4.455811791055076
-57.2763159690694
128.66175295583935
1.3557023924477107
19.61974746689478
100.87384387727298
61.31445877459089
-154.42846894156082
55.25541999581901
51.592384244543155
-7.478553278072013
28.228842475018993
9.996566131933832
58.0444000391488
118.58792590381336
11.611635617869524
-30.978360409488367
25.370086385670362
157.74148022425106
49.4735945323896
30.725542701218785
99.63242435084578
58.44629028805585
-147.67196391359812
37.648044115416724
-104.16289708935528
-2.4507793098400725
92.05660297835402
56.566058286935004
73.85869592981999
13.122445884488581
75.20229083664839
96.54942774130882
92.04511106377913
-3.499688643078599
-94.53685243785276
77.38767174258442
157.44278983493905
110.51666487306079
76.53735902521908
69.79130313305404
-20.55268785582008
-19.63654689811665
19.030624770167513
56.97676512970584
29.086014570029846
35.26105935807698
74.8212397652087
39.08366134096559
82.00988281455125
-20.396649517195446
26.885644649114518
144.6529720849909
104.18989895897954
50.43304670316404
31.672216958577962
-6.37594204711786
23.79532909580621
169.78918241211613
97.94300002892646
6.6152352120049045
21.063056319519134
110.33158611182193
-388.5846998461848
-138.44907400470103
45.687626803350156
61.143048686407155
23.460537289916424
74.95566649413831
119.66405319207888
-37.66710757867213
-167.909901815779
49.049850907343426
0.28296244621924416
-462.37928136295415
-94.29943459416472
-37.122046254293764
150.53498536589677
73.02028998284277
24.412778646286156
74.21009915913874
-34.551411249228295
-16.889780483864342
-8.02322460814321
89.86279227989738
29.435037367777113
117.48857414434679
-2.0049693266525708
-41.37220736886354
148.74211334145184
9.254980339694992
16.643516411183914
-57.96145080736915
-0.9879494746710407
7.559213002150177
15.278606624868278
203.6859079124647
20.5664451872276
46.190969142522924
-6.180683580673637
112.98399423648777
-221.92256248552258
4.9308821210618135
3.4548468240774355
-31.725082106999405
-109.09810416724667
-65.93631096775107
-10.542722127701168
82.26150673846217
141.93683022285563
24.649331337119293
11.06416394174812
48.401305486350566
8.455762109874186
66.37746097497347
80.24851974859018
-77.52056324441492
22.044517421501453
-43.35065072117641
14.901216818415445
19.550224993212964
41.770452736731386
103.21740321062498
21.8940364408001
20.977850282854888
-620.1651663477942
63.172779577658474
-57.841125211580675
36.151509641967955
81.49945235759361
4.132825317639799
-156.6827525476515
41.09035856949158
59.03425976669314
-11.2693272589951
101.82819242156665
-149.24377400482362
109.81625045412147
27.82120569574566
88.0088231582506
61.5566956386002
-23.41326742707055
81.29890405057904
-50.51401746181864
17.99459548205789
-0.2205602925219401
-15.375114501422443
35.86131941019639
2.5251701329434924
5.936600992378182
2.236316502871432
-65.63617662511888
97.3347238250476
141.80798285603032
19.024693155386558
-21.669553418647865
32.08132322177653
16.44304181979693
-95.38226158497673
-51.304392598714
153.87022593948814
16.541313106058226
40.16019648142992
22.042205230335284
118.23437212848376
34.16823542955801
56.17315790249893
-53.40031038011724
54.99037588032052
46.77120866145151
-14.490830249285864
-185.559086447568
-2.074156022008892
-65.5539969903283
79.4664765552609
9.722864115382153
-9.672277475394196
97.79075081641486
8.193845616748149
69.94931460142865
182.34878477444363
39.412878811120095
30.571675724291527
100.74862403009524
2.9054995673982464
-70.94628364229357
32.28927791370097
72.1784325408421
37.80265889712359
26.793698097277854
20.024149452593292
65.64313605376486
-13.749404189684867
11.801723603214668
4.768012600422773
60.591049514022416
808.6804590927454
59.66468191068543
-770.5543347629064
-185.25111079208182
-124.01316338385459
5.297568346279775
47.04526410738197
69.4945733459582
-15.312846464920755
9.503465017000508
55.877475131699576
153.42807427969456
50.49392287460705
53.24374939396796
33.0248546606362
27.997794874521226
17.406850037911024
146.79679555794792
14.892863973672775
9.594552018323952
97.00901442704162
-5.824210489271639
-1.4673519798980124
-84.48698809665439
37.14175719817018
8.540820912055029
12.709567097475428
21.66541355932265
7.8494476515056855
-13.668563554128369
12.065388316394092
108.2112219024134
41.76254210525349
114.81366044759034
48.67844981393708
22.56117254830436
-183.3526263834301
91.17390152848293
-24.181623176701017
64.77025525257477
20.96113268585817
150.73517574030393
-15.714786810945498
-32.16191507044323
112.92304273968557
-6.744635976979339
136.57466195859524
10.240125483905274
251.73495248890777
-55.287767457031805
-5.808244590700364
55.20339209638914
-102.09265145196923
67.58099925059048
42.78623365267284
-82.82509977301515
95.71635257427488
-66.12064686097256
-219.56210480739628
-116.05383760280756
35.39142881096882
-55.534355729953404
-672.8391165064772
140.05809628351744
132.6455472507114
153.5863580205596
90.03238749374765
10.940090696436926
156.61334925397387
-49.882771541227086
-112.82288402222821
33.389127735050465
-26.984890191564773
-20.772232670243284
51.81919075230826
119.49364095317014
89.37434854034086
-19.18235369433023
50.25139463693813
-173.2976671123688
43.82720694219411
84.18862422815391
-47.920894877790204
115.55571688604596
-122.61897654556878
22.833728722721766
42.042063563764486
-3.765104469101402
109.50696590110692
27.910986055282592
-166.78543395854285
-131.86480438793933
101.46662911953399
66.55527416247605
48.776677202526
135.65205229096364
-52.648950018861335
25.520177851249855
-4.0611608362405605
26.46005882122146
-110.47422927662319
174.63542211473668
-60.621322046653404
39.81855991015785
3.8216438573973512
28.743771128962628
165.63192874633387
20.705359631831858
35.1518913067368
65.01563496148901
47.59620270144751
19.63219072661496
20.136735439361974
185.30747171422263
40.91160410695579
5.05054348433079
126.05402687480318
65.3474810678199
83.12937368272833
52.886767909496484
13.658324429519437
60.82138788187342
55.87613469817143
13.180375711262325
-20.527169915792555
35.58313257421196
34.57186213231241
62.29225769623099
42.02406754342593
-275.0944787257795
-158.3627763105122
9.323871986058228
71.7348222828532
43.45386627256812
115.71500133903692
36.7874006275747
91.97891883476217
24.873756705234882
-38.34438493115431
60.59075343443556
-162.39841373285708
24.375684593060555
20.467845411879015
244.39654251658612
-47.25047008250249
63.54566193744222
19.70924449221858
-82.37166233910102
99.04766347561099
59.12818039452338
34.84441629191588
98.08571578377587
66.23799323815521
125.86925605045622
80.5029920758102
12.389777240285005
-29.70979297336362
9.01516188332099
36.115073154757766
139.29294269543107
107.45089341957453
83.97854961681094
-65.93764906273199
2.7142673415177683
-460.0770205984745
42.93533438009126
130.2124044608372
82.65400477128514
-45.102460307215615
-9.643357684516616
59.83970746858488
74.41069042201116
33.19579687013372
98.25233602411697
-336.89931323827386
65.16166797632468
41.355449791662096
-118.00457550595183
-2.6796902903288355
98.58266001630636
59.05947615916213
31.32627030182323
89.00088277549708
67.76226356185147
122.96154559979277
-69.71399426863346
60.976668343715716
82.58164662654957
41.27548974034926
397.26596231301846
22.463210865593283
69.62132043413953
183.37850889283573
136.29058616478392
-99.92653916520658
84.64744828787525
47.962451737499634
140.84042977663398
59.837787834165965
83.23749117405725
60.363222845845485
-13.66786338471489
-53.163814971194824
-3.556197439878858
14.891824869990156
-75.38643645297088
35.029781949768676
139.59347785794284
-37.9418484277596
-66.66991982090985
36.05937404809729
-0.1688327351310256
-30.62751844305717
-20.660984726763445
64.80524228977174
141.67861930738263
-36.06780042300701
59.78949405910083
71.63095746125737
-25.742304318184665
-51.250037158210944
135.6343637611917
-69.30179432021396
84.38052735094561
450.56414067418973
29.324410752533876
65.43073271175001
78.635393466785
-3.4417417747739876
51.04668413535103
44.35043632134348
-38.46299665933371
-97.89346485820114
-20.19445113085021
81.49594450612082
160.280465830175
-14.864268502933555
-85.45989196895107
61.4041507338545
-90.16803605660334
-5.56637662589128
-77.68025612531073
63.08314193522961
-130.71673957149505
-82.83364200012839
-50.61648411824126
-72.51617059797354
-171.3215625483772
43.58011136305761
-8.894794029913555
161.48073641386327
-136.49756211186832
-2.4103295866484586
46.40345058646449
1.4578587899025377
23.128570595298243
-12.472449832034604
21.06145513612379
-105.4012226414061
-10.881736863082635
179.36322294834326
20.506484858797194
26.092110760916512
-107.48387759511115
12.970479538153995
-9.278013380849337
48.875479663916835
9.461030858558882
87.77929639712161
71.63509405247663
44.01058505254059
30.996621741394847
20.644162446255905
40.04365949355184
-13.0073355047939
28.32265086291596
-164.6338250726358
32.245114100010234
150.87969236317258
47.872907497065725
-71.76592011797766
35.951872287083255
-15.463981214048545
10.42232063330789
-13.899982909088362
-8.68608071490506
-72.3111925148807
52.765022057792976
85.7912378370988
161.16293137245657
13.07448562214637
8.919531336883438
78.72431466545277
-15.867539734187998
61.38978011664801
69.27277442994568
-43.623605858184874
41.69662870181078
127.47215869623369
62.67259564244924
69.59390852643344
-36.95591524075372
157.76057861166646
39.83925851652282
36.649714438011415
80.18136794569727
141.24547995079524
-57.14823949971378
76.150623554818
-9.189648351417041
26.992151438346127
-5.656053032367254
71.12597870508472
-7.827431299083684
-352.0012249721185
43.53359082841658
-921.9001753922452
79.06702181847409
65.2846872201635
16.857770797241756
101.62165346390657
-42.53536437907951
23.760958091565954
39.115018139886814
14.117238879243484
-52.66385212244768
78.95342191636871
43.4205574532898
38.130867050881086
163.21214086198097
-47.295718918444436
-6.4422052973776545
136.47205464568378
56.6482139477821
84.19607276707796
85.15567042320481
-142.44350587145573
82.84703517389858
52.266770074530875
-118.43918106347064
33.942048567645045
-0.8351955399510247
-227.59428943526473
-17.979321582008197
-84.26514114976321
-540.4593081050106
118.8115670564132
-4.678649217220936
47.52670914604005
38.09426193622432
51.93102195787722
120.10963071625588
41.70548257945341
11.580292838936941
131.53978637779005
160.56702442059895
-85.86932725550287
-25.66403946918956
93.25818378534649
10.661173360693258
263.81391090867965
55.73711668881471
-147.77999415972317
8.816435934405412
-48.10905357642457
-126.86816280024459
44.59050472066656
61.307682241788825
44.893627142041595
-90.64616392671633
37.70036888223922
163.7318941998874
3.121269439172103
60.19071284091365
69.2599978756084
-31.80387624299965
183.55249246609583
-10.588038840546089
15.342246176741355
62.81405039806987
21.120175783159624
68.91327341779458
165.71208050605765
111.67781145249864
58.678946156194
74.7971400778128
50.14745629121634
94.83692501053929
63.17081693253081
-141.38722693759473
24.31863714059483
72.22514580289214
65.47014475311448
92.80293493392037
48.99633313522563
13.563475006159024
75.01828645872365
88.87591552360749
94.68003914280189
53.13062829122265
2.1817507827455427
13.695669274454366
160.83548266394973
12.841643202384788
105.36088604333281
18.222212372422856
-64.54055584352699
50.602322530132824
13.521717186584283
25.699439826334128
-70.90703570496112
75.5557121161115
-126.04592976358016
-4.2862689601488455
41.331389018981696
-243.25595690138834
45.85554910498786
70.66862923175887
43.64896302578447
-19.562271379106406
21.06382580878221
48.09085070206879
-130.04267683267108
10.191274979431114
13.248068582057385
68.69180214906464
91.64337106105631
93.67984850028779
-45.95746207420234
39.572939122021126
-15.917367822906213
67.77340129192862
109.3889012250138
137.5440971573123
-40.39305416652451
14.883776962918535
0.01369205156697717
-125.03615455388126
-118.11416588208124
44.65370522471403
145.99694405011815
-187.2260813765297
-18.857787264875697
99.87968985371958
-17.207782641339623
-21.69754776656186
32.895555640661584
21.78618681893342
27.12803914429415
-18.435161515390384
90.12649505638501
4.391440362313688
79.2304630958943
-7.0427892511097525
104.98463980089309
136.8481737632119
-18.660554592571213
-6.3832357359528125
29.009027906273424
83.0525676867478
-188.78722406096085
-114.27289327391387
-28.008823902006498
-138.90324374014017
107.64833193260802
77.09972017788368
30.937912414888107
18.559795023633882
90.94158934463212
21.2842231357211
43.44578257508875
45.340339766224474
-374.79641499387526
-21.877581867814627
-28.53590380310019
-30.44392488104759
12.752266316602272
79.73288514655479
-34.811911799187435
-51.9916892305563
-374.66409666703566
34.05676652657394
-0.2752979535944178
-85.76254727371816
-105.6842852578975
66.6857198334911
45.40775100842393
74.15774974874526
45.486063889007255
-21.187669654236036
104.27188887909233
-93.99574835648036
13.132628715495043
60.50921198212205
-227.79813622139864
40.09481994818448
3.4412941133235257
151.98974453503388
40.23320699098758
12.166981437460436
15.376428912487029
209.02252915121517
-209.82135195552655
-18.517502329315732
-57.023773724365334
6.163570316344703
65.38456134335865
-100.04890477615163
-18.734832775917216
78.73957610897241
150.26319704543857
40.78408578002493
81.43900304037192
-67.30692698757002
-113.22036012176886
-230.9170963314491
7.535152426871517
-124.6605167855314
0.6731320421225264
31.05429893163516
-18.165640049971223
158.9814836407886
61.71318518832294
29.925401299349915
-416.18178267074745
6.635078152095673
-564.0561533342732
87.3344061242135
44.005095416348894
-118.36823918089249
148.5403494551349
310.19803281777513
28.787981445766466
88.9663346140751
164.03603145841635
32.42668236574082
64.47747153654734
18.167120045338322
-23.318071423056153
-160.4278651724485
118.29956239239755
130.28885231864842
32.91567749523915
15.094016099063907
-75.99142505596765
5.336044764741018
121.83194582426813
-249.96022312396508
-101.67795505670802
-70.50853583630837
-159.6043817290691
-138.3693671541073
7.740580167538269
-14.105393781129095
40.38507681469457
102.1425675288009
2.4660404067104196
110.84976921299904
-117.31201740127517
153.4397275178817
72.65409168209771
-62.489211200623686
35.604121600874066
51.34465074886695
56.59957032899034
-14.86739029567233
102.37260751209874
22.81845985130079
22.19800824283268
24.98381113965911
83.83823202650092
-9.553718706925418
64.47109122723339
-24.1825895215934
-48.4844643612743
-0.03343296116639749
47.75320821163653
13.838360279423766
66.50348082070514
-27.566698331594125
34.71420050877083
-75.5072231569311
188.71477418261475
15.850464529383999
193.12007449603516
-92.78359107785764
1.6249317862994825
30.676482816865704
63.618874615799086
-241.81932874134145
156.5266456423974
26.142680120117475
-86.07313815547141
57.13633214351745
40.57849752996515
114.80454960492375
-7.582375904074524
13.089219062018856
2.5031241752477023
58.22060902290332
86.67691323127974
-62.23599416383695
92.97655051780737
51.5983050210956
56.08728053734818
-90.77001606503018
6.96252431682167
41.81791884238304
144.30778006375976
51.01641653702205
113.76890200110648
23.70673788337099
87.43407578702886
-146.30497161298717
62.31751007168896
-16.681679405119347
269.68692069864073
-8.407716245476877
107.02607676772641
-226.3193831669014
59.016433019473126
-159.84963816551272
113.22589002738687
16.49130182140522
31.452525033345978
32.59632084168845
129.2679813299801
-55.69048002695581
-11.576723098472172
75.08116730117212
99.6397367664344
21.788321068321842
76.89979746784564
-17.893053540604058
-128.27180958504505
-114.30963719463344
78.13227386571685
68.27133392452691
-50.53619801726475
-17.714899967846264
8.005975347835552
63.34183698684683
-191.15668674719427
82.54390731985131
76.19624202531168
-27.180654313531864
103.09511588410078
162.20489165491335
101.28383389353439
21.388907122051794
-3.1412084607303057
-28.424145409051924
43.002985753347616
74.68993909741212
50.20284947378809
74.94411931279274
2.9908369753469133
48.02971544850839
132.37737928712386
-4.591948347308062
70.73727560960037
-41.38442436201831
-144.04881353059773
91.4540417466551
150.1949412107358
23.256988155968006
41.95333803164249
-13.374160065975982
-215.33438165128973
58.22983231093918
55.386837091013604
50.17068775095339
-20.10821292341252
15.63140666792642
51.18429501723085
176.46378627718605
14.865063798433201
-102.67619378913469
56.440481782850384
75.22780936493518
-66.59641359491752
74.88151115064738
-393.2038352546451
36.98794309615613
-11.257848520442167
-40.384407311350515
113.3242879630215
22.879723883465573
26.38172054066419
46.83893934728462
65.8307440176477
20.570647885053454
5.838267841063953
69.62645789445685
11.686322296440721
113.4365644201348
137.4266823238122
26.770001353288833
87.92855523202661
28.358303317891345
48.40138109614463
-138.94415838982786
-2.179378242061972
127.91735562198164
84.54060505310463
-35.74056308943955
38.502983485277355
112.19411677474454
-104.38290613335403
72.53233187567457
125.73179110196043
37.08742856159694
62.595917055715745
27.564390168398404
-25.744354227842138
85.20251897376505
23.265569816887933
-138.6718979010452
247.73512813854313
-56.33801606056882
92.4141606339129
-17.512145165717502
61.882012920422994
-264.8549165205395
103.18129303695605
-66.19687354319103
132.9231788509221
-114.49750225157322
3.3003572473949134
51.28220040982933
24.041227908032113
9.114768357773755
-516.8927446532525
36.671004979151604
32.01089451331314
-59.765060809128045
13.791233356068915
35.47726649291658
50.449144738066366
107.5578791729829
-13.127092301787343
95.78582655603623
103.95901676722951
45.738075205008954
9.92592111495334
-17.798938340025785
0.810313301999031
-10.494654499277868
116.68510077028884
125.0778733355528
-31.519997980176413
72.27856629058732
86.33899413663454
34.39572951062408
-5.561726432844351
3.6108956770435965
47.434954808211764
86.7586888915539
127.58328696045783
105.49115245656549
6.293753367103136
-26.843555516154822
110.06909507522744
-993.9557323627125
108.68427506734622
-19.386103923309747
1.3417852542692095
116.05224429814552
32.17706958166127
119.86212819730508
-199.47347889460252
43.37235906383103
18.13229701645793
52.12122011618648
44.113420113868436
31.03887336789457
-4.717806925176319
66.58115313279508
37.108248748188906
-14.412738014744205
39.36216383569804
55.493046671388115
54.5003186299009
27.61307151765626
47.63899771659226
-304.0349389900739
59.551376123583964
115.39708432955149
95.6174305179311
148.62970683070898
2.330307007072056
56.93724671894711
168.0951895956373
35.255148402238994
102.03676841971128
-234.3584682374567
-3.410394928427492
177.10449947414327
42.75584947496873
80.64570166900648
41.157110023486695
11.053202881429295
13.04292680231174
14.312488450817
38.47215702053836
48.04739993079348
-15.716494532857203
87.85362222169078
92.57100115840512
37.02184597640587
71.2939952568546
-311.37992093099547
102.33868847042982
-16.76569425431157
15.748154913040251
57.64490303358343
172.48374877777678
55.03608342449593
-128.99290543034658
83.92482009526884
90.23056495849482
67.55994504122782
-7.516284499494304
79.0364693297405
18.415840938369055
58.387677240562425
29.99181598487621
193.7276478349413
49.87982124328573
84.01643406740018
83.29192967875724
10.676772949153682
54.60974026552776
63.27779820651176
22.53731431113738
65.33697941742491
65.361609779123
-73.96915807114874
77.38400977146011
20.646214698458152
79.66166572057432
141.33346476015367
20.690074720698135
89.75839064900129
-79.12859790228003
39.19184996345908
59.19048845194982
101.00181154530674
-36.26211908710138
201.6712183340187
32.82523584227613
100.27817164043904
-215.60797255272655
-80.52946371139387
22.52089731112492
20.582651509642794
-1.095752986079333
-22.31771451895156
107.2637862946317
-43.760413081641545
1.9914579486687
-63.4561365684599
22.00998523069531
18.035082585652617
-85.55372014488375
71.96019718297771
61.82729488555018
14.779638946305914
31.671872679162455
27.90243425428838
-6.2301114421192665
-25.26150787514878
-30.03238618979003
-26.612553477727943
94.05476304520175
2.572916403373796
42.52673025719923
18.914600262546173
98.94291520559227
116.65523295919138
6.586021614329443
22.40563918441876
180.5091364532741
-58.229817434375946
52.7718125165797
203.310709041486
-56.36557354575916
4.4273162004601545
-4.246979404426838
43.22238669230799
166.18011414066564
27.320761946865744
-65.37028587872601
6.927619234199483
136.02785097842798
74.12904802406001
20.773382733675817
64.14019032707768
27.378768437138977
175.11461344786153
6.33881870069056
44.4959290754837
2.3846660768968935
71.1860586255134
136.25056336457442
44.39250646627734
60.31943057029956
50.13817011618245
55.53576786492977
-38.181463720938666
64.64589635034886
-0.1592961420441199
34.554919009184914
13.000121876515223
180.65174337222152
152.1427068624048
42.65896477843208
23.427744020018405
21.144770000432107
131.7639780119389
-81.46931670593983
76.93371802500107
14.285334866268986
60.12808582720845
5.070859780724078
-30.798345098080517
-8.143649089444414
120.15792937989318
60.0865044540719
52.76391605109902
-56.21406960308377
128.65792922970195
64.27487526443184
96.54539055935129
-37.834505533547144
102.95217427380874
91.06317541048202
-8.733809787261634
80.04821132771895
90.36635074026253
34.643820687417474
18.410679548281625
-30.02152128751865
-37.387866001630215
97.23994336616511
10.948941309618021
73.28492486765737
162.98190827162762
36.66119871782522
2.878657689147803
51.72357550697507
-9.576157949632542
34.10545372739353
17.450756259920013
64.73519936909406
-125.97448829606378
48.02712231564209
173.76525336388454
76.33579805508856
-79.73354361454221
36.47033876409832
104.95669971205461
80.28591997453665
-1.9089912105282771
69.25420430433815
3.8690682119407
33.446566537383205
-197.92997541716431
48.35076154681883
-64.16113880330795
13.121103515068938
-25.573185682636492
56.200685991499086
-80.72008681700572
-55.404813121880125
-10.143970621137315
-71.75287639744965
-174.7098627539035
64.12013769898522
-43.137293728762415
38.76044353471602
116.48611530605558
24.238325578471063
5.772297816563776
-87.77099580443473
-77.30548110895722
-263.3999640303937
24.22393867289766
76.05187015554884
96.90207973238967
-96.32700275442858
101.37212685424129
42.623845881417736
3.5376864659468996
50.62529793582789
1.5753214794477108
131.3467151217178
0.8641203526150321
14.594909970950631
80.68659197632087
79.72065338279435
17.50557192625365
16.12265780023719
11.604230327811802
195.1098284875925
85.5516690807385
-146.29194034890998
70.52489512913507
-76.24837288320623
153.30049291063187
-24.57286273704358
50.50089943624586
107.5842350429674
18.481411530626897
111.49084446615825
11.376738566080668
38.275097415952274
43.59722059829723
-35.517946110555
39.96826761395119
68.74437193999722
85.99301186285152
158.17484584634167
-44.61915243793237
46.79596346068533
-620.8681224612183
52.423288340542854
-105.88902329204711
15.66934307589958
90.27053224135665
-101.05534459218143
125.4159921459709
18.92979417189963
119.52689826645565
-32.79291739945244
227.76289124333425
52.12824324811629
48.68428491158867
80.45278174299449
-26.854605341179195
-9.074098943318347
51.51607233161894
31.484586560285674
181.66707642302617
43.80569711534832
135.88718360427583
28.81618195477631
42.845887918536846
-15.32970716651107
49.41198014739149
51.747499442449254
6.575333385752261
-28.932780016862125
-39.359400443506274
39.81569258973832
28.18861236493467
57.8630411664692
-10.34058274210065
-37.83793585052963
-63.448599743949785
-104.94905476326403
51.0593248291868
-197.4325780658969
78.69649691461166
-1.1542193551472053
9.83390843821411
-15.715555933845625
107.45205550009359
56.236633608448756
47.69907027296631
26.40512197823464
17.147347677264893
61.3446885768264
-15.554828503394365
155.57130230654548
-35.1423354375479
-48.96914251468205
-11.716890630289686
-42.64698733738351
24.347459448477498
65.90918086901769
-28.146472084330497
45.90265666543448
200.19882921288945
24.111341525509584
-27.650620610961596
144.23478599323198
50.30395260496306
-11.964282715009745
-0.7063841350763909
41.063188258422315
31.72682067322494
-42.35528263410491
195.94857722898132
58.07790566010749
-158.71842843878767
144.1833353408092
47.92750999435373
45.92049035882155
117.88429729840686
12.857211130199175
31.13260905844264
-28.799036229746868
28.867299678940753
18.471165831710323
170.06725550408373
104.61099450749748
-92.38657385983879
121.26839883941238
87.9782187086436
57.95464595034957
75.90000242385793
-344.6442201357013
69.11611292383259
108.7603079636583
112.03426926182783
44.183821615852295
24.024207737838324
33.101739135210465
127.0396561631585
22.855765148774445
42.914075502469586
-9.569413662448394
76.22948749544344
163.8488142801234
248.63174942504247
42.15222940827516
88.44599400832203
73.73617961095329
-175.90299057310858
258.07751322395507
20.293890453796394
-3.3472810386002365
-135.65120869682278
61.99697038850809
20.75400932059955
-6.472773614654165
64.62801771454764
71.30995680329943
-10.802213743048014
175.99938920659588
-376.5922431772325
180.43767266897703
47.531043908440324
-79.70096467304484
59.21348067921326
74.62270471999545
20.028458546165965
38.06016473108312
27.6063425349676
-95.28966331957417
24.23414466396889
-2.5847814660965014
-55.699570756479716
31.321819654748058
-98.75282658963079
-73.11479419647776
58.291110568978226
-3.352355202149738
92.72418141325579
180.28761052135405
7.714765827227296
61.470029493418
-8.882487060939695
106.77612393482843
2.7069457368646717
-36.79045174031478
26.425093382431896
252.58811473143214
-69.12852900063442
55.722831881094635
66.84396671622653
21.690330021985567
2.5797744539136147
-72.50963381105976
-52.4866678384966
8.15987695718377
71.57893659172566
9.223274883614977
-15.722966411894225
174.25613270148278
48.68458081950995
74.84654149328799
7.095302358456778
112.51309415542437
85.99324198119689
37.11352416107573
144.4612626417338
106.89830159068197
-38.46964624558632
99.40946982337118
36.36320318830765
18.10317910214535
98.51594525347627
-76.31613292977954
54.7943368703759
30.425427321572784
-689.312839227141
-18.03774445862382
98.43722056408433
-107.97778681454793
61.51455517212594
49.22127249619993
56.254309201951024
144.67525877914477
23.090819337566366
-150.20925554553742
20.483574179897914
65.53127050570515
121.81971728141542
133.20127219089568
4.790559153844924
26.56009917850998
26.0332304300955
14.555577865354735
39.54242059594757
-180.9457209930033
-1.7463874613876698
65.18881796611151
5.259129295785328
76.85535122132478
72.90594149712888
-66.4772286803236
-44.1491674105298
70.96949283505842
-648.4645632755747
14.153422070675582
69.97702380138091
1.324362408857468
110.08283024222237
22.142480190244896
-33.699845135953495
29.396436754761567
30.01192862253029
94.93117128397716
30.094196085933895
15.75887428289832
-154.58161232431485
126.28985135578478
-183.4208088051996
-315.29894719524236
-15.327567502402871
-226.84471918733516
-77.46028831639887
43.70391867402432
6.220862137392714
172.59821344551324
151.58149655867692
24.84487744943566
6.791776663882956
70.93388425728199
79.53107640423127
-99.64112180373013
23.792569372981806
-25.631133996334672
-4.404361180405983
4.2977291094371575
95.95447221829545
108.11360638970041
-302.04344133791074
52.38193821837636
-870.5853167840942
-7.947175452425199
-119.99612606381883
5.154748014833643
134.9297196203072
-179.76613240257484
-24.93224788333464
-11.427082150131092
-57.97265603980304
18.52530961877723
-6.984049481877371
149.96789336209918
120.24986693783421
107.32169570990845
-14.324946598441258
215.21834454942564
-1.8475435551726704
51.16900092824176
10.335348973927038
54.00233453473402
6.158682866989693
32.52200943177016
-96.57791388922806
-714.43955677919
9.90428023628586
-36.71710604621586
35.911606687027394
-129.62405896758492
12.403831536565065
38.09803663168288
-9.735327187099756
84.92665704345745
-96.64831807382689
105.85640089045182
71.13445615859527
-8.434627193806502
11.597414249469631
216.2277179288003
155.29951549773068
38.93487466879947
28.47199547381509
119.2505521253438
-7.9310272578619445
26.359039045610768
2.6720206033585345
39.75534205287431
4.20939207168454
52.851581742369035
-10.272886569976095
-105.61012626182855
-37.01184136940781
-8.795966298470375
-257.4121519784321
38.68826792166192
125.38764032595009
5.493491548798829
84.73917696103081
70.09603363203996
84.38895076558538
76.71961558550129
89.5830451185698
95.30221613421509
31.44991646228027
144.01259656912714
69.45788715845447
-269.42334094082617
-78.72448176924263
29.767392666341422
-146.76163299302607
131.31992270578348
-2.0440277696539537
29.987273207101204
74.06165001174051
73.97295677320942
25.31738977428128
128.43299878857079
12.382135910504076
-307.37195721831216
163.1011119826785
4.586474320208344
100.45385484311555
95.58806075969716
43.168542658633214
101.9627588793087
19.681037808523797
148.03852224759294
21.269737237737502
124.36989760912024
3.181292153376944
111.33740094205132
19.03402442679972
50.035369870314184
-79.83774459400593
16.900391075645487
13.522314789473512
46.98888965957278
-69.27354676262394
-26.838427349005897
-3.6536757353326212
38.58377893443685
170.38700516319022
-30.372184889155733
1.5285586841498713
100.30639501929772
3.4343205770783243
-73.36397324566163
133.3197951339862
3.1112144049530746
33.22714327848222
13.202257412871894
13.353136184431605
37.9559417466744
-50.898313472699556
-24.02383569125641
139.07903531560305
-537.3148782346848
148.57543457823795
5.643667963934149
114.38623801602398
-302.3962817903337
28.956789111198304
65.02312768854873
41.43804553807912
70.48102681844358
-13.270628166777144
80.89610032273214
-209.80396206982428
46.472571916865036
-23.768970001454065
-16.04069166084846
106.13118103068837
0.019030771463334428
22.591282253838727
-105.48893546701538
54.69187060228887
79.59791750540671
-10.35634293316583
114.70318443417318
8.016351615472558
197.72157506224903
41.3391857389044
141.16173410888314
-89.96086159027573
189.62026277825953
13.92251446655959
16.895688223894837
34.35395081693524
39.31103960483824
54.90387256599513
47.777209521765826
-454.48700037358867
59.444729617145285
60.66354409756195
56.67525328487994
-45.11296460377889
69.82801099552762
56.06072947755456
179.87044050612917
21.03022528295287
45.250056478333775
-106.13097568682224
76.63107900074556
25.461355896287593
21.371454966808933
-8.771905017827066
93.86651368879711
91.57221268435524
27.635349427015342
252.10441916187756
140.28602075446452
140.7147939639026
89.99480244205324
104.2524331991624
9.563375627753704
42.36706691181688
46.54709278262313
-24.87770118314532
76.66067931376551
47.56032709174599
144.25648903628667
110.7504099661636
-47.15488446752454
80.31115714166549
-13.289403106519947
3.724500359246804
26.086924945221316
82.85358848101015
96.71294321126516
18.719846328148712
93.08565339345904
-2.1626099132306535
139.37943996513445
23.31284663943552
110.14222563434532
-65.65496612011611
-540.3774089769859
52.93926712871668
75.53192600504462
-33.34931170706955
-32.518632982967574
-40.8748296084272
57.28717403449039
-43.90948436808424
39.275968187299455
15.537470174801195
48.95440884147916
-7.452963573054149
71.516840827554
-72.61791356418144
-10.855443697227873
38.17396079656895
-222.1806897160459
0.3390784340945695
69.56478129751031
55.8818842721636
111.97195246254421
62.3266107881951
47.66259237066173
53.7036197408238
1.1376545710307338
26.320971849258168
12.475840967486327
11.616145320688588
63.115104378512996
109.05168008874739
56.06897919585738
101.93122440953812
116.76470750473482
33.19094408246785
134.76936090578602
20.770003317155442
24.39086486721294
-6.960941010088438
53.96714840073127
-10.350483355702181
10.615313916221934
69.05359462975639
46.160789667926565
-82.09697143227731
-63.149892896915844
141.38823763640767
145.5515050199906
-12.755346388946675
18.682201262166927
-46.98561406239802
0.007985209300062884
81.9016656592703
68.14172894521336
-39.39156674020876
99.87054807541375
88.83845170930732
56.15666983135611
-86.60945750966857
15.358562547497058
-2.833499284338083
61.330448438478925
338.3036552804451
115.78545704800945
18.33878199369225
61.654275721402385
12.886029345574116
-13.040999282757275
37.167390946126474
25.74816742316176
89.2133880912761
-10.868888276990242
-91.89868783299289
166.30693803285476
5.974331444691921
37.379413301618115
5.690947756864853
98.82269928892299
-22.057507539692324
61.700499104783376
40.28821218913362
-45.90445822579272
24.157147066788752
-44.22493744094709
-16.55537019167438
-83.63329646772458
29.056039325783473
-12.794315597905097
3.2870521032622033
-78.71397255276042
-206.1704457947244
54.8909163369168
74.03096772801973
-5.533477738525548
-52.51217503201906
12.310368177826604
-398.84675426907637
66.82793877788447
76.3364295497033
-1.3634888490987578
-12.5364260620629
46.256288090373154
83.45535556249968
-122.90446148031333
-24.697376853410333
143.97943946240412
-341.96225897043587
227.40504173498903
95.24475782353056
-36.959989666447655
51.96633175730267
56.04014301879089
154.7411605476541
91.2287007926393
77.94383398720385
47.30794812597469
160.41260942231474
72.41598690980857
109.6683470052833
-23.589029935798717
153.94017064386617
-49.80491128234189
-14.730217073591158
-12.547227781997577
-156.7850164351603
80.21298050464989
-36.213160006144264
-43.8815846424709
141.1634084763341
74.13748797225412
-8.915643911916504
169.91476887596946
122.23161868268244
77.67541255568267
96.21684191228974
-12.952638968760766
98.73983923795186
-49.54821916802429
-19.035032285270944
0.13242724320002708
7.202560435964642
-184.23647939058083
60.316826892276
7.392174629817525
19.11568673221279
154.83140726054967
-78.40955095497884
120.98144805353968
-498.42962055097723
19.561199925869005
-23.21985728001937
-6.353023219965128
-11.479019174385087
130.12759593639453
134.76948052776288
11.189292518965205
-45.20398825638313
68.70214960531666
27.025545151729602
11.170486409921978
31.77904814317435
130.0717465746675
34.2752812771912
190.91781369904038
53.584390043026175
-211.34211619092366
89.1095953636468
12.06076348448505
98.51901051487812
21.787986202659795
-25.496445877342012
127.59480412516245
108.51681811094568
13.561650858075609
20.492603491123763
99.97877353917647
-3.4419746250808605
-235.73713501239945
-99.95085959473148
119.53602707152186
-36.293637120905714
-185.5301862623885
-7.762141269444896
-14.686006051718175
42.95041185297506
53.57326834118885
-20.07279351733093
29.954826095173313
176.37516952367878
37.264451419483585
31.87417181700704
35.97713889150282
4.55657075844419
86.45725183268905
-32.65978353412311
44.610452968806186
70.44223162314393
47.68371216160969
-561.2477728902737
95.13613072470162
-82.75561571276694
-0.08017963738197785
87.36652782171427
-20.449321260836314
120.78234212315442
11.610601179564256
92.32069661297191
-76.73794278799869
-77.91025617755986
17.60719427068728
130.34908558086136
57.08940674829208
54.12912501470248
-4.8840514493599585
97.42733411951212
-200.38960581156334
27.29758074057706
103.78578442574599
-3.96834729030162
49.24870249718191
35.88880714114089
45.37437242822534
77.28658874372786
45.91706832662385
70.5116740550713
27.75735843908334
46.01264293073814
-102.90737019372682
76.07934969265807
47.27344323615387
35.829557577964216
44.301906043099265
70.14544234504677
93.40529712296973
14.730608671969717
-202.67238708316472
132.30422848149192
65.76611996669862
24.117165278731218
41.295280963429576
-12.024811665688048
50.72948859848884
70.89222544889715
56.64784125057395
181.33470888338343
29.069572397543652
64.79204167447656
-60.68579474915168
7.1687625740764815
41.27847474976606
18.461050897812164
96.48772358735857
113.89528952592082
89.90696797381736
1.737807102312783
34.76554525944857
-156.36753783569293
33.99456594478124
-42.00911709905479
69.83727715723603
69.18218596165889
80.20248400269747
19.610661142645984
167.09958526801393
-11.939533608363949
108.7523857437036
107.33593793097316
85.14152723611687
26.793212521366005
-44.90150576201313
128.43977861180974
92.60013313336549
-28.996804213945325
-88.68038777623133
7.3741356801824125
49.16561307531907
42.62728614101958
60.65163647688469
-19.592358465835787
-0.19234959145954017
6.060263496517774
99.23362779648278
24.399056980723632
66.32407533054084
84.98464286525586
1.506753617942655
48.81481077646367
-138.83650301794114
95.11985183209265
89.75722139442723
161.93821543101149
-107.1363705374788
-6.913435773562847
105.149323947634
-132.4849541541157
89.48414300300863
-185.6919346995678
44.2365849005937
-167.25655718914732
-366.0911149916583
28.688906451180546
99.77355185472584
-14.129478110178841
15.379397324559463
-209.43978429636263
43.59285619654838
11.550738755223911
-32.22540838348908
7.617710787714965
2.174708069983982
-19.88940975330297
21.422803009175524
10.079827301857222
25.26145139426353
-56.88660391257372
116.6278298522875
27.37797212575311
26.442011807578197
46.76653746912211
52.46016275289264
0.19948360413275168
17.816626419408585
79.99162200375594
29.869833595098765
49.56543586717177
11.872743116689294
54.10970253785112
23.434155820456
-69.69436613600115
98.89066759614298
161.45584926697666
-41.71313236195453
-79.4861748702333
83.51410201310637
-11.639551287371887
20.962767381029728
87.94787699982044
71.73532792968768
-108.30980995081131
86.77559488040612
47.285658061483446
56.836338691036076
17.17220593194447
33.81072084215944
60.878398557669016
47.27522896462233
25.356449163803518
125.32048329456939
22.480697876016926
90.24612288802405
96.2791950547703
-82.88696970777619
47.32089806453261
219.2478853511377
184.70107002683972
8.866455299340487
-8.483173846953608
24.51627544643018
50.699939383994376
91.2351650009964
-14.325246070693527
126.84986704715584
26.00542916092353
19.800119297862935
27.407341570592763
-69.12549146240644
46.69918956702277
33.00837787207621
-81.37360567043197
13.75293752802809
-13.322201107661648
-110.53598786176508
5.002537592911267
29.075423540366838
126.97840777414785
187.98610770769005
139.70685050249176
22.164786046251635
19.092605264724625
-19.51539036307425
138.45099072043172
-17.84027808704051
-85.73206948604852
153.2940225612433
-27.631792142962922
107.84646532161901
18.40363815404924
-250.11858926700347
104.20819221858346
100.97488727460109
74.57295925860357
-48.91608950104683
-113.47227426209793
-19.53935978902291
36.00264959543696
37.07659143828778
29.516686008207103
-197.50562786704631
-61.92223677950824
153.43602917416956
59.171746703795634
-28.77311062324543
104.95839467161
32.376002617228096
50.34277556146641
-5.20564638047091
32.009961952980404
24.501968374666063
-20.416940298365716
46.25052659258503
215.33287552909405
168.73040700591673
182.62537495199967
-14.549774175719211
83.61550793907577
57.38949970040585
-14.569905844046843
29.05288044171357
107.93606189542129
16.2092488439517
194.91146459490528
96.14004951819197
-3.4366440878393405
78.52455680482126
91.92992736156782
71.9104232599434
72.06919111152132
106.8784127697279
2.662817322141109
126.89165622032806
55.703472329687884
66.01623464633502
69.88925968915223
56.55933664662757
50.372840040003005
-28.866804201425566
15.762686085546049
-4.091034452511689
171.29885624581675
5.164020837627504
-30.02899129904725
-53.01037712649986
4.400395105159987
101.09146487501414
93.10320067220118
53.51212734369483
292.3293516390095
53.92694549066209
73.87022018211655
31.1633093701861
31.451862993190833
64.20998687086836
52.458414230696235
135.67919276173416
108.26245909928093
3.417721290517875
39.57604279016973
15.704414410980009
72.59050743803891
-27.1559241274158
144.16794369273566
91.49808004631814
92.08449883813648
27.028241078893945
-52.45882497008451
-18.22862514128974
23.93640294556269
-25.428204329362416
50.29403962574532
180.69582681692327
220.20865326217154
-337.5517094786728
-159.8818845127089
65.9094685265857
37.886084602008395
-218.3632175611483
89.27435227427532
76.23948651389196
19.8210008882591
-3.278691263476171
-178.91101469204114
79.0018609069989
30.632475355098556
-49.0974359997463
59.07481016170635
26.404164743854835
115.45134739289165
-982.7552066348326
-97.62565492385284
16.8251595804918
-6.299239841375861
11.564861674171475
-16.840455325223047
172.52494006355937
18.105702667908872
45.450737696756505
25.867479669209683
-44.61128540439813
106.77554906947944
-527.7275058869083
-17.929426808103017
101.88537825922378
143.25089674219657
-61.69097195888207
231.04622715156256
103.89859746360435
64.72288317518898
134.46815770047988
71.69221659916116
-10.292898935178707
32.608571858472885
45.77414395324722
-45.93790783878494
24.550719717667334
-15.903652962997057
19.342368115508325
43.583146392017845
58.2333837033018
-45.62452718154785
140.47400294884255
84.68547259069965
-43.468293238060596
-52.23221490461583
57.50581206749952
56.129965870637534
-12.278166123372557
-115.75087558420319
-171.9328005381276
96.12192183242587
104.05134844678378
81.1641512758124
19.215192587955297
-672.9650245559076
-214.00957784869343
10.347384980479271
79.15198382375729
-0.6604366333975376
113.02935349362497
-299.21601897407845
-218.20017903371263
-1.223976703187418
-149.70504765447004
26.000423349179528
19.94277332344354
42.88973734217997
-10.315866708461272
23.716776482469445
130.7901295818806
-77.81534562090428
-625.6743825133664
73.00285110830674
93.67668208513737
-68.32272342954721
-5.712125199259958
134.8483398859007
4.570186288823152
43.361970460535304
-11.705375031177368
106.28636776463367
83.57392270334208
-44.42286393794984
17.054732935414783
10.675574775978868
-15.337491023457005
63.1050342930011
29.301210692080293
22.91484667110126
-88.0679783608175
-5.571509510922226
142.60299212547943
29.216746458347277
3.0947258589471827
74.60622093688039
85.894427059392
42.55747252244714
62.94536317590786
109.32371511091242
9.339227407326788
79.80755120043295
84.82219929380653
118.59484735840078
30.462353896012942
71.76587565728414
14.177466645308414
175.9894913536532
41.067213335962734
111.73757582940743
120.75266492048377
83.78233743672445
35.4836472285206
-119.85905531875324
32.27734275455744
56.21344384766061
110.65723915047079
-93.60819182498744
12.297640584848978
10.951079480482004
-45.2829853357862
-41.2510651544117
117.39508251560437
120.32098042246912
60.37326403163934
23.676004039621603
-13.055269411749947
-110.81156619890135
86.00018128965961
-66.63136651186232
10.280426848320683
180.92675611878428
53.086367641962056
-331.60445951407564
94.42814360301054
5.4175099693436835
155.50805270187902
21.460434894175705
40.765636281776786
-43.77672452879324
-10.334792262751582
193.05293026502113
18.611273824707585
-76.55848974598302
18.196479517023118
-280.85127095588314
1.7155467840216854
8.689189275171884
43.537663980171146
-118.90235805374141
54.27320545986686
111.3906825244701
7.234987692512732
-54.12550209577057
73.26072922635831
15.395492721779647
6.323695810609991
27.508678598531333
129.94879908445455
29.257166759568406
46.14546946877651
17.86728945583369
60.21441412387912
16.958957529709203
141.4379057811309
6.917278022972521
-23.423227804754333
77.82697676948237
85.99408390166354
-0.6897102351294985
11.459016879804949
-307.3631996470922
79.50070900695243
-53.69375990584285
-0.37567938177016913
23.235673112195855
101.86759919641918
28.76263049073259
76.27249677473083
50.39286430539869
-41.099247715091224
121.68669698582653
60.34115623096386
44.348640613706
-774.0927120962065
23.932383987485537
-13.344597856943754
1.2575416917652547
137.33280531864148
-15.271658133713133
50.24002426200286
122.84129785080131
-77.52601327147386
89.67293080466197
155.76590322459379
26.16354680859107
-72.13855774953572
-57.08386103027124
77.14543070958891
-257.7139264538682
-88.31556519831702
16.088969770594304
147.8759736855809
25.672850894518167
-154.75004767483597
107.07811279258658
-1.3984673667084735
6.3823066029035544
-65.92181349239854
-20.02344875278959
-24.897114763838545
193.87501525685002
62.40217065154491
26.58259917708704
-141.90114630720245
12.957053091002429
83.27267382198988
-70.66854988572823
39.530880283751
-208.76723517089795
18.57604100437178
6.093416609097403
-259.5416966838702
281.91178533466655
-65.29870116982147
-59.12053310948428
-8.186450855324361
-385.70395415497933
-9.218491678457212
170.94196575711248
65.31407398667545
90.03458841246788
54.6383140837504
126.9590574050394
12.068377108175042
-48.31459566750118
115.178521572715
67.66944969557184
51.08708722668098
43.2859107706322
12.985998569808666
6.8711750122552075
-62.97658219895766
47.88793130020599
43.49983667524793
96.79581358898452
-44.32503144338124
-19.686221760802855
64.79369194748824
-34.987970848339955
-27.352342289153047
91.76708215402357
-74.97173039251753
21.110216569032467
51.32944820695687
23.03041783574146
64.58818410038145
-24.781814099116673
55.45856923825386
-51.492079082993314
-130.15164333418716
-164.60368560298048
-43.11241253346816
-33.210738348085215
33.9024257445151
-104.02862490268944
1.9589729030830378
-218.84415012739555
158.34529231814759
40.895236735449664
-4.263032146470323
22.4569600128197
-42.39736395156524
-120.57548775866326
324.278249284057
-14.953187221954403
-58.386125946456104
7.172343537059987
50.55968747093141
3.2430900140813392
19.327700837823063
147.88406685959762
48.0121065249632
89.56943364108315
36.51100144068131
45.06631352946974
26.462595875960268
162.05556959199566
38.00735180855736
79.76931404534355
13.932728425862024
73.30863784414214
-23.613568680383846
194.24213769483276
6.449325482798453
64.31743969412628
26.96559453839548
107.23553121190298
20.03696995819448
16.71268411720257
59.2734178941281
24.65016399288288
45.855431138202924
162.4373653294033
15.766435329484212
47.48292787715582
107.48384481930646
-228.44958654294078
74.61784113636355
86.68200265946984
163.5356597231039
-24.197047560120893
18.135840537345313
-464.4357717725434
149.6695051227921
38.11186055900589
-102.09970319678087
126.09101196291613
24.018977225168953
40.302911466286766
189.54918096067286
34.43432813688423
10.048592475927165
20.340987643042325
70.13810088062588
-15.19217378629292
6.439120149976134
142.27231038151012
68.23206612356614
-32.975291365370595
105.94648675227756
-3.636258185576682
-141.7673828735915
41.263115619552394
-0.8904805347428848
40.7850201333581
10.201073886458744
83.79637848659195
-35.70229272303917
156.36154701247096
-46.27105307284228
11.310485212928466
34.16591664773862
-190.37846196694682
-49.01992851607429
32.732977850418266
72.19390062793889
-5.47582750848369
5.697868714043125
54.2895277141032
99.29517449122329
3.1521319013781977
-52.27232493410929
38.782217952470276
-469.10030001401174
72.19756625356499
71.27585511269359
-54.358729865491114
74.65338873418432
27.46979243696637
-42.443806666247866
64.91066441229395
91.35776642319433
42.65694316664138
49.03345447517853
90.29394824208612
80.57855063915463
14.98968673313118
-42.25205384023275
28.767451908097655
-38.64618972827839
98.90211316082582
17.05359253872679
-48.76463207109464
-17.789786482866273
-11.226401294267717
-274.6932643179088
-6.417072827508832
8.652154381012766
48.730209047761605
-24.328413158956664
7.091796029902543
74.45098943972414
28.323837972971674
0.8791362038017141
26.411730207542018
-8.665752903739303
120.4593857288537
131.25637401912945
77.2713092694953
141.23520446566772
35.08702658837752
153.14110463296947
-90.48309501433141
38.0435765198672
166.77789450384284
48.93399105967501
100.8282774345953
30.082770655317884
37.129076258282694
-80.52446505704029
-37.58522912516992
76.94021914493987
94.38174434722305
44.46561091087665
61.69752561347195
-36.37227307919101
-251.36330663443232
5.356348560380631
153.46446348932886
-29.21666513763212
26.560200013758728
73.19858683720486
-71.98652964803705
-12.873638272470998
24.306565449605678
-74.86170420725512
28.862751540475983
156.78052027306012
4.8197681396400185
-23.221647575917814
44.00600277886076
13.960035043159117
188.38990651732456
51.832680696370176
-158.5001847367489
3.669953705180124
60.57690558164131
38.902121242293106
103.2153111521543
177.65171682211758
89.5781980319316
35.04027397512659
30.78916722463009
48.728707297382954
76.04611369325971
72.31399205905313
61.50033394877268
20.077609786886967
59.783088738925926
152.6936904936092
42.104326593029924
29.30130685579934
32.476485795550275
128.10859289140353
30.974208744763008
103.99865371207517
64.00623690718271
40.218842457200935
119.17137230573735
134.46652704862572
43.41190102354631
52.45654316882883
33.336033054272775
78.50287970847262
37.634921950600074
183.20341324591573
-120.66906246272583
65.19943737332092
129.67074953428482
53.11387243148991
27.48459812456366
-125.24788081533552
91.41859466260894
9.633890362232119
127.2911791248107
130.1945574631627
1.9205158499199202
29.04806291063764
37.252036183302806
87.91745756979549
14.22866134546257
90.96119917261024
109.94801874337782
49.75696556712752
159.6499672048585
-11.792874164853107
-171.64676452891763
-16.971851945907858
99.22566152037803
13.65499257674524
142.18089343185557
100.19118859072978
-12.219835804054583
62.6391619958099
-45.63761587855425
-125.86202188790685
104.55338241995469
199.97492273914122
-76.78972141132908
129.19473337512682
-112.74984411247897
-33.74637387157554
12.343402262452749
33.98730956751045
72.50033211419068
10.509548727672154
65.2167765020472
18.051758424165058
-25.316738764494858
-4.377776584550702
123.81448575796321
11.07646558285032
-39.68217877017396
16.45944860555065
135.50872816201218
73.20482926977411
70.59294090330218
-87.34563720970644
50.895160157640014
4.596569306314166
-45.066125570157055
-51.698671544877925
-1076.902649943149
-211.26049649422885
82.91373469728615
108.82268028862023
38.78746230913977
17.820969043379808
20.15432754721678
48.76039070632414
38.367574597924154
-24.531898005200674
25.816361003722513
156.00360423970073
22.0106590265638
99.52524452760417
-68.31277960768284
-119.8306230358744
41.53819431564648
37.21422574788588
39.11132846952858
-24.47622162886728
0.5809526408672969
22.86968110284488
-3.032914814288233
-191.02237411248188
50.572038076454646
-29.454176463149963
-0.738947667849061
-5.123405996465998
83.08932000785609
92.6830822066222
96.70333915726542
77.73139108835517
15.166478329932033
72.38521042521921
128.59140892157257
-12.002556326725426
26.630485645617227
-71.36641590590898
-29.482134455206097
66.70705773248574
81.53642102031108
-65.50919571371111
-15.691004494440113
-4.862904856635964
-29.610163647079844
34.00651509446172
-3.321000314461344
82.00948334357412
87.76401442295412
40.7753559742041
65.15186389872338
25.431315576459838
82.49324994493145
30.198525886408472
53.02609988977936
88.94227869338056
-85.82846250811849
103.7534640847839
15.426612909159706
72.9425471788386
2.883985249584839
22.037408860620644
77.4050313904072
-46.995795507607454
51.72131125475509
31.705423451158854
65.36137555154608
40.98951985338397
53.89854795312067
57.50123451559648
76.18558149783644
15.080469374501263
92.66057057267096
26.933777143219707
203.69096962670346
58.43713044021706
14.79662774546864
-117.21631614179387
28.73617640243674
38.647013532295574
80.26799400047867
68.35852102462013
34.98402287999079
10.204259769575376
132.85388404066953
0.29721874373262835
79.64538299234755
1.4342392935022872
10.440371981780117
21.590219255837518
234.66420107791146
48.857231558069515
58.693642894409436
-257.7997788949251
-228.45015907122888
24.561869836051052
47.776512504052704
76.7969181468577
-37.4351140237377
53.6254883584636
47.81804266858012
-59.04634048208891
99.48690055920815
0.7832861635881088
-113.88607775258518
25.972220502471373
-7.3716757729731395
42.93676058704628
28.098315204511337
55.27722927043624
-9.235858681958007
-7.363749403133896
77.84440586071244
-87.83796501362622
-13.68854871678435
122.66049912261906
39.5729529360481
40.15431919418333
41.66811623748663
-33.021218920707724
-18.715796546271992
-16.60732712716886
74.82817298494354
-38.59324230578295
74.03287397821293
88.06225697834702
21.66502803355249
146.48586893426818
25.753489062009038
20.74989405974361
86.96430141993551
-7.385480354924994
64.19280890317032
-168.02151700558943
11.394279997626663
109.17311946075313
-2.425694998499317
-66.70496209972114
74.05300954923314
46.595511063756696
121.70613442134231
-2.0710262582261167
-150.54558238486243
62.708471921626014
0.8136267624444145
-147.39532209175104
-389.45788271214275
-13.285078332962987
91.49662673809712
-36.952343176730665
30.626934695164607
78.27547850363186
34.23479598502932
30.736953904110123
139.23368236011606
-182.288911376937
-3.43636736037283
72.7330639169657
-35.524151310059096
114.52995782140533
61.786014646645526
-10.228195669139522
45.657602925540914
-26.496713400911176
-23.20200453332245
228.61756513877754
1.7392412516242182
62.46161666299923
14.109582918563852
108.45958786386063
78.67645490766608
11.413590495577523
-78.23126407679095
34.757425824526294
-82.75391255301747
-11.075367320107862
107.55815948924283
21.05054617798739
124.50566196623163
50.12790984601557
-223.21806559211382
-33.97682737293155
22.45806912185521
103.13949010296574
7.327651181169712
-633.3960457643722
13.956241468014014
45.32876003527423
25.835349340858084
5.795770534063649
60.56066773891661
-8.104128001121325
22.989121191063532
41.38942245026233
-121.58482631192373
80.33218575310957
58.08439328042914
136.31387509141496
69.05129643954251
-295.2535812414526
62.24059046452783
6.235678425940478
32.8282874902455
17.04594237913352
45.85437971239716
123.52907933473784
30.484163330687196
-9.661094902317117
11.564923165512388
-8.549261603769082
-71.89551750080318
17.432832248147754
-31.782576460874267
71.48621321361225
75.17605721864447
-3.8932818859021125
62.443745533685785
27.290090515554276
35.56402332005837
118.33029820991533
-30.893064283034516
-127.14388091790443
98.88294995925253
53.49631587015574
-13.601805371079108
82.81387408628962
2.9648148669408414
-8.666392714727863
49.56474156093866
29.441911336822486
-120.79941489368093
98.72043399792517
8.448223766446063
58.49536841042861
32.49762486401838
31.31176174159346
51.56529784138763
14.452313447395511
42.767524269215
23.316825674803628
77.03878386709718
87.12265313058242
-7.106713182880151
13.126543272341678
-499.86601707305306
13.640151993316367
5.91920822288655
74.60316757872579
44.687967123974886
15.377152512880738
55.93217062574735
-65.69005986540105
-23.90844319252652
90.79307334827752
73.23519330781883
21.15129071060633
-33.56160085035883
-62.18241783799431
109.87510387907946
45.34315009702244
44.289489517765176
-182.20186599944964
13.671375659261846
24.091812107841516
69.95933467376213
-123.16269756903694
60.83130404698676
44.32543001488068
30.63075606819484
-29.675957548028236
-5.283405645232769
-72.96661278800593
74.77008514460874
13.115869037266066
26.951529203192308
38.04230255397243
17.551734607083663
-406.23898924952755
-4.024893090119806
102.85548016323673
66.98150371910407
-72.84286222002869
185.0657466219293
93.14650027171808
112.8546080517126
55.35976977281632
105.8323355826999
125.63499297574072
-12.314081075725426
114.15341384079784
179.07245023165524
32.5873876341243
-85.78061217445111
-69.04464707582112
-194.39541221851414
14.691859792055766
-39.47550376826668
123.67579888887121
30.03377083537518
10.971471723949984
-0.6804691258459438
-10.34580219229453
35.980367052131704
41.61673892440558
83.08219728398618
-14.36697172170903
49.39823774502682
-0.48735663026973663
-11.942964017028316
10.803346584723801
-88.55296617834756
15.154624370028365
-60.759873832903395
89.97509427501109
16.53648968202257
-20.31681727285134
1.969638560968633
37.815812917631426
96.66771714585377
27.533415194722693
19.623352734614855
-198.67333944647407
52.71191442466943
51.295196634320746
176.6433232250988
38.979288898024606
97.65465399156346
511.10084028159963
15.03657539798769
2.143125826513637
78.27357291310955
29.558893037169128
56.804348392715134
-4.529810585251229
21.502257321413936
-13.103630904363014
-6.0015531485315465
30.27110441268558
-0.11641930715844162
-58.51072731444583
166.80518964848898
-97.20547943991642
49.71970985178201
57.29865538141257
-60.72707608206383
111.83922254158142
-12.317292706655508
146.47953559466214
65.18627956232831
41.51265233460606
74.3423310137901
122.09432423419958
-228.33222395406392
17.223312417703447
-86.75984329291805
21.007262763424713
8.611790671629764
20.727140648353927
23.85981783178738
71.02184290027196
78.54533648430193
180.99861240064092
124.10224374739755
13.980277199742165
58.111061921584906
150.143296091077
47.91279675451733
-145.2662642810924
146.86789525260792
-28.857339538672232
-4.098349359348119
-0.8306498007152581
25.685426215274113
-4.326991469046977
116.84298169980502
172.46908327918482
-644.2972552701913
9.093602817976869
-52.22910858463911
-47.78553419194668
-21.027747496222705
-4.363789327104634
-2.711541091271158
-29.889740169059266
19.34789054979868
-283.1366630798302
-87.35163057644422
43.080948943988915
41.19810176725389
-8.778891520444176
110.02041945126166
43.273192223548165
6.317852493876671
52.02093129929909
40.036161886887385
-17.038204553420655
-4.704627336378796
-4.680173577625737
-2.736620686425674
31.498942111838485
-27.035398469337906
21.409075887469953
33.604098182170475
13.789432047724318
19.408884001415117
17.162104162013943
25.958995486234755
-11.076983137645021
20.641032784039222
170.25986226728492
75.08732937464595
148.37525028602158
42.576075285845945
58.0029465892955
-42.944330929104126
70.37856997349127
66.37041439720838
47.963743843145494
-7.304164507488376
50.73989344118718
38.20956573960564
-4.391071554455721
19.260455584771663
94.51097723589464
25.56364331999993
52.43783187079558
25.689320512337392
79.32561584744144
19.12601088410969
31.562877784238083
103.21351457424225
69.28931043352259
-2.6290153154423024
0.41623907027558515
-17.586423297442405
13.667051691135839
18.329586380739784
117.7735328531171
29.65168216106907
38.07410119741735
75.50792443888608
127.90844611283683
159.72497116858403
-27.157664291434507
-752.411721010777
81.92269563679315
-3.3386435137549597
-18.25155680665125
9.147661541669649
98.27047819344489
195.9945665745945
43.8302842767748
-267.6551651122336
65.74778220031601
24.616145768314254
53.72043191996981
-130.9069946103009
-24.36739252868574
46.70908851609491
57.54390899867303
29.18782674783961
47.056855490822045
-61.424399257321056
-151.28656340221733
86.76311486919855
13.13994973979787
93.70606875404064
71.7131071996854
-4.423567936168713
102.01940668929092
10.560961310554376
8.086695349331727
33.12383850624846
4.102346946551815
54.80801963236689
3.0055824067114827
24.202594033041272
106.44205147173284
119.65808028841184
30.019425625240135
1.3714234654403166
116.02848547366784
123.52589401355999
65.95991383634987
13.353551739162526
20.94050850032346
5.060510691453601
13.715163068877489
118.45141446581329
118.50138040877141
15.544206180694175
28.16860809572664
-0.7792211121977942
-183.55634040307814
62.58556280277773
69.36868389725714
35.00358383495174
10.258666285638355
50.06717168785144
-60.398885608090495
164.1409766307047
33.947612228300386
24.810638115600568
43.6787701796509
-23.50166082529995
87.89234619765443
133.71648617619712
122.68072152068612
-208.845481523751
-776.6690308770135
-7.3126453551992725
111.68751565371076
65.98213323714981
8.530751729969694
36.442373746636676
26.41988028910447
-29.77183457819468
137.65301916630233
-2.0639299528543233
144.1866537209794
43.963819422467935
17.060837527736815
94.29797102287819
-129.21316694052712
36.0219644261972
-10.815831620925795
10.186858991618465
15.606310079385702
80.9103846465614
24.725802275767602
127.68342887804852
-5.113509470215636
19.08751888869938
77.5944778095917
46.916800290610965
-45.049204304539295
32.69291419458614
-8.857974522445602
51.58805791732868
54.37074213693816
133.55137330429807
-78.68530644492148
10.257661321728627
38.848054842570434
-5.613641507330385
14.83332635435471
166.19893642343732
137.31890101991712
14.873694411999367
28.851820346894783
92.3118510185468
208.1349371794854
31.67084711922694
45.26492344930875
166.83351022264742
-3.956215588683215
102.87076973716785
55.822170453156104
-177.95166240384424
-215.83826359281102
144.64837785433974
-0.6700153259401779
-322.66172048349654
81.23575463981047
182.81868118299326
106.88226447468696
60.152786021322754
16.339678475507753
19.14856623545248
86.19605154900273
55.38510779459739
77.25058323284293
-57.95057152525442
67.75788001557613
-90.08519303458525
-15.364491948956912
34.14123266989134
76.78607700092198
39.08770722046107
60.83295734996943
-45.238639004867245
101.78005732190832
5.762677596252161
45.68549005514126
105.72053331781046
-76.27177743333095
-2.7006274308773754
-9.14417598611783
74.32385807529073
108.73727522713989
48.95516924056022
18.275318587722246
28.063421515065727
33.46562916394577
97.65513717539125
38.64508669859153
52.688921528716016
51.438692513441765
197.54438842551963
-11.533639375708976
-94.88622668304583
85.98333571722424
81.06361840154204
36.51493153986849
39.75609531608504
24.730396687181347
114.43648502931364
-197.36822181862226
-42.70154005339975
40.059361853547074
6.95944181094265
74.63905284374152
-198.21395450581076
33.184178613302535
74.87068893935248
50.06752450851826
16.71857020289576
-27.288634735642702
55.20948894939742
192.30295586528928
111.5967723785509
-9.26789724493686
138.97169130693965
58.64808439664
76.78199264845307
117.15240784483649
28.45092528024295
28.121752232678258
-19.855297101352676
-18.91901717901265
-45.94655245735976
28.51291174434118
38.16998978031256
42.909778375588814
254.06646758035458
-97.71563365252177
6.8479321385452465
65.40035434838825
-26.22491509453038
78.17599087259555
144.96754379921845
49.975783517106414
-34.712883582593626
-61.31693299766994
22.97743257841921
88.9298669452096
-92.69823164473382
62.04548635465631
-18.33561526877773
55.60693940807829
-4.5032669257865345
156.3032879116313
83.27935641030581
59.80940284812724
-28.45698529138008
106.25822487242385
79.43513166236426
311.5839054645053
-77.92395126458473
47.82122550175245
-91.71281265114521
36.1565701767277
75.11437569033569
17.193664671451753
-26.314608626596055
68.50918140419526
0.8921985068041556
8.552471200679241
131.29138852295523
18.54243856063446
-73.79026798179393
-44.614548247035145
116.45981446292399
-57.637210888357004
156.90472970330666
52.91267524591427
5.745612340824664
-13.273466802474104
110.08258626064412
72.36723312494291
20.582094460404733
-67.15494253118595
106.60559029585556
61.593478629700655
91.8384347153999
124.84198415889568
31.381342291910613
1.4870121739739943
157.88643984615283
55.987079973728214
6.456362296087937
250.04637519391054
-13.646778872784125
51.469491417786685
76.38219018505515
-31.785844385632117
63.84616395544708
-23.114657908361423
86.68189173449412
124.40523728047128
22.08664585370575
38.6100030218766
-33.09881520161889
56.500376981967804
102.15582489099893
144.33407609411438
91.90711816583672
57.74022934478063
127.16965111211266
62.36584559594439
-310.12262938290996
78.78322148369898
-1.6873762568556003
47.27929608902904
50.58759437740525
-104.47636407730079
27.74384518638999
-88.93875858106293
37.57032804281795
12.689768889708692
-8.01030327264516
-24.764305814664112
-67.85083969153902
103.03746621237178
-81.94107877233546
107.25673710930641
-93.39239951950503
73.03449005025368
63.71623844401535
38.805938759007404
-2.9022294526072017
86.33418034473397
31.04317884686452
68.87254662897658
38.2828161200893
32.4279205209167
77.40711003613347
-141.07418977778434
11.782014785340493
204.87084779383986
72.10361508980708
45.04064745601204
-39.86264085433231
64.48124321433295
48.046678326932124
119.51567322797564
62.40645038327
111.30532285659547
-282.10942995356385
99.01565041467757
207.8234691135267
88.03583757597517
-264.88956367004175
-27.459452398457348
-78.47433843035697
33.22705001234241
57.11648466843312
-99.00071095823841
52.03650340668776
46.48100040202827
41.21226173123127
-44.977954115965076
-113.31435908343428
-121.40218267577438
51.595594891728965
61.22861658060054
111.58655812656752
70.49103582504324
79.4266848062116
12.4646930268197
-23.171077926528596
9.355790079290502
152.82284489860422
84.23121039091393
-82.90494968466646
55.19725267750984
-87.74088003880115
-37.67999878139753
20.295954148775813
-28.63912400400477
-92.6457725162254
71.71484606220429
-7.020069272574255
47.14320703998891
28.922482395112134
98.37983548488967
79.7670462010567
60.917470065455035
-39.85383435486892
52.325232433675296
38.06138750911748
55.63533489049133
22.17758675093981
10.590789174063502
75.52632777732481
-14.328723610941324
28.51658943430334
63.44852515716275
14.752211841229993
-247.32473693732936
26.59007558942156
85.85305806489123
-82.87262298880523
69.67442662894518
64.53099201239547
83.2799509860699
83.28481636386584
54.48762539624805
76.45011258087652
91.68796558376835
35.26920705247085
-29.02365735951662
-184.61091264251263
-16.156002725702187
50.46442986670445
73.83618364724634
-12.987753780230712
43.43085266134722
-201.51275902595236
-118.65312325143077
-29.045196987268444
5.183226128350725
-52.0110215227931
-147.2006147058975
40.081010065901836
44.982398762569574
9.597614902554596
-19.84297822454291
43.05629950173926
-89.68541748616735
169.33721867084068
26.125471436395465
-113.90261378545165
11.10810423474777
85.09695192842366
-84.47385764744831
-279.47577829158945
29.85419257507062
78.04623489085202
-20.124094909005635
80.16565203128778
6.370870112389359
-0.8555943924767284
59.70240072537172
-85.39191597820809
-66.78669810179917
122.71291262501677
-91.96437515765592
-48.212865237428275
59.21480745312783
37.1873962552509
44.345272514950686
69.02109102548911
26.787215333094082
-46.90133057410276
61.74075012358617
25.122232275639085
-25.080044891506986
14.48728678021007
-111.1178436051614
53.02912119236862
-21.799013650770576
-12.491688388693955
-136.01139662982365
74.14821746163125
-48.81471160838851
21.229558895435964
55.08883143276125
-7.511805496451871
38.77420572491902
59.34425011121431
30.6679417482881
-21.689512948232732
23.28806055167201
13.892525755752217
33.78666478242047
17.57299956465613
-29.265361220965133
-112.08856756025737
149.64158922139768
37.25113274752162
35.865402558391835
132.98013287801086
34.019671817319036
33.14641933344592
83.72618082686881
0.6450306504449088
-21.762378981115262
1.633358537447748
-13.601571083972047
59.951227068414454
-2.162735628114085
130.38189843796135
46.11686233870191
52.42587261182345
14.691410755863231
167.0887425552528
20.933078385877707
46.82108183761411
56.97540871798219
51.04479527497473
59.639856123685576
-126.98985979265717
-100.89154300835708
-0.47105335831804496
-8.42085019744809
66.89560887023458
-431.37667052492867
145.7084170159435
57.299355898940576
131.6999175577962
89.86432441658872
-230.65076273056457
54.20275910792364
83.54248078900474
23.092297156207625
-78.43477583353933
136.53714161177822
42.31416465197955
24.360646130419017
40.16077287885713
65.2629640307242
106.48351164867881
59.18166108348646
-25.787509378730302
-95.87434170496945
130.01368322824987
19.058800446296264
51.26971359587199
181.57304718612158
-18.718760308613987
82.7562198904634
26.21979746624033
9.396445675975258
85.45984017223262
79.42369111266544
176.833879729385
120.8376457901627
41.72175862906306
-103.82555488912749
71.03786516999455
34.888911399426796
78.39385960012032
163.02154305553358
33.93090995898296
52.83865238385753
-39.96710046771494
107.76288314059877
72.94490315908683
38.72615047586047
8.46761509799607
20.21291700999791
-87.8037128081678
52.12548774383856
22.901358707709278
16.370345188780277
27.657910980225097
2.296095027388219
-10.243424072148049
33.10125674551284
8.109903232360304
55.467318742603055
-33.59012878440899
-126.30342671170773
8.346489499172922
48.947151335748266
115.26261376306684
19.592043628209467
28.336213641899864
24.136578453336547
-104.81426749410048
30.423251621039185
99.5640557902625
27.224170242418488
21.712652475071437
-141.24865198866928
-8.60840401463338
-10.607162814420008
53.02802594073955
35.064588645886076
23.593522245514173
46.09429519075116
15.334209975686008
141.9494562959262
42.91613672828629
57.42454376271826
-68.66417314659566
-167.36367176291924
37.431646113269835
6.039489602167048
0.27962881332261974
13.867352433023395
-277.08633573771203
210.0681876786448
35.172844015298665
28.834933920682037
47.030242461880334
-60.75070595724122
184.4262980258627
24.555252113801767
55.09470994547836
-133.62435559094592
80.682183395631
21.53610399521819
-153.88800115838012
71.25708118919837
-2.9700136338185246
18.681971174762566
-5.721338923238818
58.95577290265339
150.17648415578606
29.958382430337068
110.69890372268651
23.036915474302212
32.990875736003545
-396.2525610941848
-3.1373035786617667
-30.839171883453155
109.89802984419407
-69.17310787656425
82.28555429863627
-131.9106663832681
92.04533257992671
-2.3176023838922584
63.473044761338826
33.22649559779154
96.20527331811536
169.7325467693504
258.9644967588383
4.657110567329767
39.909926590687974
168.74699832868237
98.02315734926924
17.638036135567248
44.91593171950319
21.985996721103135
2.0575575214029076
79.75821032300155
43.06997822301419
13.17247566108108
24.286276253086385
73.84730517658102
-18.728576757775045
186.83549402676135
25.00170462402366
29.7084829723425
12.711454397760694
100.52011840177693
5.733526850544773
12.94917757696425
-53.16486981330623
-43.90244813297542
91.01842430156785
26.423838297537714
98.04783439894527
-7.9936688957605355
55.41099483576585
54.842789266083905
29.550469969993706
111.08265637550812
-42.04918308365777
21.037479083153414
-223.45884504190553
-16.72269221129043
131.89840574556592
1.44412701988336
150.4009849284639
90.61473592329116
36.79061305025044
102.26897125367054
27.83359966403834
34.5202780001369
111.29191913346085
54.04962114762071
21.20675207155769
67.51042479434636
15.748052680966763
-193.66289706413318
84.33640362694962
-6.2208197893559145
-62.45935489496287
-127.44331898320206
18.569644573427002
6.296562749597893
113.98242702708103
31.248594930915676
-214.9097801183043
-3.842133799141735
67.62660107603224
98.54459919934743
-50.71086492946051
9.386490676136072
38.55628787760622
9.693229873242132
36.90921007184954
69.8494984025026
-9.451553309479186
82.06295360915828
130.74600885050677
142.64865245412784
19.78558470947639
78.65945707788524
51.692128038057945
60.04422892073808
-6.9903761396649315
23.19318863083481
-16.83724111975951
166.91025622081088
-22.553736755965122
31.328162186511655
35.91526949165791
-13.599827811684008
20.97529015189644
80.41704531442247
137.1008239093153
8.088212837620631
64.02918364011248
10.119788141620846
3.0403059981728604
141.5464286882061
146.8832663441649
180.71111342425047
126.03232915498347
140.36909886846252
107.061680613092
9.966371401630694
152.48188142953995
-122.8088075974556
34.55249559289314
18.860969785651605
205.0383400073806
91.99467191675012
-12.668217527204433
95.3443032229136
30.765265768991195
109.95212805243818
35.360986145240076
-13.80245604213269
59.823763978793494
-6.189009068732764
-70.03973551458103
-8.459729273861564
170.6856120982411
200.3409346296021
203.3424038243561
39.79601646250353
44.914088591593554
79.31954838061131
78.55615712950657
59.32091521797145
62.82490931631952
53.540952945022234
76.33919502313125
19.450465361318095
133.99134754309193
-24.828766668727845
31.984933318171898
-86.19657091827139
-187.6157528208687
36.129356921836155
-13.268632114200045
106.80216350606793
74.37197594193321
68.25539270797145
47.50110978398999
-27.683053251399997
-25.94917805545697
99.43717879909582
4.114724969434064
93.26470357134485
-130.43509995664226
74.991312449612
20.66971706021286
138.87366061120838
35.880014141568665
19.553470445177545
38.80472496741399
-57.621097479485385
3.97235566457357
38.40798722086947
306.81348623893564
-10.62720917214748
-46.05384308718067
92.22256700197977
117.73265233219354
15.205337504709146
47.95228223679169
-39.18243489090446
51.08544253196055
132.18809115479826
13.35477563119501
-18.81368627590545
85.37958254898422
79.49464520391274
23.95230273553529
92.77669814431556
-16.137663847086515
73.11943053392224
-76.00180337047505
54.46644230706835
6.6651663342918255
48.29875881595848
52.21366163588843
67.4112456904934
63.65840780539139
3.017493034807108
40.04895666022958
32.323099928144075
-21.25639692003667
-80.25303719747626
75.90932355630275
23.26046456017057
110.87861514549877
-48.414836865322286
15.979717385394679
13.981952348223635
-121.10784000288095
38.13646403995402
-205.5583062921367
15.283630581215679
3.4079005118523087
140.3737240777757
-3.850711506664787
77.61738823886594
-114.76200701072185
141.26906566151501
46.58058227324917
56.29020184758184
-0.9897280412240432
137.3714011484103
132.91220206699836
11.339750883666738
-75.51731165173555
17.380278828812035
-639.9404737736093
53.012762078090766
165.39814198347767
7.98459114716348
-33.06023286251093
-8.361636558815917
90.86323342055653
29.23808279397161
72.12650694865442
86.43633540599515
60.31669458433126
-125.09564168772704
10.820635164093492
111.9199289266594
165.44407850559537
109.0813203591988
9.846481192915716
171.45010130344644
11.990536339415883
38.877125920104845
188.68248902112555
28.529063014585187
3.4695031440503215
-4.652590122940889
12.357751297036241
-70.73636801660041
129.83440845191512
5.136772953915624
-1151.5970871499558
-78.23594961268736
48.81361350143505
44.22218221782839
37.74130479778077
70.31901867367287
-268.10558630599644
8.634355843072202
57.17019092973203
-6.745901854546901
90.3805291525702
28.628183365443522
-495.11419751779704
175.0640942498028
-362.4010361363062
55.44763764670063
102.40847624572916
-5.464108416713316
211.9767042537551
-54.76024397837069
-100.76551269886065
-35.40791468297007
15.78315298488431
39.14553914357186
123.3573089352567
-110.48233749085557
8.202491800972922
36.35204863941726
-81.68706211183144
24.152043345365918
63.590768003308
-12.039847975225754
15.753426912015897
173.20270512293564
-6.228888907235614
86.09535506880138
-34.39735533288004
57.5840626585383
-138.7367226624301
115.68884927267209
143.20158160196706
-29.68227575914716
19.787207501806733
139.3788670428121
90.72601516893053
66.95480836048557
10.93213037460158
140.57228004722583
101.38253705020406
33.704370028723645
16.496608720694052
-120.75955737100321
-254.7961333183066
56.776663426196876
-13.417187590437681
-64.38122655478765
48.659218605465576
2.3311346173197154
-22.666783861339127
79.56537395049054
-274.05255918526336
33.077932690873844
78.19167635281063
-37.435561009988305
17.773247381953315
82.92917385931253
21.590606472409668
26.980714085671934
73.1310462025321
17.204502699347813
38.87898496441767
63.90513057277796
35.018522783102824
-57.386943002721715
106.15254647454458
29.69528663502797
72.64702063083087
128.39086660354087
114.80082014210984
-34.02323048827839
-53.30142081329814
-32.90698371433018
89.46469737244888
-210.58697545196992
71.23937158506487
119.99727539641299
81.17229528342523
20.50316853411539
102.28324138536573
44.31533217781231
100.58212304956692
56.23084864337234
66.55163603178698
-137.17555111692946
-18.780012102420187
516.4990199178603
-60.34575520127237
-55.55848696824887
89.98533132067246
76.47439083923473
4.244913900681975
118.74814386042272
19.661128508614524
115.65053466402628
-307.41703994453064
65.1568265172433
39.51826066338947
81.23935493267209
212.55289298405842
159.89423625261952
41.60832668025869
-50.840470250782985
-17.616019729520442
48.035970532524914
10.811208728735267
111.35778127103856
11.32251476368794
37.599855727678346
41.98757952834302
16.08781007583366
69.13351578333163
30.640175986281974
54.703764032091385
-29.926501661331123
25.81446068213556
196.15948592848054
190.55910615049197
-54.01348353574982
93.20551657002352
62.43164164579048
38.02915081957505
131.48455726848806
88.64195897180366
-19.68695983117928
-954.390553790774
-151.14650139140713
-55.21422968984294
101.10706085569541
134.87696540408433
41.71390139182131
32.23775911476661
89.88468514650049
-1.2169534395352457
-35.363864899483815
-16.342475496590623
-17.287291811464513
109.79685188445842
48.836122981214835
-21.470175683967682
49.033564320367574
4.218390378379812
26.92750323549717
86.54123510160832
23.69346866967326
-277.3310888277544
55.18375827369255
51.774683435654396
119.1826699541125
-27.296284172996987
-12.160686728828296
-110.98065369710275
98.52403502811558
183.7815506601264
60.8783922960252
13.78292555900748
52.00441391200758
-22.448868080929156
29.830158067990624
66.66846907623403
143.36582586714758
-32.991736710125366
-245.98125253753187
56.837157952440975
7.932380371608101
165.88107723288613
116.79688261546926
62.97698963416815
-10.168806054969195
12.553458073892834
-166.67830064447637
17.685977041996356
-318.8219834904994
39.568456592584184
-97.61543613665094
56.846338240426576
-22.859729430096195
19.019273689243164
4.962549284791932
-9.533886496796395
80.78722959551862
12.515033556636823
14.943688229112581
33.240324217094894
-13.911483179223978
0.8593551451503174
8.999273537046065
330.91898163938276
106.0555396337599
64.3255226824092
-52.02081286839862
407.1729877590815
9.70436832155961
102.62356800498901
55.897106957195774
84.03623507540442
63.92477805471117
-2.0161231490039646
158.28789863676866
65.06092679353506
-33.9547286693728
-111.75887643706938
69.92573367155103
38.74562173382047
53.30200042525303
-9.639920346309149
100.45613652838415
-53.845560495582504
36.70781018396181
61.5616455428009
-145.9730641874844
99.71794433809737
138.52935008565646
37.20592788920619
121.71906088861579
-2.9207259964450714
19.786012170937738
-37.66943353440456
-36.49766838447886
66.26359868503923
123.06791680461174
-166.0584167550769
102.2944950021822
65.52182402839995
-132.48943400887765
117.51776729311086
-113.64051619115098
56.65685114394273
-18.70869047538861
141.0707395838508
69.20129640883033
-17.835590648502148
-2.3407823665456817
-768.2537609785106
-16.855252959010613
16.490913067621477
116.85586826103554
-8.203431820593963
113.34161787499306
-19.496391807666896
29.409722432342903
-26.064512077360398
-18.350242227127637
-146.63412503751988
183.6879722009362
10.41218391583746
-33.87269765765177
-19.755857588493942
86.16822078129348
172.01722485178698
121.51154236120328
17.409102857023388
61.699086532594265
33.92968159545049
-228.83040743969468
60.439243452820634
37.74095319465549
47.48060037245955
151.66479126898685
-57.653972596703625
33.60456623165874
101.23042129497435
41.33817197502464
28.62272397365416
-59.64737495727377
121.27896124180415
42.40649052270819
9.43878110171228
3.018569848054536
-3.029689281218575
96.1132173927299
181.34658905583274
36.94814420430531
-22.089665610851625
24.91411818507643
35.87737599090629
-156.18688306566946
-92.62164289236307
31.47434473167823
-17.995372772476063
3.754081407763124
-193.22633801329525
69.91102965686383
-18.089921358713674
-103.89982736748561
48.35058481140313
78.50404912849581
25.091660445617737
9.188934575106357
-189.83302762801395
34.903167342710695
-11.09510356044327
8.770226885865384
114.57948442229508
67.79230421461946
32.0633373710515
17.170896296398826
-3.774048007275259
40.87901943196951
60.84396789367378
-92.79920326716183
21.73784076287575
20.413262610165877
66.58931884697267
30.981853570465773
9.850001002908696
-100.01674099560526
21.413023824812644
-223.5928006501117
69.52883639322908
7.998614521943182
58.66997829447837
-36.303125970805176
59.18374026934998
-46.05562422006369
64.13879821529554
13.852340649121837
-34.305294394689014
-54.72215490867768
-76.32309269248572
16.432952201221102
46.88407658983715
-26.664623318939917
213.87522600513876
21.47810901564604
42.214635834165165
61.24376541755902
49.645474822413235
56.226297436852064
43.55470212478006
-38.35897900085844
-115.53896222707272
34.024737288724964
-55.44211889209873
145.77517677777882
122.96659876065769
-37.77918039312962
71.36315676112851
39.47242279954526
18.8900329804719
-10.700709491883512
65.45973073228896
-9.175496249922617
-3.6818399196485094
-14.552854511789477
22.64193975147038
63.83934061383388
69.90372987855733
11.6738904159306
-1.853628930306823
-29.648780465233802
90.7611076927767
41.246303436636026
140.79431337137794
-210.9758879932192
133.0716865618267
17.1773164581305
-125.22687889600275
27.165642723880183
13.655672699628212
9.222614226116482
28.01874231829106
168.62994053517787
-16.662134711294126
60.70624228083551
-301.59287240082176
206.91625073268415
14.625545159292432
56.65167492747548
89.58613628140165
11.508701106446233
161.903930631634
-75.51575637308633
-27.453828401482486
65.04082910925263
154.32094549980593
98.06858874613658
70.46909196956585
44.45198059782723
27.072041766370603
-19.150875005938282
40.89786339248352
-196.51352231021474
102.55615820847515
-1.1613229999725263
78.6921122511842
-13.592277917670375
25.53740796544925
42.43736150175265
14.418461037766406
194.1356194612522
39.189583207393525
92.97994110992315
21.79732420910932
26.37010949446209
68.57918130976591
22.940508211912597
63.91815479679417
-78.12571401216428
84.58852171022636
243.87330313191705
-88.64314064728465
-90.07787992983958
147.24573926561425
-10.114225449014778
-21.59215862992278
57.96738063219664
120.61162731985041
-56.40418863250345
27.25035857298809
23.583488106479965
-29.874942537577567
46.43162761966116
-420.32529849059665
7.0619815384630265
10.816375980281263
40.58001402957916
69.89011957240251
36.03725105482072
118.11074312418623
82.17942634241484
-52.590847144902455
-45.52315549181185
-48.7615055092524
53.77079144470449
64.12606924044098
-10.870480691895017
37.86763882827995
131.4781837022524
119.14581246440048
-112.15401088859426
126.59088672859184
2.1894902595890144
38.80373974325178
-214.48517195161503
80.75003289980623
103.75515227152982
67.78014902720292
-92.16171085823942
67.52176261771228
-73.02222054092726
69.66086978544587
-765.5506606155705
27.848132383031324
201.89569297656226
-177.93931343788245
33.64833019074376
27.604365458224095
64.77877167014762
28.286125015434763
59.543604839113414
16.671955232104366
-19.63421651353182
50.57968173986932
35.549944768232436
-25.36813477219698
-176.4138437039719
37.43755077181418
51.775962147560676
-6.781233406535538
42.81106031133319
42.13889530136761
80.16479444920918
68.03113800102437
145.98993415849418
27.003944764148827
-27.125088900562716
87.4017537466907
-62.052293385513195
97.58434476339767
-6.897772241250323
116.34831690968622
233.02319661243428
45.72841454643182
18.804326789406332
188.27348500622702
78.7114016681106
30.508421567242593
2.2163296570365603
-157.49643245144307
40.51152806754345
62.19080326228345
-42.93665615626378
276.265616121771
37.20002929447905
69.5699982449014
-100.94758349634913
36.355971154465806
60.95385733231748
29.568823495815412
-29.06573834032497
62.790654669314335
-13.124875722131378
107.72042751823983
90.25404605782478
-10.487033336895754
4.102779373011514
32.80393826973654
36.602142407850494
35.368757172092955
133.0402890986079
81.3354339774396
96.56129497209122
-82.17030805617878
22.998030647893753
95.8447885837328
105.32403672309465
39.81790763999413
-466.76502100511806
-112.93623222423184
-31.522567656765986
-42.1038702402484
156.5630201645647
194.25650652708964
-42.45209104762944
61.13493467781211
44.293923285609935
-335.3116227397758
4.538941517920763
243.26882146009848
11.577516916155218
66.76759990069223
100.77749365145314
-1.700901227968643
169.32282711213338
-143.45993353524955
42.67327120102422
-318.80932247528426
-10.578148393968604
11.675463494163978
30.20176034046412
144.46513620653877
-290.27356621406307
-77.83690858353384
118.43941404309999
-13.229034416093915
80.8160011146274
63.53442698732442
-8.908834363571815
-39.356178484251465
-10.107407869060141
32.113178176126546
33.569934890032414
15.582811468498697
25.426737647211674
81.28923859098117
70.64101908663054
64.62806561163751
-47.78509103559463
4.506839376266157
-123.94855102210931
98.35711088497214
6.164470371085024
87.7451366730038
46.575145963087955
139.51824631768363
-41.230593533019714
20.520167037337387
121.30527934626662
41.55532600466612
-122.2452353754461
54.96405068773993
77.46314168186382
72.69134992896113
179.380393955847
46.57435749053744
0.20451284624916344
114.0630061763336
-18.730889178234975
-250.56455708424346
21.26807336699858
-42.727582933326914
180.98515828066365
18.42131929082436
81.68404646901581
35.72451926944814
106.34157673955656
79.20793240881858
-141.35044648586063
107.67517796504092
55.31299758448722
0.18149075919109237
-48.29585716393908
161.2646206568038
58.035613295554754
-148.98145028780527
-31.491300060361937
38.51243965956746
8.079532665915341
15.29612856387302
170.8661360689075
130.52158841040773
-17.85619470182437
-11.009847959762737
-0.6466715274993327
68.66277254416678
42.393487390229424
28.55479289571356
118.01543188977894
67.21088132253954
-106.26280789778912
178.92878074177452
55.14149328486383
13.009556618284932
-54.9342330068439
-377.7120768209834
-39.11391864297394
-0.518011353109614
91.9816671874296
139.83097081819415
-29.072771414034378
36.39777521665579
-2.5004263269974776
17.697781850253705
157.133211187391
40.16897512515918
-49.76923276877915
37.45447346397427
-26.241684051387242
-72.47957087334999
125.15283591140906
26.959644819866384
17.645730093488453
116.7248174176907
-139.16507299317573
60.380716478080394
22.930860151764904
111.3535970153398
-36.117415464848364
-74.65534962607899
-81.97624895957445
41.58804239417327
70.53827754060808
78.14980129666338
139.31679946168322
-43.08701631016868
85.98762978470222
21.047187247177117
-183.9705119160626
10.918106237045055
21.084512608063932
42.23142332414409
57.08527017944468
87.61157012668633
-251.5672515899878
-3.50101978946293
52.2625675847421
-191.58752075347093
37.098850330789766
60.49854142266997
120.38871909235581
142.03279648587227
26.652182646451998
101.26878275799845
-112.04286701585715
112.67595964180191
44.99040811445957
87.70382284110656
83.61042610085417
147.93459342315737
-73.49823846084973
-31.917687642351805
171.08874376746962
-84.34441323956389
1.6261921107525232
82.60710121689863
42.71596392257477
120.31406499613058
28.787751867991574
25.62767160639806
-5.627422526240617
-153.87413309922476
-63.49698320863763
12.690661337402064
88.83253475395759
136.91823770970223
139.63428918732234
85.64572671361657
183.28817932857737
43.78428665255532
118.55948799714315
20.948175202803885
-219.63115054233867
22.89814005326583
7.175976560798517
65.4622494517858
120.86532160506499
2.116556562608885
163.77330152234845
82.85974818030991
13.845445000813084
178.97411833119963
150.82801253632442
9.519214328451199
-188.73551961823887
9.681555401686385
113.3099383393992
12.446044783061378
-200.32868933429472
28.120162987586625
13.56783854776139
21.499172562239195
32.735879870837664
-59.518120520548564
127.05453959202055
20.636512707221996
44.595223243854065
73.76593596669181
-64.49644980255971
69.44117562995945
-675.1381053269005
66.31746160019121
-11.905248455569264
33.519810639424975
17.568466725376492
332.7720157609392
53.838962309827366
57.09059417323624
44.974686099353406
41.18751518240251
-5.38106073501587
-24.815769590004535
131.26828469749398
-24.39136678927906
44.89527015226622
7.104773469586689
60.70926525177833
120.88390836197414
133.06137606623815
64.55651094304949
20.475531320332266
-4.783330796487462
77.42939003964761
-17.4040779187537
17.70700072286963
44.651393902088046
101.99449182135163
-80.38273661189214
-10.079238866781361
37.53698190610237
126.62473955379141
8.314468260206445
82.36678374242206
-38.12167924808354
98.33028434521339
24.135620380610654
52.547615939352
-28.662393825178697
-36.056795451253834
0.4199040126454747
116.07885303578087
-76.85374073360163
44.29441755732296
10.624157870144126
39.77837635044574
207.16017781134906
95.98779100977026
-24.296930862470163
-155.5516181306375
-87.49342472140779
45.26499061307227
41.68862031119261
-83.31869876395376
31.47560577566226
10.192587967160716
119.25666592575863
49.85152143489557
105.53164736318149
287.03487995571686
75.83284510559321
199.17486940422577
-194.07398350299445
56.51209068099797
29.822443253574146
71.57949024868435
67.52642718068273
-32.053933645175974
-71.91596863234781
-95.51393811032176
11.387994192508094
2.1602187969117472
-146.26865605768216
-85.00601361699462
222.73745363943544
54.76114265275646
2.2494536765750013
24.09466761772149
65.90646794655137
44.11727043327704
65.34411368441079
34.29704578726615
49.67122955579865
-28.81223947310044
70.20894176067793
19.21746009731487
147.22081768585258
-102.52613252692117
66.18993976558295
72.72064746426113
233.1061604176307
-199.10732183116454
48.59349619953588
15.406256729933801
32.94120498521761
-42.64980270995056
10.57460473686797
-2.5892360101610072
-12.03417591992381
-210.4301871570151
27.811564811980077
44.48276325468504
64.39189657627321
-173.9000215691458
-20.48848104638102
60.94328590783459
12.978257226680356
98.40911661917858
12.655210521228751
160.2235285821589
55.10446282296135
56.91002328247305
105.76756154079385
-128.33098038730805
104.84454831566245
112.27593306026029
32.051252386890404
30.94617180196242
-38.95753929511284
-17.322343455903592
9.11285945486597
2.6082158203525267
-62.440397917114296
7.6910985744249025
89.28995435241404
-8.53577352616702
137.01208054442577
20.069207175230467
85.82597256385247
87.00914405257072
45.73872875819479
-14.192380071551458
88.87118415767554
-137.0934653055583
49.86208444507338
80.2340675894298
41.8174063655323
218.2793062933588
254.79888208018474
50.19303019599465
43.7637170796791
-146.2279099866596
162.10081333136804
16.05705161529545
-47.76927478068938
25.582225329758785
-163.46866323928225
-28.054727613288378
-115.91159771800358
-37.98032695713357
18.47939909088185
-275.43373063047466
18.73986467072129
42.57608000365349
7.197364376769656
89.3906478590693
32.02629171897965
33.412845659765445
37.25740547994681
12.346326337609085
1.8765867824276938
-32.62563408818153
74.71472598472212
99.67661208164827
13.473994000584945
20.981267237676093
30.61051569216775
91.94218223540133
45.267131122834144
-113.27031636893844
161.02842958397923
-139.77711196219843
126.00413807670884
203.89839046311636
-5.902974086092399
66.0761516465019
58.49124048008548
25.63886182288649
80.18078212588807
12.568788550610869
43.30654208203037
45.289925221771284
53.64306554546192
0.4814193321371505
43.27478442670781
55.891902803686676
-785.1780938490774
22.855590894011584
-311.6088168776313
27.393117908348056
-22.799879634914305
82.42833549382112
59.72631091912996
65.0367544167915
-64.01205002915867
55.202069009037956
-41.49850471413038
75.74234606869345
19.61059066953806
25.331357376376673
109.29276793815006
59.28572153912475
-41.931771507869286
-4.354541248170279
111.88935959581619
15.359330959897317
33.97540012315967
10.761641130920266
27.051198672241384
61.698255217136534
36.826991454146956
193.99932904453362
-166.04931678623961
12.461062441981085
160.69409051931598
-20.52887907348861
71.93260708261141
-44.25527992561183
167.52109015670067
46.86151772076995
91.55300947421028
62.47346429825772
61.14672478019929
77.10634092651082
-3.173819422376264
36.55462307417532
90.01199680849368
20.565290452088476
-15.430443114617901
-16.646416741754365
23.606309494927658
56.386535397806085
110.13761928362692
105.33865220864664
-30.65159119864211
87.2630918911832
9.24197980825511
56.97748340605273
112.07549222068837
107.33724101559005
14.864950375464492
150.98503889181347
-84.34242676454687
-113.64155579052886
80.97509655849808
236.45191494760957
8.516308787440062
16.26780946801639
19.820591506762064
-92.54730113335245
0.4220625906105282
27.274094051608728
32.94878994326222
71.94718520616004
129.53830350318094
147.36287037178727
-49.55563695364626
23.669892813948536
99.1207886109969
11.988496174957781
85.07151167108805
102.30547551036966
73.58516345248182
-16.531339366452862
49.27457790673059
-10.538611251833117
94.44965027578064
-12.343852839177451
9.055640788477309
67.80251964339459
28.704744209542266
25.304994694182184
20.047305862923487
-6.91302127093111
34.63150270772717
283.94584016085264
61.80586660293858
-24.374694040641963
33.81620830102714
59.77142706047471
-17.06953802355929
39.148092053357686
77.6963180909832
23.80307601239165
93.87269402111406
35.0962882188237
55.49781756313274
34.12044003951557
11.688406363410408
74.184985167891
27.425668113594355
-50.35337470050354
65.95541457524713
84.86318331887605
63.3631367341593
-418.96313652516665
48.30772972268929
-56.613035842651826
-84.43427298658116
276.3980015050506
128.14876538882436
29.502958809359466
47.12944397529964
1.00772503500299
64.0117107804079
194.45241073652005
20.514707985818177
-297.5969571034425
133.25872942946307
-55.67889639784053
-120.18835421429594
100.12821836533976
11.417940482167117
-576.8379397578119
-990.6613266635707
38.46747925684202
71.47535915262142
54.0590272173989
20.065599145975103
51.686301844942136
0.7215121766612356
96.18485842158088
109.82118744189302
72.04224030454361
35.96433065678957
-3.4395752746892425
5.2100666967195615
-21.869189028066387
-1.4069744211190311
41.11274783463274
212.0793043212143
44.37617809651465
44.2070526390919
159.43814360143824
0.936075660305505
98.502318086591
-17.29791751400495
51.12098441868759
83.31627458740684
60.29800781475274
65.99786102491498
107.29799030368804
55.586331325565766
94.7733249726657
18.15963424509482
-33.94179961216773
45.674152861699326
84.83911890082493
23.038547892059686
74.06558190567193
39.64175512333446
160.72039361728002
-0.7579236416140702
66.52774212057739
-792.8448900973608
7.255836115765771
85.25223912650642
225.70204866225004
21.88877099269132
104.31802676760526
-122.77048198551071
57.127437347211696
235.14715968790506
63.12850527545129
-2.4944102660826943
63.565956041821664
-59.93477441165942
13.433115031346805
61.39748339060847
120.28035636538334
18.747970572373763
33.544395152866386
-3.837814330000583
32.18176670428193
-144.41422829600106
55.10628566388961
-64.70194907635505
-102.95289886734554
145.80769764388788
148.7202590603033
70.69325242031508
49.65100237026218
73.84159521802786
161.9684791022255
42.18998831166135
70.17113326602248
26.214683017516386
104.00102795997418
52.09234942994306
14.080486561281688
-21.746491618024265
18.001998070186147
81.46656076297751
110.26094320911216
-129.1562658679377
60.976952357497794
56.13138056602944
321.3002178722413
-245.22371171399845
46.32642336368175
102.84468643348873
-6.781039274733757
74.66352730890176
52.40455346332891
65.40920355636638
29.72456673293908
141.1734463927869
-328.99884428788755
-79.00203696528433
12.234727848276718
-194.69899391830586
84.7835021188431
-12.35710646256642
171.3259797906794
52.8727061074228
-15.316024820116006
-56.67954093852313
4.417962556486672
107.4278348719431
-26.894954905346367
-104.17709529552258
1.8039433122254422
-9.393698530815758
-75.01689263488515
103.60355544769891
-7.826733009127682
-29.21107170058167
4.6200879794363345
54.918373349933745
56.556960988208175
92.16723692121559
54.41492976726761
136.59164095989945
-255.94726554377667
12.872582399531572
51.67054508660098
14.249803708218916
85.59679476646352
-107.1891826479099
-248.45413323666435
51.36360885073207
-38.992540082520975
38.06958197961103
37.468186641463845
34.06342759147959
42.36512517260173
-91.20999142603614
144.91984483098895
38.48363169723598
-13.86277842670188
-30.388560585417054
150.78696500270576
206.23984158976918
-115.02521454699854
84.77154550657198
89.94226666554255
-262.95142546129864
-143.50744792024852
50.115068654226576
48.42645867695332
94.2787655892185
22.837621278430223
216.31947809387657
94.7588953818788
-75.11770101528217
101.90515908151917
87.30889564744302
34.282852314487
-33.85435834501459
109.67059184756704
-102.75719582038346
24.210298169146977
31.295837541283966
13.275488359639409
-346.4353753023943
110.81538695571817
88.47686170948532
-3.930578091607345
3.9590801302143044
88.85095018858149
117.37651716571554
75.41808779841108
66.71910456630788
-31.144355265139893
40.79575585403933
1.3588391650791891
21.438990601247042
37.771000190759366
-3.064579650343621
137.05476133294542
-76.75723350456934
82.62717681036816
134.7312336203929
104.38513058094577
67.71429154331008
-53.58540818867914
50.24476609306519
88.46908091745377
110.23758597333699
121.78639367723133
46.17830740939439
16.536304845872422
119.15279393507444
-130.06203664429495
197.26646193123952
59.62736428991388
-10.412831948334315
-3.164945342026084
1.1580206800981045
50.419804814824275
122.77053280611972
82.04477031513034
12.616236410176953
52.18904749501769
99.82070838818413
-26.063459974794387
106.62855404624906
53.238671933642095
28.349497864290957
136.6869987459072
10.046967429547935
58.024006269886286
4.188970120031599
-142.91813884448763
39.912366759356445
82.75740852164546
65.55082485144806
120.40495362941817
88.81958758634534
22.139410054494807
145.8338419343645
27.299039162996237
64.21539248171848
61.023570055752316
123.2365607433128
28.184399280204808
9.389832562590271
137.54602605266882
134.75482697984216
96.56926420965499
-19.57358122120077
-130.0936573508152
111.84626011476576
21.510175778725955
-71.22223985709024
33.20966225371583
89.90112540838572
-255.3295531992144
-236.411686948637
83.51497742024503
-151.0961689886717
-0.41867464110625097
-72.47300091049874
61.82795770660695
-24.887988563631847
220.31724244417182
94.74339675753197
15.232779162899533
-24.947880326591076
-33.781010731193604
9.15160743576962
-2.2579314226676233
-4.519579653018809
63.37341609015721
116.76244543498342
45.86596348083367
80.9702394804574
-5.327555540821777
-44.065562908371284
-89.00254625184334
8.19680283846156
74.3716069729735
75.30660085798388
-1.5225509190170559
64.35126111895934
0.8372411433332712
82.07076324956006
84.76207589646572
64.2979623322739
80.04006059175344
-78.68572732189205
-28.159005470080047
70.60433100930261
147.44513688261577
31.75622230101728
60.08466867558991
79.69843308233567
-19.60295780130764
49.04221445784245
8.64225931228475
14.327680067233459
32.98265180128687
101.63603327201827
95.55536975129763
59.45815736904569
27.09535518187902
23.76949041732604
76.24304248431372
-10.211963371469592
78.30991805031695
-43.14729768961388
16.06488410450314
12.04282928896612
116.79756112314044
-65.67326517892752
52.19304520821606
23.489584896517986
122.6454188918218
51.97013780729997
20.407298222522513
8.40716833570923
15.14913842991655
38.266174204333765
97.77176553813979
190.19023789016956
56.08860948615006
39.64679754594401
-161.84267118006755
33.46405130926178
122.79927794221885
-8.115834260409981
136.90702129313217
-60.17508714715859
2.9171316867318637
-7.13320356695931
18.886487198066472
-615.7780477528181
0.8123730043628861
98.76212099123404
-8.486811578559355
-88.68345703777231
78.71990670746573
-42.674937872377996
68.5500910317378
33.19384692369101
147.14779255717576
60.98529363101966
72.02099167662777
16.73166185914411
-8.665250165656696
38.60028286122082
-245.24203648974617
56.78745609641894
93.5378255031892
84.65361238114747
140.20784050740508
25.547464511121234
69.2536138621781
43.31212798667005
-273.390836054552
-30.83198466566088
35.67245233621679
-309.5633977961361
-56.23265214656294
154.6284426125112
89.78691426680632
122.2396136936195
-80.49703356871032
53.802804403753726
54.52372182366076
-81.13169160485859
13.9423368752125
21.599565662943444
189.55154407587565
-210.57640411353623
118.56605366062433
12.61360343662787
57.49116409981605
15.674484894394482
86.98458735991585
5.6861155307821765
19.346611664572837
-119.3777171053789
-219.03705182085196
4.951306272717947
-116.62268450971715
7.480552166382353
-143.40487547834573
128.59962781299373
11.949336041293463
124.8103584358364
-39.325637563694315
-88.33915057341346
110.72687225278287
67.52995577148795
38.22618338717474
76.04164063742974
1446.8031698697841
52.133082106518984
26.066055539411536
87.58955504057576
41.246138235717815
79.31508887824612
-4.609990677289959
-1.9942022321152253
45.648988190485
59.972014942436346
13.138494295149798
-74.7152643340246
48.842629451744415
-0.8542906857725132
70.56770839259207
-65.71381358429699
-69.0619388612804
103.89236965316013
99.3447446719365
-75.11426094009539
61.35395238238155
57.54238463844678
-317.7789013485108
45.564359485173
96.99144454480677
67.39901919577892
36.102919809107334
61.09881877614825
73.36812598668166
5.984037842647559
27.809930575099415
15.228262486521643
212.00524273195924
-59.91584039445797
58.5773001317898
117.06508090659918
25.50539659630492
-166.51809831160608
48.82675385379076
44.16164565505423
10.348461593225693
44.00479255034952
44.56797456769516
-33.727419141609474
128.70247850368196
62.45588975186021
-38.81376121128142
2.2636637543819234
45.04406476174651
64.65687474741844
64.16960986800541
43.660195503008254
99.44396862431768
-41.68911364740825
119.49397746540353
25.814771577891406
150.57022475669874
124.92069435667304
31.57371278911205
-29.730685953041416
54.731209428465576
33.490682347110805
9.669969985488933
31.987082556551627
173.7627365058852
-75.85976451371424
-3.189737554205294
13.585169826796719
-53.01435989089168
-5.764269108388371
78.43909746260888
-26.064445949836227
74.57410566884022
38.52098452099972
-27.39055737948729
-144.4819400377237
-208.40973929402662
23.75791442186571
-450.18786924569577
105.07365715632625
-9.467365046176383
-54.5724633360951
94.9849714488314
-7.813410541948372
60.1143277704639
-112.07859548360875
96.30641345206783
37.32763540457596
-53.685367219413195
-76.37040486211663
52.48517189618499
-68.2141664313558
-48.74144187911952
-8.713430989340829
-130.3599488217733
122.40542462552412
49.68546536892643
55.00284249746447
-103.20254677508547
-0.7107264352216589
-49.3409661487558
99.60926992248187
142.74048350142448
-263.47877179261286
-6.084281452040159
123.03870207798855
58.5198663058959
65.11736691292663
75.53990244639772
38.63560896167928
156.78139836363198
120.38398425438436
42.53025790641729
27.8178718620867
-47.930499225997664
50.83538513388703
11.543011470462744
28.789939064848454
-37.756231317259335
-20.47448939518199
6.88865829727024
13.511532992354958
140.9076930913111
-8.54537206156381
21.171583681730183
38.44237747309754
71.85884466191754
-24.27268507959161
38.59514362745813
59.28393655063471
-108.57829924927927
-255.20310458915264
4.59880306421627
8.300891839057385
9.6656054959725
63.68294230383091
165.0691953845926
55.76336493933343
37.58490628729842
-57.12231682911033
-84.75107060020628
-97.58197903071141
-15.131052872377495
65.56512580140043
78.05047406542754
67.13871072812026
-38.63577751680267
31.87570266287139
25.600549060877256
22.652491948540384
18.80502082390989
36.22163928755435
-17.326990378174212
-69.1138007137497
86.81819452478771
98.68037578296571
70.38226434454964
12.574300210147886
-75.31432011353354
69.9145318775974
-55.70623420198535
21.092489519248375
40.07806612671743
77.18598722975366
99.56877500444364
133.44399071888188
88.41655001571962
-79.59620838798674
42.64369220940262
52.50085075679817
0.6524912757350365
-12.244420475670267
113.83111852903528
-55.16121338161793
-23.715092334110068
22.598329351756774
-10.768406999014132
-34.59481400690902
26.830809712270867
53.653565571268985
55.77283269948602
126.25644147572757
1.4259979082463894
72.03545099483574
78.59540091497996
-1.9373290790763313
54.19921726794371
-380.83713934528987
31.390449828521128
230.8042222345921
70.42847223314249
30.843708901517402
-140.77753879905595
64.06045137627763
-32.01488920041778
109.89219337991699
76.25155212404263
77.29427871382566
-59.53484754000465
141.20172068711418
23.33785404838656
-87.05409064829061
-103.5618525184027
40.30440165871647
10.142583911939013
23.607651035139043
73.41332892336595
81.30742559535406
-262.1346581530797
76.48116073594883
67.11542080118488
4.509299223629569
-20.094077769710687
34.798702374209334
65.95217016703077
64.06850117988824
31.309335326943025
105.29474842465288
155.05021116897296
13.504029504328232
58.05855425182381
79.40738416823751
-17.94321093098597
-59.125965533122326
100.69524012453928
-41.925958201489266
42.6892495530949
-20.79309320647021
-6.397650514437316
29.824416923594463
32.319792798741844
-154.872930959957
-8.212289670555691
15.617886870450684
89.04394207519033
-215.43719707937998
109.20253124557576
-23.286089655747674
68.21812223533811
2.617879376681774
-7.06577345130167
-11.943259380105168
41.11202556982471
-1.3482627877283448
17.269968993652267
57.69195313075585
72.35846487316485
83.16733128500027
19.561910931964675
34.21125726041521
23.275130411303053
231.68533405600283
92.33105626077452
43.07143161427443
16.855104793209193
4.241468780469732
-292.48836188154564
-50.90648642526499
48.57058500131242
-29.450330548443464
-94.57079329630233
37.67582397253094
130.8635368298087
-13.36268157294353
28.420435765243685
12.637502630544079
54.221204160699926
12.093717990188285
19.7044816534617
50.12767000204167
36.53864195101042
80.05526187633848
36.40606569749084
6.044630251237714
43.90822336815256
66.79070677817458
96.77683314140086
-42.75602450795375
46.019110135675135
51.84194338419286
-103.01588532784353
-132.81417846861586
53.34457495013439
249.74122678217736
-0.3624390743831411
166.47763744716076
30.156024869077328
100.2897817865969
-2.1916191552473867
85.0401052855147
19.855561500634025
147.42702264949276
137.258730452877
35.55553870970016
-218.16937537247668
-35.67915139670411
74.19768451029097
62.60018420558845
-167.722883972212
100.79203619975533
-2.5328846777878162
55.339522287810304
3.4318399961657633
-28.693022377683064
72.72144122287096
37.263796107770105
39.46104027624642
-12.86159168103242
-24.477965585931997
58.00861864807537
38.93963789589613
77.17455914239599
-11.697301156060803
52.22517107927462
34.568907039368696
126.98156458667017
69.20073166355436
-25.11359839823262
66.85161208744876
50.70482641822691
-117.07655036785218
20.568767810414066
163.92706219592492
31.1784778554241
5.780038562454443
42.63376252326134
15.361673598635997
-14.723102749167854
81.793654847688
23.746384734860555
9.53765114160629
-65.40449459349594
133.8903829498986
142.36072504144659
205.92177056488163
82.55271958059393
40.429543050766824
96.89188022022745
51.51345289766414
206.8878655967892
-29.859265007603526
54.361345072168554
2.9813209818731763
70.67387152568216
-598.4479569798368
30.42039440454442
-46.40630579497173
68.01362418054718
-68.50980548612006
-84.62489753581758
-87.02759754124645
65.28084077811354
-107.73589550203906
97.46166643419974
122.51285394244951
93.91203973140409
108.96545503223524
86.22356432002107
59.80890856310839
25.3788683337611
64.61576987965088
43.295160943034716
-168.5278911393034
21.405387654322112
48.69805792340597
147.31697060096758
231.29834079608736
0.7719919571894276
88.66873870458903
180.47585000208028
69.77353590898156
-64.57603232935607
-49.60852607399056
8.316111001347963
110.96830143033321
38.47514310662805
40.431700330830154
29.145040166595294
-8.762965734043988
17.83392330350074
72.11519772145758
6.539177830048629
86.67487150064687
35.56229351684942
167.82975022905703
-10.892695100796907
-5.745072769810179
-138.31990532748387
100.04342196217476
-6.855744978668458
-65.42942693888108
23.86289430743731
173.95078937521157
44.136355496304986
101.85042416805709
49.52387707434616
35.6616463113205
7.391786789658658
118.37034043028598
55.36924087263242
22.390752973882616
-46.04534629253758
-206.7300379123265
46.40401421647203
67.76010916455448
-20.903486516562058
11.469026410973672
-50.722126539752026
198.5554889352552
100.189691866472
107.28937984944105
-48.369599243112134
77.10659769124527
-4.204539615349859
-4.189244379675569
-18.710349971521737
92.20264362186163
-22.979845105848305
-170.1113268001336
-3.234386542517803
35.061268974309904
98.59329556454759
-8.57349356773062
-119.70802247535812
92.60713701063935
-96.36341569749175
244.57148265933756
97.57822126857172
22.60432659617848
75.8218917158805
20.077719698487634
351.21054044581706
15.175312486645083
26.284230914173804
-11.602923014221183
40.71778443862596
-6.230666354587644
190.86038884105346
51.249033947931025
19.923935741970794
-218.16837652763752
65.78193052787083
3.610869732355721
107.7426461585228
93.79018592689147
5.683956975568393
49.60360666805184
39.782376792185914
-28.081642103774556
122.59038506709157
-147.96994910711555
46.710123139955726
21.91905632310219
-843.0318252782512
64.53339622104147
-36.89969319884699
39.29949821164931
34.882909599628775
38.16579289350358
24.51277239276653
6.074988216337783
16.02761407962093
202.49378495240262
-37.35438146458182
6.756925909739039
57.12333523110192
20.624442039102583
54.81319997638866
-17.878280820999763
124.84667855218231
130.46041020508846
-37.95109875837261
123.62645152471987
66.76586384797838
23.73767122428233
129.35771190254945
44.212607919564704
49.00954055972331
-50.24883097885308
67.20874125113731
86.54988696118312
-63.548222777797946
29.543900817728627
57.32238961407484
138.90033567082014
-245.8930303237412
-17.756207842385567
-12.75118965171987
2.3917724056565186
77.20379384601324
-60.45900735613532
133.69574851598827
51.25058407435411
-22.32942047542747
-17.226287905563822
-23.3180179108227
116.97235256254862
-71.80996732958374
58.82347056892513
-10.766598173658622
37.36121456399002
21.10578359862869
-117.97982210689861
6.631736347767352
20.91777540946805
11.855553604786682
89.06727724806021
22.49572750584366
-39.145411551186044
159.65230103050726
95.82884979863496
33.63916121130933
-86.68416500834883
51.16644642428108
-36.997958766241936
-24.740530082293134
-347.2152476782185
80.12300448276471
126.89918636746233
8.718444601683236
65.49834116081956
10.853596286784327
166.7429633786469
181.08852297361773
96.96548822244313
20.324362724768857
53.40293976029156
9.624307848025182
38.25369476657062
110.29277365856706
-231.61142680667763
81.81137588285537
164.07525101978172
-114.69724097525386
46.80662245789017
117.04998953083896
58.739955793790614
7.903772387917292
79.32221716500317
126.79421434901951
37.14919806378475
41.15125004280625
99.20068218601727
-44.464392018031745
-48.53425399025082
-88.345653910691
146.3231601542143
104.0761361263485
40.85481853115107
-140.32708877400046
75.28884709621047
-3.538527557378921
-51.59798041645541
143.68555843830973
115.17643827563688
-4.985095617731787
118.72596517931879
85.41721497661092
27.816044170811875
-141.37377938448384
-72.837752439768
92.3871422068122
-18.915765378828652
-56.15157684457745
108.29506317476853
-107.69285898676026
81.38246093980683
-3.4844145640500965
61.75126554302108
169.7215819808016
-40.195667325928966
84.66213009559192
99.20470680781295
85.94676218804307
-31.757733372707662
37.412281240355696
243.38092740829643
86.17287454480174
118.5220593622164
40.288554868312644
172.9702821319347
8.626364877817021
2.8656897982154987
103.54034845519487
-1.0966518180093772
54.993389315169644
-95.4431546502642
-179.52325371497284
-48.11587027402493
130.066556287823
-376.84292630110895
93.27842240635391
148.06110968837243
62.292376423061
90.40926078900407
106.7942989578587
-9.196589444024994
11.663610457867435
56.997976126180006
-79.9705980002227
66.02380148854388
41.72668286419065
14.23149008231051
37.19296563849281
159.01206391240748
177.06877142245185
92.51370913577398
-67.72530889715435
-17.38753166935847
128.07835420681954
118.07633677297667
9.101876936199657
180.3808830562416
183.2794486943667
220.86429746964768
62.4206785158115
160.17091955779756
115.95513947307109
28.573238193687633
32.06454609012167
-192.3617839304079
41.80226989341867
140.27463849085416
136.59148568671594
99.34305755717082
-1.5091598665111974
8.845182879461813
67.39178068319724
58.09321058585829
-14.381641805197512
40.49066369744603
-25.430856178932185
57.049595439974325
20.18741022419195
251.6959112624645
-22.226460895668517
106.44408751058262
211.31790197220153
-2.3070686571436454
31.86251095549015
30.8653836622766
24.754124341491455
44.948896900070736
-9.146800019852966
14.093055191290018
72.30455308357341
20.21800228092448
122.46338605553638
50.76266042578693
63.464890701179115
59.026284169603116
143.39589695177528
41.23345197039805
92.53274018886805
244.69031227894948
24.5468718616542
20.725019433773255
73.22362428585666
-16.593922181463896
35.019970242447926
-78.72231262197329
14.529098973267487
60.71685702462469
-15.440098408815189
53.13102482106524
82.37458562659879
114.56623041998273
34.300258838123355
-28.405683185013626
-78.93943384692375
-2.790394963983317
5.1916006339282506
2.50690245505374
-3.358901832258198
22.42424516775327
33.54776302377477
-12.475699961831218
18.12491660110281
2.753471527071306
74.25683613228694
18.530444188943875
-638.6378828332192
-5.614549021012415
160.16743496493154
186.27127426736433
-110.92716440220556
74.09931872994707
59.92109707246328
-262.56217515236403
73.1408237184794
-219.8797196893429
37.05923367264538
-81.3306494582921
-209.25815450531445
-152.99265126190403
40.58456877751706
-38.72879871406849
96.28637948268897
18.676569088080896
-10.137144579646856
-318.4088525586676
-75.6078742988002
28.96235088482576
41.69497687619018
179.69478758278296
87.099436785416
6.11961128032749
61.01492921254635
-48.26325652007222
176.59205496914979
-16.98938369096686
23.9261904425357
-16.89416924353408
50.87467500817709
-30.332707263327165
-29.27064859129987
-61.36241234996123
38.22685219727422
134.20623515674765
43.1797073958025
17.941954531038846
27.426386524012287
60.95962853106403
47.2714623513021
26.360070528011875
29.461121084670594
79.43978178433235
-93.16521858821943
-21.613888046474585
38.15339332930705
73.21977385615764
35.00530925318412
26.840389068595986
45.38742463204926
52.58868579432465
69.9218454331724
51.319708644117554
-3.044875816664444
159.23793378986875
-64.71798771779959
-56.04518946687852
39.01431435730741
72.8254233729856
-38.58677892790017
99.93428463169187
10.357241694102155
177.21300601684516
52.51399681429939
5.899143386392164
162.75194943156612
75.86221715306192
37.401860173030464
61.31075680685149
102.08455145857715
-5.910949261096903
93.85510085728492
-11.128513857242474
9.850126692314387
12.983147373735633
-43.588969057143345
57.07600760506382
-4.9149538295201864
-152.14266331678476
62.78758183853108
29.515351736106823
30.5663305711455
67.10896147045332
10.806915359269055
-53.967167899498236
50.0274829683051
73.17989689769014
7.823698017547039
-26.15492502840607
42.47288374428771
53.86163906567609
3.7868945073081366
60.651170842768416
149.21796692220914
170.73284563781158
91.4035248276432
64.4095509978071
105.62462392948805
-206.56169323250288
-52.966303907081965
204.03588524391262
88.81048105335617
-0.6747923267325406
45.965329237538334
100.9882344425414
-39.83878535335589
12.174987791200012
4.749924033474065
66.51517589734021
107.80811954821183
-93.40951308300373
21.776154463298553
38.55149835437075
-79.50991444005967
76.68676205266217
106.87561945601533
151.69477102033306
4.971874758927977
20.707290092079347
38.917528404193774
130.6599567992189
19.644915401655
33.843996206958465
76.70760826505193
28.84741297148696
11.568935269669964
-5.691021322809072
57.69350944321741
27.382452289846242
198.0706503364056
81.0567532348272
-1.0997504053729281
32.844911181308994
-61.67962908151412
89.33920249086987
30.037709477946365
36.19076162871382
47.72331975691566
-143.91744527677292
-674.2225354812734
-78.99976303340327
82.84768772237362
5.245298750076063
-33.07913529413236
-14.879116989883187
-27.464252127359032
77.0946722542194
-152.66185204864178
15.862104232158554
23.660862430314445
29.351391340947934
85.0128636909958
102.52628286274057
117.93323134804405
-131.00441351100017
50.78197570392395
108.02348040333686
-37.67779272623011
80.66253782092417
34.77326669155693
197.02610986188574
53.25287767447935
15.849890464723103
18.392712617417658
-23.501793116232875
31.168291971407754
14.729222694693476
-79.7366657158118
2.14761610710525
-7.221224870379362
23.768695985689412
-52.99812568273228
25.233483341829675
45.91818329455509
25.884220945344282
-116.1307596630636
62.91276760827259
-80.23117171920467
46.9982634780589
28.55305372413418
25.643373331628453
42.905197541963844
156.84674752601268
54.58643354282253
112.7840744993282
7.33040405086296
38.24499597371586
-251.54389253612771
138.6353362148916
-302.93877011354107
47.58305582936191
20.676540344799804
70.86800737648758
219.07414858173615
-234.49142891844804
109.765291641354
13.044329887346976
25.815858494705935
1.4834747760120564
3.225012186273531
-21.38796331649519
18.866478393308682
9.168477144917233
-450.59389537677856
153.61718793193722
63.84920214473448
7.009177247330888
148.95503536857268
149.99887926286556
80.83326726086943
7.528624655933971
50.23994505919427
-27.465279268331415
-27.10061277598743
64.67195441366493
-1055.158830401624
44.36629483253455
-155.15092945839388
61.904109321928985
-37.54045527539347
71.77853773569677
46.021693468326205
-266.4121304012415
32.699016181398946
-32.20950499754929
37.24329989661845
49.11067005657378
-210.20539362734073
56.1128607650171
64.42983544783098
-584.1036431536622
23.97916065753816
-71.119208886852
106.14630389892818
112.33293763573784
28.224599434616394
43.75659521354646
60.2980236344621
77.35632834217017
84.01290340523155
-6.7025388147831215
-60.637904715127036
124.9858281593929
83.43497490102885
21.719468766814316
31.337578517809625
-98.49721680463063
-86.46959083780712
54.51292944125498
93.46914151043165
101.56270501815698
61.706896675186385
25.912258977997226
242.01460022572155
13.379875943954207
-1.1717849826805133
123.85074125919073
-179.34937471904232
13.146076454117065
3.4337942853615573
39.34096330266046
30.746804401820555
-64.22255643109338
395.9338298354337
45.97877577345818
167.14646150574436
88.59848893651497
58.99335203379216
-13.74759285725247
58.039412038202954
72.2457147338605
4.129178833484735
-38.52611738788255
23.19063295986937
68.74152417081123
34.02795631711183
-321.02031910792266
-131.59325986072554
21.57455492962726
25.00108519069775
48.07563576212166
73.67932817456358
136.5871254973864
7.227187289577694
20.250100655689984
-46.22007848791009
55.56252182194885
24.117763002774065
172.8753120031647
133.3884080976827
9.840098706693354
190.09824536888573
-34.53943024591308
42.775107794708674
56.69453306739433
88.28912708279404
-84.3729024804228
85.40576927027587
74.5445356497062
67.20914008441638
203.15020909856048
61.99435378993223
-64.87956811391041
26.08143554019948
-13.03844758809479
6.771550596276256
-48.24617234699372
-40.08327968355252
26.909035835062866
52.272130673898914
92.08180956820524
18.16475163542962
0.45098428326998763
99.29144388614714
92.14679723797627
13.974045554864006
17.587865728410954
49.73641101244843
133.74922416222262
51.81100852998014
0.7821433319679316
-0.6575473792119437
159.1632565754394
175.5467769477059
53.48254653972219
234.00467922003463
33.06148904801578
25.468675334440203
36.16797041996018
-5.452510045041789
-94.02416764368218
-15.296713864820651
194.85478891835373
-26.819387484741128
4.510861290395496
-18.791956768844102
102.96453854745005
-244.75875553076867
124.15587074684345
7.056815772358284
183.3195017154194
-1.0833920717107972
-11.807968296782798
95.17190427560558
1.4857070038626716
25.393994094658638
-1.4006739972751348
65.78557790038394
128.77923465046842
48.354934677810434
-10.198691963897545
90.4860987781467
121.40612448038405
32.00535537647366
-19.229932194512003
31.225081074920627
32.38324618047068
66.49382735156314
122.9112908323018
102.43160369340376
64.15142557874469
187.73399914301353
-171.48238456397848
-92.21234205119163
9.273849851631365
-37.81979149550307
-30.196719544681244
-90.06626623964803
-51.73106905763575
130.93587673915113
63.19296971670883
15.527779115150416
54.52867195132022
28.85525761671567
48.35360074916673
65.19411214543993
-5.773949688073576
6.9285252495616305
28.28459146641265
191.5566338310914
1.9944668378208321
85.94774330443965
89.12068985281212
-30.28661267810594
32.183691954202516
27.49628472491554
143.07612202134965
59.3351510725163
45.52582531455164
19.943093626332228
-121.70471854538391
-7.130192917912579
21.129771853853363
71.36184024180875
94.68610640123939
-802.164854067396
95.75254883834077
97.36988792169808
7.504917517994368
-74.18769098240273
41.34377409508807
-242.5430579357153
38.782208963983294
-12.425509023392983
-74.74294048104275
57.124032950296396
91.30104969406875
119.20837135618422
51.802731673136805
50.145055709427226
98.73764212914455
76.62977003293918
-147.86735388417947
34.07566934344678
-189.65632936917336
102.15772448298958
-43.01661562919435
-516.9376162900477
42.81606749666571
46.866379328048424
42.56276643677907
85.5851988103741
37.71557417433996
16.280307809692545
39.45781679817033
73.69771980314526
-73.83756315138226
20.203945672440643
4.2566309428516105
43.274753676054715
45.59206277198953
-139.5737807043156
27.798728086436654
-54.9895819010606
16.268749100303012
125.27538203299537
75.97002855510254
82.56790484531302
35.05229504429204
10.237479732235442
52.61985232734594
86.05848493733356
52.303885394313625
42.113614540290655
134.88748403966656
-37.103939653588576
249.84472147838733
13.569309875523118
53.630047279214395
104.34180219915447
33.071290860950285
77.73867733641055
150.3231710128307
30.462987071052247
-30.044960986605588
-10.32602146351081
144.34746725122068
107.1587966578386
50.666753882472676
164.50500229425597
-9.562012409653835
120.42565707842732
-287.6181044516097
145.04282081241013
-51.30573736012711
51.51550376739442
136.52497170144989
72.24320619330126
43.00274341546495
-0.3180960975628295
-37.292579790622085
21.454860156246404
-810.4448468145229
22.529689990256315
73.89130704980869
60.06680713244259
-34.48488375841225
75.59190894479428
57.97056101421413
-62.94501658438912
77.15057286138767
43.535613512638946
59.67405460699358
-28.020692723256303
13.465294192436886
165.74426464134558
-10.187140478013589
119.82036302946926
24.91282366600535
31.958725224114545
10.90243520358875
95.63833779504421
-213.12058118939694
92.91826084706759
168.43735936971325
-72.70509749310713
15.718818836362516
176.16627715197046
132.71807966393771
177.56795738031087
57.19587581298242
-4.550411721980254
-15.215334904005376
22.73279418282891
181.8318910828134
119.21340954034144
26.08372423749747
5.919817424559824
0.030837020585665842
41.0059158459548
81.71977857254524
16.237055855194
70.62446205846618
18.906792278899193
-30.737031845815636
130.87510080604534
31.70543407755089
17.760116530160303
195.793884233806
14.522406785368087
-64.7231525573211
-101.16110543614832
46.32036305480369
41.11822502634732
-18.450450511284792
-0.4327001640666168
113.43567368736376
95.10472651103055
12.87510055174188
32.69778638945857
-203.45047855879056
29.64228156925333
-97.99945259039032
-5.533052333991743
-3.3704144692334723
107.15987234516115
-166.521704314644
38.77117102405256
14.75508062460581
90.78645654966658
-84.32203586746982
31.928647074111723
48.74794683394505
26.999877760738908
-6.1275430465837175
60.08591021903919
122.75572482379471
-7.132414917639835
347.17132518893186
184.46435141498614
38.16255932497538
91.0324767921802
75.02641746152949
18.824521517590092
-236.66791258165813
3.936940877827965
13.27785496539807
-58.845669136137076
59.128247694436595
29.785780525125986
-58.030946410816796
-35.150380953869295
77.83858454760866
-622.3317109357508
33.84843953226586
33.222663862351055
0.7553340799791215
-18.678115086590424
-218.75211574110244
56.09268361345039
38.25868233321705
19.275970041883284
167.7705012934448
-43.28222226062371
26.14621082296253
43.93964213710691
22.284784732324372
14.694965273955967
18.341984070891336
18.02140034506362
64.41261565349942
88.35453858929077
-17.373501124329778
118.27723076767415
115.2152604418277
-2.325669206862811
-9.880706132540581
170.53098150880305
2.6203847071527875
28.303853952726513
18.03683112273052
100.66549106266484
24.653236835660998
110.86159722981415
20.194256188498166
18.410982063794993
12.957399039069774
203.5697240088325
0.17290269242494105
47.0372208137162
32.484463673999926
47.728115225456804
-102.01346814959788
98.68513541721995
6.989430772955984
2.6232334072863353
69.63487387983187
-4.980569648003898
78.33795479555152
72.61114190127887
7.991432719216537
26.284873702399842
173.0012959372325
96.93226826443083
166.19210962217494
60.96228098209167
43.41124343459455
203.75215482215845
63.865506817993264
13.849749901221708
-35.02686867939565
26.979784906117857
25.345570686571136
-363.43225175200416
-37.76076268311874
64.02293043970144
-59.93192191507069
-61.08140037808835
-77.25903435024884
9.90248240976885
10.857028256366902
120.70259232271064
130.48076373361437
82.7663812698679
38.57130374482094
-9.806442336274829
102.92635537526303
15.14457465110263
81.6150518208807
97.53766540628976
-38.5919668211567
-116.44805643042207
51.84912893754739
139.1974823191672
56.31189440405478
85.59853545984924
50.848410326765304
-9.351823571204022
96.99840879414614
60.88507159646247
-3.964156623865165
7.4098236183994635
32.413182957167464
34.802314715098206
47.53241248564915
162.51265548070796
157.69728193479386
-111.48585090226015
-124.36840990244855
1.397647551289945
-21.859153721527267
37.645258568918926
-99.40396415117448
4.51654631299882
31.84556019682293
141.66828127691588
-13.575698848441338
-142.62607156768286
3.4277972693337233
1.3969457271094552
66.7904214311672
-78.29236556094475
8.069318126120834
77.60522684919033
15.778446628203563
-55.80240844258606
5.516611660612398
30.445698657671567
-21.500750209524995
52.782633104122624
20.6742194335606
24.331636461235952
75.72775703954903
4.12372781181557
124.2267966455272
80.11661452570024
46.35169397690004
-16.085234400568744
15.37331367178615
-11.669200976120221
-120.83753710395467
68.85426839722868
-8.419201764178524
71.8126398755619
-38.11078599162374
50.8383449601306
97.52635736723596
81.87357996596876
136.95142041957888
-50.0400275830566
10.028360208784065
-64.77674024471662
87.26961737712281
-593.3979229973327
20.606546901653807
118.89031029133457
83.43481714407258
31.887361817477796
80.4787843185506
24.652117125105445
-28.25400902466845
88.72752412262071
-37.69933990136451
121.87984415616802
50.579293224380294
14.172611506737876
223.02312316491953
84.39820377823298
118.75243387242313
217.33266866791064
51.157673378071195
23.233810636417633
37.46641185258977
-38.45797642758896
13.697706205997466
-15.41043737584507
150.03854258319598
53.71208725735687
-102.53492031483894
-47.32556531783666
-31.163513344213243
38.01068287361525
35.982714146946364
75.08815329472054
-35.29960149292372
84.98411631779163
-12.674882552630141
193.18887173933535
59.108815615755475
-71.2078124179061
-28.841303887842514
0.21945143929133337
-19.01927313595121
-17.279935940672658
18.638599293628296
59.102997161707236
87.24358506795602
1.9527835904710082
9.323242223631496
24.06901649478641
74.95986751744749
125.1242155866546
133.58453455795097
55.67411387782306
44.42297785362217
-19.557288225208378
127.74686240181404
-57.00143469830027
5.831999924048178
154.22781282219557
-145.21747094084958
62.75472439925488
52.79570242474733
116.2284957357299
65.30294091113554
37.95229935502543
-57.20180813510751
-191.28417993332096
37.3811918322921
19.719602329034046
105.095841531509
72.62726535519279
69.5294989784611
114.27076361193713
-277.60560794355115
41.94093261725857
-133.52337052008124
102.60029020498223
-477.5690245279017
19.851909003787984
-0.3095353458650098
48.14774643712498
37.52782672542776
44.91302029818206
47.39349272583013
103.97345989125097
104.90335373132734
67.95386521909563
-15.638478976113772
-3.2845870914949282
-50.21877753452509
104.31737214776012
6.423647540500951
-263.5858455349153
132.4529045899917
26.330271832104927
14.903146138321972
105.09091980361359
45.81809015672462
37.54548588546696
57.34744821562407
65.60860077947234
52.25021545429638
120.4331133250048
35.848652871487026
-24.3941638290421
120.83721271745299
25.092778543433244
63.47619815161738
11.091822233772238
-66.25296441226783
30.458474190277514
7.030076023988289
-7.740190238018291
38.797377045445046
118.99636672415886
7.00903085457212
38.234053375383
62.76753807800725
-24.43507103370076
88.90812449950624
71.95985363069803
-32.3448105201951
158.84236470690985
27.707782574146243
44.16142580909991
-20.909522537006524
-28.01173052694594
95.49224573737297
48.40973831843802
127.40678685579269
62.02023192404795
-7.23523563888466
-127.03659812613023
-42.267686389278424
48.387357938779125
80.87000115128478
78.39688308981351
50.38028869635643
53.73871221988799
-93.86293319945526
27.35326673364166
41.01366235537937
48.359260972415996
5.140024444524087
39.05528620097037
-71.03390351531678
42.848617335799645
113.77742428552301
37.91934199369067
49.889190422646266
-53.966159711823366
23.627667512776497
91.25363257605022
14.262758333357406
65.80464039714343
86.99127489163584
3.554126013659028
-7.756413706935746
39.103873060913884
-63.68175600794439
53.018548531377746
32.67938241947763
48.30819728619895
49.159539085770575
10.197762151996896
-126.76442264542902
15.331676116353343
19.685735345661158
140.18756233250338
-81.4505197983558
-165.44782788280918
39.398552783529
21.641399699755908
9.024230578513539
19.558730735833606
-211.0197798065974
48.510575917345705
-21.832151900089684
-43.11860159916205
76.49460106937181
48.608197935214775
181.59798935042363
125.00990647829758
129.47678015827432
114.55975085441492
52.17748501929623
169.6934646713289
99.78105492987038
47.52472370531086
180.0077651537058
281.6302221746337
161.07246309859647
39.58784499093203
154.65014417983093
52.73401738833854
48.450643016966666
-952.4236171233588
15.807426101513654
66.28247658839928
102.35285320623007
21.108108112502993
10.334712764719058
148.02567703473937
-36.34224463648433
18.40004055960579
115.48007162323574
-13.925401806651688
-8.313287178100836
19.901766843975956
-22.37710040487547
22.040646896855378
-57.5251708094429
27.21361768422469
75.26059261932551
39.87929844931364
-31.445473134269605
16.32032054336726
-31.503832873525443
18.332048571016912
41.47751164309866
-505.26489950920654
60.53685849041227
12.467379206083024
19.683839615981086
45.983433374599485
-11.589911816520193
-176.90240466592513
-55.33894236180875
136.22497239124164
-171.67958793960588
-132.08324417496442
30.597143495809632
-47.71055369106989
32.63958860763648
101.19559408682426
26.233948584506038
101.06701561064915
111.52606792666165
35.33073098114414
-246.71039792607007
38.88332703416529
-1.9065707530553482
34.96062630559936
-150.55856669328796
-30.153097930646823
147.43693248656518
-11.725840435197805
136.97278869408365
35.317134900926824
1.2841292647115408
-67.60597373200972
38.60324177588626
-196.2852167975143
42.71864181916598
155.1631641203826
71.03282997004857
101.2874038758298
38.810237607323415
137.62316998829488
-4.362246002782513
-21.383107793821782
-0.5408680223084584
78.88278324316389
118.30924551186945
-34.97340268170592
103.27292420142521
21.77941648011033
-40.4246815368963
-19.196992239059455
20.000803947234175
20.090622516018417
20.70700519065531
52.7110474498307
62.462329158602245
-3.286156563028271
70.93653546820428
79.22291643797007
38.4756504130455
-27.559487059093954
66.41452226035608
105.26887312482495
113.76527668104791
-196.50549584555392
51.84626286166076
188.60413605770964
-179.23655463459818
5.832460819084492
82.76790502479616
-129.94976949574811
-603.3932506912179
12.75998073501442
37.62471270130812
-206.70867270531016
11.960358266814398
88.77747130558055
229.2648857783879
50.589599133332094
36.69624446088427
28.888086123500855
141.6815964736047
26.696546141769947
-24.923189717744627
147.04002976307424
70.31234387438235
138.3912937825453
24.73560915821821
-22.280965020213443
77.89935161564102
-19.61311571548402
69.24536547606112
9.931230411166377
-40.1710005602763
42.83279087680194
-137.32962305153524
39.12659485518839
31.7120856058977
-4.566746259796702
109.20777995752178
-61.115926760923685
35.50478708861078
-50.40198921430661
85.9828357079848
66.21702079990519
79.50894831981759
-36.84210016350562
19.685715860690912
-21.54796871251933
117.98827265896114
23.673496143089963
-8.45617132633443
147.46138511653362
23.430061550859534
17.58172554049547
32.275441259298816
35.165064783020455
61.55727254993636
-15.034261001982735
70.10689723798521
-110.1446475540306
84.16256549293144
-6.415627383699302
7.329441272076787
-43.970218733471484
-15.340508310229186
73.51521107102599
37.49148656857642
-184.665707929792
129.86223116448173
-128.00328552515293
85.51103434043011
472.3419486289722
44.565804821927486
22.78407745306778
67.54009791138924
-120.20128851062873
-12.725689415336568
172.14062539616316
-94.83484192172455
-38.32291484930829
-0.1299612956031725
2.547291888936638
37.80667102972154
-0.39400294457346163
91.73244719026934
12.303826844016834
-73.8939689008248
-18.8235323050817
98.0122590476035
-35.01682439062006
61.19420463319844
-8.186690431741226
-4.778070372019731
31.523405265054425
-1.7225250216817187
81.42551360504967
-95.21913110640617
30.653095358158225
-210.75427150359974
38.38071976353194
161.77090758722989
18.789607922495314
17.136567066287967
159.53137951904864
32.48226237584781
117.81432373082612
73.28835602557228
173.83099368196645
-370.36909489056507
-20.923346619696922
-123.71295353350206
56.53987626328552
-5.542863484073791
152.54983422924852
57.96733490637294
135.74888524102857
-200.58110988802605
-422.11337331025123
57.80530731174774
-61.03657635632737
22.222308415600157
5.583348143384683
73.04771570237904
42.565058912836435
24.0343008056293
60.04445118674826
52.569660553449125
50.475027134155184
-16.739405247453544
-361.54374939378977
28.0763117328818
52.67094418405122
112.04121467961158
59.370421208021526
78.13669451567364
37.8041077391556
-25.95083232707566
-79.79731523508917
-90.14773131502625
16.465080620949266
94.05423798730408
166.2662796021632
54.662758224784966
77.12789279551407
43.500798763830836
65.55698165316426
12.4424410644815
21.784276928941082
49.86527678614297
113.37995370301314
89.96821367777466
83.31732290415346
-15.905897031923027
33.37203680934488
13.055888342794788
-5.238842869742257
77.39144177735216
-255.32794790295884
-93.00963997818053
-34.406815522936085
-106.87557289285542
88.7822002185165
101.92522723855956
-291.9620764812962
61.89918423379936
106.05156456525583
46.504122661512156
-30.41944508533288
117.80528557151183
253.98019398032375
75.98432526847128
-18.2032590588351
6.684797777489453
48.451519483319316
98.5092904061986
-53.67679924761387
-19.071994919307897
91.79307298818458
-51.67222540490785
-750.7151069285369
81.78408810422297
38.53905898939931
4.083991682423411
-11.89399693572932
51.24293523434335
37.85019260500601
-150.46246244926985
2.2965731049637874
-19.88206757323084
161.23897672761632
25.670464311962515
32.78444563217778
-16.27827580351959
29.18278417206171
29.96672731988383
20.439200206234066
101.84116483326397
7.109345421526996
207.87310936433914
67.99990959998229
51.5267608159038
18.1112170851954
33.5157706699503
4.744170904640076
53.55966951487267
61.430402200628805
83.63146543754601
4.298707361137531
-16.92204204221934
-23.121634660844478
-274.7634374774052
433.1907336595789
59.242659677359825
104.88926556347133
-59.50759992059966
62.330644928552594
-457.26589021603183
-55.57108003674102
58.066202886972405
101.57465577805374
11.135921257120629
49.3495289621365
32.70917581234016
10.15647502365356
306.8311493330857
167.36509791255276
-82.1950544271931
-30.927592315805086
-126.74060797467064
50.71004378344611
106.02012206365453
8.26772229632867
27.201932115083835
109.16378342916153
-214.26473593933906
21.633277083261735
156.41395449314768
25.6108509644705
6.5460878838966075
-26.890199911290438
29.821115535758132
77.2607172093451
99.43875106122823
-16.642304633893218
65.75651209114415
-52.3622880407911
5.7785805598447775
41.59607996829387
62.406963767819434
-36.18057178006393
7.861891975160233
97.64625094962594
175.02833524209245
101.07818584004781
40.22309784857225
26.201309077736454
102.64008282802752
22.27515253079572
-50.43958778279557
-133.3847639899932
-5.916317220903753
131.74783439893054
38.17993423191471
92.46805508064608
-247.4674336996568
-35.932894674094314
103.87162990427692
-6.048550578928478
45.26022811624888
64.57880071475157
-89.29748381889476
99.31459109146624
48.596435538603885
344.71322130927547
70.96955870246214
56.146773770658086
-26.5062109472407
-55.71936482455112
38.80974377986968
34.12688501126938
-54.18502912034141
60.967306435585215
3.8523069470007414
61.398172188215995
9.244419791971342
80.80007458121736
-46.427512785452365
18.50608828973509
171.9316941514503
83.97215054005062
51.384354847502436
-119.80200669917303
52.40097193204997
-101.32496565906149
87.3890247812526
42.86213578659638
36.29594964292892
6.828279722037678
107.29224429746853
-188.45008393744502
-123.67241014568481
25.406733432182868
243.18770286694735
201.554012189712
27.623984682256832
54.11165302623158
-12.645435415100854
106.03895470826865
-160.78126076489252
4.901236248310802
-13.557048833637678
105.12522938470056
-52.934928139999556
-43.23476392062828
99.36048586222796
54.57685699267903
-0.15212309968819682
38.519651381044355
-58.662495237564066
-53.85597568045544
8.832033842205309
22.50352568079756
-43.335842303426034
28.078523456762426
-39.5914686232054
124.20959634774317
168.90402912393301
57.8525794288694
7.853045907784235
134.70037993813935
-160.36888972600173
41.258522018890886
9.28858896251404
90.790595018761
103.07415425402678
96.62674317942674
57.30945386945419
149.65745065534406
71.98237373596294
-297.5302860860538
18.7851032972099
-139.4518194553093
-0.06036784811431062
0.17197178565822924
112.12759401723247
-41.4932847413088
3.169301471131239
88.77509678351657
132.64229480888798
-174.58159270463784
147.6201678436464
68.49260640905663
17.79865752195122
64.1446185141721
121.95222071887588
46.56288486359073
37.27298327375611
-285.9048294227069
5.0835614772505435
-50.77458883509007
24.131007271063012
117.02245399832782
-185.12447186673126
2.7098191516661245
59.02377681147992
-11.293609834594113
54.07338874575635
13.707165187894361
-147.8184336187176
-56.987112468343184
-36.525736219190726
46.71616037559574
-97.55509543049993
88.72942597247675
69.74630715969772
103.07433680275403
-12.067958331178033
-20.048117788874606
-24.139478893020126
21.934126146014478
56.46297723843385
-75.61922460116921
114.08247522189185
-60.764952743569665
-458.1360319099131
220.02847809963532
-107.3801404068654
-7.239203557933557
53.96162396657067
-25.051160866840746
88.1134898947513
74.02433774193514
143.75529535693522
-27.81194568671799
-26.352367558476544
-35.51370392317879
26.006854162574925
87.58987637276687
138.2645102264023
51.5578113104508
33.23137776922664
132.0072790193101
30.020611469201867
177.4040831336597
27.122699783029123
180.44881787792474
1.4514426322895893
61.69132479213283
67.44272700944907
50.619764139227755
22.49503160533416
-6.823623624420179
65.30171346957923
80.45692438512222
38.182186737481224
23.988576561396727
-16.057782229161944
110.41919387794053
8.833629820318492
10.785931934421868
172.89414971669657
29.721051513618022
137.5008700032397
4.76265390607432
41.84850290342004
-5.566851352224907
115.72955946928823
158.93310341840788
36.690447509724635
1.9236322815194526
142.30263873836861
-520.1619671349077
-40.79396446008286
29.394981068993193
63.74874836670435
107.60879444790044
-0.8695753801830506
60.05327075676482
57.1788504316021
-12.466613838245848
19.58315189384513
8.73138478657134
-7.635883989860062
-15.857510209613793
-46.79467712161659
24.531229695869285
34.40022425866056
19.69401990320881
-210.51511464552368
33.448144015537814
53.982521753129674
85.60774390222923
61.06146472945534
72.95109881786948
112.75619320941087
91.92577561720827
-14.285345122306069
39.36196405722001
95.58673461066292
52.50834966390506
23.72792650923884
173.57076699865388
40.409121498704394
53.38715053595109
70.08450033710324
109.3029161929071
15.031980904922158
36.51695265317027
-15.302391831327213
51.203156216662194
-149.92572619330713
-30.155766596664677
24.60155948615473
37.6226697855514
-68.93996680995485
209.6341420883523
-164.5479032801959
44.12825964106189
56.82411029735749
38.82127442935004
74.22203395806946
182.83681336403242
43.44469562066578
117.03173980413112
-100.32781140139332
12.537486059200436
37.44964967277201
-74.06718289968921
48.484533136435374
40.797704869577274
84.66713559226855
-86.7394687999641
110.87629648572988
91.21101186359465
46.29400503678987
-98.71958643520702
2.91932136107971
85.2490196965864
-28.2050680516567
126.55239019085684
65.16923415712165
18.59769738286468
69.2793701217106
21.202831403059303
-82.23855946061849
110.20841327031712
-44.799121133468624
139.85479313444853
-14.02276098240327
-0.2676916011987487
43.52511186934663
-220.321454956018
95.08271001130743
29.844738363361177
23.81033243352777
5.128119815124592
96.64236536098088
-522.854914189644
76.78629214133457
145.46547726873905
72.81088184704868
160.93103452112427
73.51482020813273
92.62688242943386
82.25320078842222
-1.4476966946672292
48.845344189460576
28.83347922464834
12.549111623310637
12.400469662170124
120.86368947180836
45.84078424861552
6.819905841163617
-60.357658709178395
9.160476336918514
49.92683711820939
115.82131329823824
176.59176264502503
92.86162274181652
-17.889265416767103
30.608971772847084
-4.158571165357752
106.8376650308569
29.76739798395777
16.922911917087724
60.49839367194318
58.357095696008855
7.627293172409736
-61.168022167590784
-145.87639714419765
54.98783846443257
-99.23345237733702
126.48876841611718
-51.86276682812877
28.76950433696402
-4.213722218117255
37.8521826952821
70.10878828236946
149.6949755194189
95.50970557464552
-115.7352230986371
105.21792439191495
10.777553625467423
-20.22185694761174
-66.87229714316072
23.7618517417299
46.835596393231754
89.61601840050997
28.310702560544986
-184.50982546894738
42.276103915085486
96.41964045135069
149.20063611055048
119.60388744277725
25.858632587667216
-20.63025340602053
10.753440432099481
84.31622036165504
46.98030067774792
62.785436589527365
-25.11754001265293
-1.3869411231949016
56.54267396284984
-21.896121163215348
177.48268169916173
-50.259751310324646
-140.96306313690684
-44.006358840219946
61.1951212282824
122.45878810500153
131.1622385393032
63.46054496588184
-247.59362873852388
17.127807583321683
-21.385015817674685
-282.58974838482936
38.82650841515981
55.390332685187786
5.278628383054574
129.3383446734938
54.60146053625158
-166.22493497044843
-15.922373940653817
29.706831269922304
64.02096530509834
41.62611841824856
136.00458047981147
-7.9873054281288205
7.8756178532216
70.83965108174698
12.232990781834815
-60.618187524206405
-452.6848590786185
79.91940565429863
34.98955729711119
-1.9199614516510337
-46.46143327176577
60.97565176065457
-169.24361841047357
222.96728364093542
233.3389431565838
104.52791245580465
67.92387257794269
71.93296322059132
98.73557723534577
43.80706416638599
230.13881968996157
-11.102395395374723
68.03536297041956
179.65063621240915
-52.530651542027954
116.89187934096708
73.5130325414284
7.7658633048658885
32.94626269643777
91.46227189938145
24.82500288830203
21.693666884259535
165.96897588012166
-4.917756399546825
153.0845441939814
-256.8120798722267
127.2054769526651
45.384717124710164
-100.1596246086574
-14.442383886771495
121.24414616130207
45.41480921304762
9.240584600468082
28.171987361484433
25.851001668590527
-33.748978854553
125.64171589580292
-45.65012723219388
-70.54036635922557
82.86437830569002
142.2970488928022
24.807547749043124
-205.45003278186687
46.754099956671666
77.42190672365075
-27.054144101841757
105.09771741308941
21.624702701687546
100.2184780137195
53.38874493245294
34.59863783217631
168.31749731149284
60.84166589188817
160.3904890210806
11.370456768812678
-106.64736921792883
-83.81699236519353
193.12753462688806
68.73481169177748
50.94247302554476
43.01650626042086
-97.84024283364624
56.41262276017096
106.59727295381822
42.00888764952475
17.814280145063748
-3.368321428185027
6.288261368266308
108.29529136773499
20.861245862360498
17.50427990951158
-57.57342285894356
25.55494057732372
172.02313968299995
-16.13551840643815
48.42078714780274
-102.98677066590199
111.8287094762627
122.38737278153621
84.3030419611382
179.67295438471683
-2.142720231673593
154.33983524037922
52.290005906004716
-27.15273007845954
136.33115355963446
56.297586455557685
-147.16917925120651
234.3916638824203
46.977227966945065
51.72957306656053
24.282661675795055
124.15118775260771
26.680077362246422
12.199149325008065
78.90448386999401
-128.159501104083
3.527935006156586
101.2109160038857
-28.903377230060443
-47.101198732366356
15.703263298931192
-137.48627718416037
7.908045970267722
129.97956513864256
51.50718238730735
75.38024296362545
15.912503900123536
45.124622663912135
124.98286256408551
23.66474929295515
53.66209252173377
-8.489473352685918
168.06857061006417
-17.832367387327054
48.55773013564158
-236.3232284946398
-14.955315782913635
34.953938328041254
30.569473007635185
190.11061881520618
-103.78382724758285
-168.70155439604468
-38.691855896643794
52.23559685402421
0.5193050916925461
136.112764508719
-138.4255359767967
6.597711665067187
-64.99731335552497
48.85590714387445
354.51694643502424
59.04723121815676
28.262409235848462
212.9375395476868
119.17998753533584
-6.190608487716784
45.53073703740087
-40.98148316414051
-58.98331050970228
-4.5696190876710965
-124.94488920274924
15.814775121344006
-98.0442040107796
96.87491034505246
85.62813851246766
40.331972391285035
44.69254688536921
-18.13949631318519
-148.3776020143141
38.184663285152624
49.467120719901445
89.74504092003485
36.9490345309988
28.678662128121235
65.01049824614728
-117.60960046660466
-6.1094982048276165
60.29467733701193
58.82326709779571
32.769675155551354
33.746366556636076
90.34489220364867
-105.33640070171714
83.63993437581524
59.398734582653745
13.09585585038866
19.057046026874787
-15.196587012088427
93.09201877933492
-105.46070825213883
-31.380355517419503
87.37255139096044
-388.09182863511705
38.077172500794696
56.006340149923574
33.29015766679686
-14.457964980150493
88.8652964432278
118.2281880143064
45.50115502834706
13.511575216380606
85.09389876042951
112.05281344102423
38.90989081271917
116.79761060215878
37.78670213943266
59.20705913784877
34.474342525363184
21.333239259183813
25.753561054965473
3.1990735459162485
-48.14256158467742
36.15317831158225
45.9776012037305
28.203599205446924
-19.568440500133875
25.625235026727296
38.89727231007952
27.555977208962304
84.92093294252072
128.27660847571724
-71.12897900123107
22.293006521023795
-8.07256514108599
43.50562395356514
-88.48513908579616
-119.2488238014189
44.279084791981404
108.56989932534134
-26.63983389785426
93.15652993452977
76.45086070759348
58.62850879620343
46.95153664464179
-32.080332554919096
164.4068709135256
84.10174641749745
90.55574716582299
73.56046552204998
31.7685634818356
112.77533223735463
59.575033597809124
-169.46621830535878
87.19631666004989
-7.959069515590272
93.8099809253697
-64.85654076800984
29.246573229483147
49.58003851789189
37.73732398172279
60.3577503349087
103.57598863159319
154.58196007837114
161.58358030287127
30.979524242803905
16.690573642104376
68.43535842477894
38.35368557453242
145.59705401021893
-123.0170135835101
125.36981746974334
2.3453929526903545
15.661825461262993
25.47617634999267
51.430400460637316
10.150422076318499
64.58119138552175
-9.635028272137154
-80.0911139963282
-23.46057010456557
-261.71009996908833
52.34412532563107
2.5920212261753615
-98.49201736777013
46.4211941702296
11.54750958473625
-82.33866767786913
15.929800928609673
-143.66203942387165
-30.52635781628669
33.74690586561792
22.43550183548858
83.66151765658651
-199.77196412298872
34.78625924291156
43.04186905929885
36.705641513844796
114.94184724994057
25.444652988093303
190.81626725637807
84.17419356858127
18.316980210140173
-4.2371004780740575
39.651266500497755
8.122288311031639
90.16505205162935
76.7832493866922
-68.91754019053496
29.248320362583932
33.37895259254865
9.752763607185216
107.99349199089306
37.111310778038074
-90.46304764944716
25.30182128697978
-305.2750807589564
27.238839574870745
70.45504521802042
55.74037874751775
-69.16055950266946
20.849132619826918
-80.35198950661379
-69.80901544635572
39.49924690309399
26.280190240265142
60.17473190782431
40.39840547298081
94.18402412885962
109.31971628218366
4.918385961045715
8.848285843856482
-231.52333197504322
16.794264760765866
-133.44040628541006
80.02513608388199
15.634736094386874
113.78996111727747
44.60606524467357
266.84675537722205
-8.14292675882453
-0.5535015592977727
24.032742045925332
25.093984274283834
95.04236425991985
-21.11899334783675
-32.268060924288875
-157.10628050032892
50.33135998238413
-17.35300663379894
29.42593516701723
87.73869143227773
60.39695897031402
40.38386403319271
-2.9351242059495917
18.434070216980157
256.7325445886936
64.7097889857842
-283.0247999426929
182.40846626908797
88.30925909010065
103.83809919085752
13.324349523395306
439.8288345803394
34.77349403360557
-9.520194157285017
82.33705566356366
14.125891217242495
-88.74510527056054
119.4970779804662
126.68438456350805
-21.02985825689393
-112.45655578485366
3.901908975380069
84.46765599398674
20.394520774724697
30.025673478940522
77.00005605123806
-146.60966322691002
-53.830134526963775
41.06384887149525
-23.50567210614845
26.786722484991287
80.56313549834508
68.90944711520524
102.03733780157972
68.13693095270594
106.1304644131153
-112.47226438839107
-12.220045157060667
31.386929019182276
170.90266146526233
0.18287795992982725
51.712129266270495
18.88403209013586
-17.90039005334026
62.24455561292825
62.48676704376801
-76.7983757148354
21.67225145114051
-80.57457242699957
-211.74168838091782
56.79417887142749
-140.82923683128
-16.496919629705644
65.06811670429624
108.44266413526293
11.426673772222415
76.83196108859178
56.84286704511072
28.83436812482746
60.901894746063746
208.05747561355292
37.113468922893496
-227.3831461373602
-44.04500241923545
16.12685122542166
-575.1106281694492
62.32412353715855
42.307381685066396
122.79580231973773
36.87172617017282
-65.48032438312976
-85.28931720282253
-80.20007624619484
-192.359861245488
141.28810788191254
141.2984395751646
-42.055167775302834
104.38605003653038
78.33725831116953
-21.898903566970958
23.223615563571116
-8.334609584840795
67.19774983439856
133.30669123907182
75.60199281486689
26.910324633691605
78.02236269232299
-87.77455060159764
12.710588394264363
21.34117002361795
-14.766693910773256
84.76634222045675
35.57336626781567
35.96745196586683
264.0412275587978
71.83290862344666
13.658317466507242
-7.400476500935838
26.60918516283813
6.212300294363598
-78.99655880056889
-184.62216549581672
14.780930504958633
-73.53696524289762
168.54097129455067
-71.7681133697306
38.10838829149162
14.121254443410415
24.621005163991175
116.62482779011248
202.90970646353253
-101.87101656145569
-51.66660451353164
-912.2434345963738
31.039955469909785
95.69771803957292
117.06432107887917
-389.0888595890583
102.09879608570054
47.0251770352578
12.181266480580234
67.48046040090412
-98.44310539341222
41.02961667306219
22.441142880804257
10.926735304899044
168.1067433304779
19.365699450861044
20.27996711857969
-36.73893123876057
15.187424487253224
48.20824079322229
33.43913579969012
-17.932606207849403
108.97797154270665
29.880901913623973
119.00635658792476
28.71196630219592
101.09303727877204
8.14775236133464
20.221924771426984
-7.979568272326796
49.336957293024625
58.13470532572088
26.821027006689576
-0.6024969435970888
5.3881936824313925
65.17476851524225
-223.5369240906084
-39.76558851032695
73.09612077981865
17.976183662930932
-13.4592643075676
72.0016568459464
49.737265249312486
113.62160282321565
9.037970937001774
155.82272966154187
-15.317579781067307
17.59966914351037
37.39532972470943
49.013319811459496
-39.75414992002689
-516.306994760432
85.86695314869814
118.47960313940848
130.57033298408942
-2.5680125577674584
71.42787189321425
-35.640926133910284
21.958459285684995
119.00263257600045
12.654255542643352
20.009225313083054
-82.92796621556863
94.01049128397881
-207.05070105447248
47.21090162279097
-5.64712030084576
-60.645823392832426
146.7730307415918
-6.220749104592022
2.5710097670742016
-89.43656751591334
78.19798891562368
52.452859657085824
91.54362343546745
89.06033911508078
-104.58548303325142
-134.59258524578763
10.737469304966908
41.57887515752833
65.15056362863356
48.78197340724364
-4.344857707866027
92.88216481574409
24.32263232095511
82.83761604081542
-7.077929640470302
70.27520528209504
42.502745020422935
58.89075162920778
35.8832940959925
4.367462622544508
32.24864460122673
-9.399973678418974
18.66143686236701
50.42938062356825
53.399671943634075
6.201620203899928
31.772889411798133
-41.76964741448819
-7.605121757779671
-70.7811558298099
121.34177615766976
68.78011567631688
79.89880755863123
74.63197611459009
-40.05552843908026
60.239194643382305
-206.54947168380704
44.859338659697585
32.55874276498469
-295.23155544759175
52.68429265737261
59.8210887517987
89.52817027468404
-4.213423955136824
-66.02979101619484
-24.265147760365824
56.59642395984292
-997.1955671963935
-63.91734846950931
32.023935205135786
-94.17830387746817
22.80886592155987
17.85796817291306
23.662300669205237
40.33977151296136
21.92367864653877
199.16799295637793
22.974723223907176
5.363900654657296
48.93198486262479
-78.33241365827962
-29.420661189558242
-14.678897645630855
-50.19758220709355
85.5275562963169
-216.2518553574987
33.87415123927028
109.70032590607559
1354.7983936905102
198.71695649336516
25.17651889933464
7.193741555483064
109.20622791440746
-313.4136286304247
14.795488434608814
-341.35654594479456
2.7518966086513643
-91.9716264215449
37.42199120242844
4.962725504522177
40.29182152496833
64.92773575369702
24.005673316928508
52.26401109298524
18.28579651170594
52.489679057088374
59.86921230740042
48.47295084675031
-215.51892289640546
213.82466936572746
-24.708239641219244
-175.2341304075344
75.95056578568756
-3.1305162423219173
-27.45976416542112
8.581166992373909
107.24545007767256
29.90724702245914
123.23069034785567
-57.65703909836549
38.3876043558039
144.63684506161803
35.49817089034866
24.867860847857457
30.616961752179215
-5.051065701893776
-12.051597100307239
3.9438805219534743
4.25928961886691
-112.27854617578124
101.73901093185441
56.873637455423705
-50.41681962642235
24.0296030802498
60.550502754233094
18.319010023924672
39.14129250223926
2.943875678359973
43.2763007615207
84.5340105980099
51.33548280283185
86.23401033999653
-123.20599137865338
-26.45472987468781
-160.12280431251065
-111.53954592855507
63.646068792045895
69.7572476710593
-28.097837175402674
38.10583993625525
90.52909654213852
75.08402634106596
39.82897597419634
189.6216848850886
36.0162818963051
32.08050138729868
83.49946757464613
5.614565883901008
99.63459850730305
-131.6784698925685
-5.073786527853372
76.69171338299893
28.931809373725258
143.60765783837155
29.003655290608997
19.92265878387161
-0.8918890187471789
-14.721194448798263
82.04230860317284
6.454228129422142
79.57717550558118
62.79349333246094
2.282612871696179
44.76773233538131
14.606168692050687
38.04565520822523
48.79076236804076
92.44693381084289
37.618524907422966
43.88640385447566
-3.6324027795808487
21.97252269224429
78.02353316960489
-161.49186501541953
72.0142792802435
148.10834879999243
57.63377080067287
-199.91878642157417
160.45298784951797
29.598577764753305
41.58092162423433
51.0661436135465
-112.67007404467375
12.966072780841657
36.06564371193201
43.851425262514645
46.98304796028424
63.74399849147568
4.287671495875756
3.7577337894198393
82.27713410597516
65.02232238612396
94.13903760630092
-70.46369086649486
-69.05075634257037
50.06926485857275
105.57877075095917
35.64342810353005
-14.528258511442008
80.46364031788139
30.75077329497089
133.43352528064997
1.5375328172349327
9.512788217658013
76.5937770252603
130.42846019878198
72.50381376525092
31.05797119300314
-5.773955412716077
22.776309059053943
21.845518662085855
-9.962735904806664
-153.05977502714177
134.94780583363354
-967.2110173993851
96.97025048458454
22.68906038412615
4.770167629851445
4.333494387304225
-11.15327161953428
81.90096250760934
-9.362671148312074
-58.05407601001525
66.67608620896749
0.8282161820788474
158.16832850649257
23.70745717147389
47.59193406889513
13.394635436172763
44.68744633514325
-17.733839729992724
153.4043433889201
29.7580287687937
0.49289302039450483
24.476066686496996
72.93680266587137
144.54586172714744
-82.72299907331217
48.40444440857863
253.88824389573438
93.39203678006197
99.11759572979304
-205.36741418382553
-7.865294152820172
287.2810856106453
96.80556106565302
-844.2808592024548
131.4702321101097
-72.44332142516666
68.3435185603671
83.64035661199932
-93.35669464585771
-16.72435647256168
43.594321024173325
-21.86724021681221
78.19505212087392
10.020239537919679
229.511089280963
-211.10726615998647
69.01098586902611
-9.300910505749243
47.00430564575154
60.261556057917915
111.43159023024691
109.70046032219852
30.729939081117582
-63.57956357525927
91.28268703367576
21.032575707033118
-90.38197121345638
16.33885465585996
226.6264363022292
72.96396818740163
-18.090546224257025
29.176146396298257
-181.60659951288153
33.03846012844451
135.74503538932095
152.2518744303893
91.70501433108348
19.171245826799776
86.7562756795187
-25.395743185124957
17.68594011819379
19.73492052615552
-167.2128059808647
-3.105054364981552
76.81042708056637
56.948547140855226
108.03997181507975
24.79349432777417
-63.565574941824835
59.69016372638026
51.02656957498266
46.504658998665704
81.00001534440435
60.81608135169262
-14.407287946132783
187.78556196988757
-64.84505964322989
73.64351938132228
94.193462859335
6.447619046298769
83.37484320568228
20.12810131331389
-17.233653194731232
125.29583664010534
2.293391330034865
164.53140657922404
-25.91943308041465
-144.65424236768945
14.09779767241329
63.964106698722844
-7.990719972733836
77.49657623174085
72.8719143116586
34.08554354748162
-23.855889998551383
-32.14107336786199
-0.41704475107269445
-28.509509414059217
-94.93074044255988
1.221178819425404
211.09798317152035
-69.255891176138
50.322120428602574
16.731071053550764
173.03411859634843
-77.59261826150578
97.21670412358435
45.34167923821748
-107.12323260596077
15.341018790727645
-51.73261305182252
185.6690334394416
35.87920820734292
-30.55993110775853
-147.0092109623538
-57.061612826197845
12.842606255070244
49.35973972495613
85.98196543329732
-34.30667987488505
0.6445441734097059
-41.30242546894078
32.793545203148874
103.76942768075196
118.47594170663069
-230.3712426618663
65.48014976718787
-16.523166345274497
-0.6071513937993558
50.957271552066004
49.57667973114597
66.22128216633746
-42.70604587426624
44.309265284101144
-64.4631144410805
74.37875044931468
-29.853121832532484
-8.239287981574005
11.64873451775793
-40.85329346788603
-30.873031949663527
4.093529299874728
23.131146364239267
-34.64977438411006
-7.712828822130315
-62.76954209296673
-6.383410323734552
85.2763774789305
55.58579902597239
-27.295969535831773
82.67186648329402
-127.25704364310786
9.22877343391959
58.866810325463575
213.59996774160118
77.91310297640496
-27.588852429399594
-1.7402478359337057
-6.823018345827677
81.44734417946347
-1.6443305491111602
157.80880366532165
18.223753774201214
6.303469781545105
57.68636903545581
19.06092748811288
73.78265275056845
28.13364373488777
60.467414212340316
22.159447533592356
-17.6517095277095
172.75369718231286
71.4907587163334
-4.767901708813254
16.417878358787675
30.544061318707847
-106.51830595964475
-17.75266898178205
141.53577923052853
-60.376163156047824
-32.567752409730126
-15.72329708006591
28.23652425623831
42.21443571072993
50.812738889567754
119.83226461798904
-161.68924086050015
46.64270595406833
-25.912708392603236
-726.2741679597319
82.57839962775415
-8.140992336901036
53.28871141611717
0.21331475714532644
22.136122124494737
128.278184030308
-117.8414009596845
11.248113094547993
125.53169556541889
62.75613178753723
92.81836669308541
35.80897371969468
111.48804702341613
13.2060062820067
-54.66138208623034
40.10544846827088
20.760104404831623
8.593231376552922
204.9359547470999
89.65757992221734
103.26748457156509
-75.27913928328508
-156.8797962189492
20.698222762408932
6.243229013207639
26.12674310687231
59.57509974194823
127.51037342299219
5.667282236642252
52.10915134759398
-119.4073190580416
56.81757827766816
5.478337307032845
33.82185738177954
143.7600505221808
-122.50008426861586
21.363160620034648
-17.031283911334953
23.62580825341638
33.4039226262521
-177.34228151421848
-45.73708852303157
71.90468019198443
75.3257171286665
13.830759245701
164.78547066043552
11.707030469270544
27.90365155024574
-22.597453038411004
-124.25421909735496
-70.37219962480594
-3.9378622241388825
6.286357820015896
-79.25167162169305
-50.31369897433706
-51.6912990812034
181.73565523299294
144.8697642265074
38.40232028889356
5.428751564497105
-7.5465496328196355
-107.71892624709017
128.4682617543408
133.26107622177187
65.96717593909912
133.01303200637904
7.563182520493928
87.20063753545548
81.949332551098
-125.78027541040728
20.796293193424187
34.58768768923177
37.430925841058524
-60.96866845124623
97.45028683652936
17.575970179119633
99.38050126661301
-49.26625307580798
-3.432628698644972
39.10597820398716
85.01203917840849
-26.18836973588818
26.085069076772168
63.56422403235865
28.340336888654022
-2.2974274235871235
-53.0879622062982
210.0629853429382
241.02675862599426
92.51712944120732
143.31021535432
37.13883096019242
21.731461660746074
56.87317752138699
-60.493248216283405
96.65902124327715
74.11344690600504
-198.45005495840905
126.59253675307673
20.288264739218903
25.649295870331002
58.295305031259886
56.692514629629784
-83.38039794209146
57.99178808541899
6.9400887733812
126.659746828891
-19.438899370555227
125.6144665988927
-23.35495034405769
16.328144850913315
38.249045025681475
137.04979325383056
11.254563421484855
-134.98012709869727
-4.339815113553317
18.193215094191373
18.356659717008824
123.07697700482458
144.6207644524386
20.50541387189658
222.27278346210278
61.13882603655907
107.93480845123577
42.86141109859
-117.18094990010286
-55.07144674298479
-17.492343559092888
135.7333676437588
186.57740167057364
28.226993792864615
43.44513398691336
206.41397151757383
48.75708153454798
-20.558010033779738
-19.853649387777295
-21.868454022190473
91.42628133769517
-218.8073024755222
55.25354084261001
214.28884219871088
9.334899079093791
-45.19761464786325
39.164401479787436
-47.64352976974851
46.14152140540733
177.25943344231428
134.6945164051831
-6.688652301248578
51.02308892104156
30.391247889687293
33.13743759342867
-473.3680470977081
10.729203604441867
35.042711112837424
36.878787556860516
70.41195393497827
80.21119069248971
-42.3498260612223
17.64982846280941
54.23569030905003
-76.70822550654339
27.29003139533239
24.348866445451222
-45.556330762318794
173.60367156206576
16.845186612731357
40.03398340476542
129.54994793634728
122.97228165623483
22.724606777095843
51.44674823091711
82.20844967873114
-251.4118958885656
24.154307619543488
49.053817072300035
112.13566387437231
-159.67418220762647
-44.520599166483535
22.984916209523277
68.80145329013716
-2.29849144644686
49.092810261385125
10.432462798240257
12.844570477896923
-55.29488909947181
58.593130314761765
-4.267189370135329
42.404601726423664
93.92362705813866
51.814275068866664
51.113719824678924
-44.016408102357836
16.17391350786977
23.385036915145974
151.26298117451574
-259.9901877151169
119.57714183955409
-21.248199769142026
27.12875138742779
23.974705281668477
48.07353399176975
27.826097827503048
1.226191682893841
45.2631030931243
40.33386220996967
3.5206461019092843
110.78354391210632
99.68503055605788
-40.210919113196724
4.016416843361185
-71.56739404173186
-166.46346330945153
-0.5802805316662774
13.574607225677735
45.225030161767506
-85.06070850166725
7.4808351133239
16.753934415020012
11.052533462831711
13.434268389155978
-32.336000186664634
169.230670217843
-148.97170067528077
46.13038654306609
-70.81078375618699
-19.32486802134008
57.396813786095066
-9.611153888994522
123.54843386353014
57.530599800898244
8.856780026355938
62.5810597513194
47.436098332378606
-50.69540917437371
50.97232778507151
-507.5823565314326
-6.1486278432450785
-235.73362086097495
81.35488601188302
172.5186455402968
42.724289127636666
110.45948525027143
68.7417319486201
12.105355535069208
-95.59547740168364
-180.1005485687856
55.102790614017586
13.987756416594607
1.8422707072569349
124.78135691033185
-235.55685880264946
124.04332824866879
70.5104871644223
14.240329588522362
-79.69588749846321
142.37439834426505
-74.45786511786218
61.95975850328341
48.60626987471755
37.70466323281056
22.122068934697495
65.54712704209851
318.37585001606067
5.506088273672719
58.6608197636715
43.34952215979155
-303.2450988035014
66.78325451951542
17.602340166119575
17.307731810166672
258.5325439700541
3.6659652439216432
-23.063565207593985
22.54239074508814
127.45784592490531
122.08262987063654
7.257795519884326
59.23992217308796
-11.694727541505783
38.3119286778101
-105.20826468426185
91.22049414421599
-49.433006544022646
5.071570482039692
12.5386294209788
54.07842648236513
16.88705131132345
-11.190163434838922
154.02992909063732
142.23949063004784
95.70031504016833
2.3044627556381587
-3.734599315075564
3.706293468088006
72.16089353670907
-81.39085813241309
49.98723182412408
62.22519903221439
4.249942508183995
8.255276209839327
82.69082272114929
59.221762165464135
73.62568609386034
22.262093987997645
129.49619175987664
12.73083416513694
78.85317975316912
21.622864852923506
18.065850061736455
121.91193471633892
-24.160891626906505
155.17371227825424
62.70706888376819
74.77081164159608
1.1026629364737346
36.3505975579219
-2.2198863400569735
103.65127084705591
-12.18726746517139
51.62479285538908
-11.106448312906778
-65.30384643141224
-543.6662219001109
8.004090490344478
166.5116653349305
215.63908283146884
195.2390137250336
-32.926015030873714
-88.45239321917325
18.388231234056946
36.03079293480506
28.29341762999465
18.905180853680775
12.591942987928785
31.83820640144097
47.35687870672161
-90.25953818732978
41.44299588191325
-78.23812062498857
77.59336865416867
-5.92372161130379
40.607611026176016
93.9133609393707
104.00790361365216
57.23080609632143
52.93551529553833
-11.965229828185084
88.36028432502883
70.30305435847856
-79.35802655353291
-110.7974051165993
66.66529520749626
-377.147574925807
84.00331309034937
-159.5255946206795
21.550181108825655
190.75198683801136
83.2810298745726
27.43972952336685
69.66999700397436
130.57969387703724
74.33613717667208
-59.53189455789561
135.41022274989882
92.67364104429862
145.8102935442821
113.15502776519975
87.47600295737115
20.6516095389734
-297.76992210210483
51.342001013575555
43.44283135399676
5.295671745364416
-12.482915878753646
125.4758881402779
-25.658262978588027
-9.710518241982754
8.128275740971276
79.68723836483332
58.72442769553329
-39.734544009125784
38.86431350313648
-4.607409718779309
29.252249665586533
52.271255542983646
-143.20486271170967
162.4625094119001
117.06005776596544
64.87008292851249
61.242337113854546
32.602956306674855
-325.0288038714325
10.03188689504941
24.357148670963507
325.7583838103983
37.90492206501949
-14.15691685412495
-132.45330102626073
14.858236507526943
68.08323614595906
-21.645798293402095
19.61504167738083
9.189442029159848
84.50430076007785
133.91340734332016
49.94470704266212
27.834208032133574
-20.91242788122116
107.31190962475011
3.391010941046261
-10.25414335378795
81.89514421545437
38.960820851923934
-197.715529369435
96.19209228198952
157.81297605791178
100.9552270808581
-8.24469097750125
9.048722008580036
185.8040448923066
-144.72071600116715
-52.18541870003355
-45.96587961742352
-4.32168761104333
90.8707243686872
-8.61963210653039
10.615297695570462
102.5045743997457
-58.09492892044045
92.02677786507684
-3.671089678380443
6.171456342958506
68.70136062720321
33.35674377035539
64.94755661008817
16.762469989830223
18.487343524025377
-72.58279182720707
-84.07898570886692
50.36874326202786
82.79156140317886
-22.945559915089287
-16.825279309472386
69.41069750933036
-480.0102435950944
-4.656954431156105
178.20864493095905
-86.69282493178798
25.882324532295343
49.94312603769496
-94.6351056278545
-34.31660228553977
33.90396200298879
127.4910817177365
29.047799093413474
124.3671435270071
-28.396872282141885
42.17098989286265
-305.8659926316632
95.63751481533154
37.11264958527727
34.33575921981253
76.18118318599193
-2.43586701643528
-63.24233403709604
-363.5536792467565
15.945978930961354
42.85871415530954
60.91748617286203
-17.97668299172892
35.6240260714022
110.88379990687588
-57.880711081692425
10.463394155956848
156.9469268439434
105.25460852766491
154.89280578915077
-48.357022580705234
127.2351162099958
-78.8425794222494
78.38436768845372
-94.12941656437306
-14.191618054966625
70.98254154687041
85.07206097676135
78.20861992507616
88.74782805691211
81.61932667673977
18.41826552381235
32.107228347043815
163.99985544308674
16.204467212471172
-61.65023329674568
31.118540086581106
149.27404861638342
2.1145009400320585
94.68390650556171
22.488311384748158
-15.925645219022954
-20.889134292518065
16.952556423756505
-11.453189126472353
0.6270852816464867
-62.26931711593201
30.546471403165924
22.149500771040486
-29.12644491704441
-56.636960513051406
151.2534009728081
215.14909535015067
29.75691772019843
-94.57202450331442
69.8405211293466
87.30985201729061
51.48293087114654
181.41004534780222
32.082323625980315
35.08595779808411
-169.1552475857652
-240.43253428203025
-29.513491094498022
-16.648322622215346
-16.573613223178867
-9.131915978323944
153.29491335535158
27.590657704032353
28.573473668631365
-301.70449294422633
79.94934115650676
-266.2838840423474
47.79579142703278
62.136908033645796
-175.78069366841555
-138.3390346185838
-0.011424043613498136
20.60962397226861
-6.678278781304982
-2.6488475575133634
140.91655236255974
37.78984287539106
-55.9636348392944
82.97324597555053
42.35837211243688
124.10927328701246
149.07736941603844
7.9646221193552265
50.20176276155007
8.863399601727082
9.951191201553371
86.21734812752348
1.937567114795659
45.560625048542136
103.12043852548226
-80.53993877915286
-80.04728481682196
67.6635017711335
111.20778247130943
25.020743075709973
-1.058259184365511
70.90612841068787
-23.08089757154765
9.38289131599639
-165.27011671881996
42.32653626983483
152.09424735628545
57.588930813732475
23.771141969090195
157.88108370751434
-38.802118824927675
-37.659866952211814
33.967577383417265
25.70189976219808
33.41771883620041
68.80095101524785
106.87044935929043
95.57225189480539
41.722225474922176
68.58108674585924
7.815928252574906
-22.02693851568074
101.83323287502981
12.789485379920336
125.15354841625526
185.86552217759163
-441.3321556072994
43.27020072854566
-25.818485567431487
-72.88681926087702
-27.234236346349842
23.277078383475818
43.244840382132615
-219.38426678309133
67.97416513044573
64.2418060036141
98.5812515676862
-17.181411125960494
56.30161414846478
-9.84470688006013
132.09978636550568
68.29431330724674
13.715628428898981
71.72638599140407
51.41523986420498
113.08207355909872
-57.057629511909454
200.95485435090268
135.977051958866
131.9704962088765
-202.17197252630012
-360.65220317621606
112.04979118596793
90.90785792435508
-26.596220899817727
68.40038947906123
86.09556530806049
50.573804750293874
-0.49690760130624767
-55.678380606171416
-7.8914654071852945
117.15465075680186
87.79179806061484
20.38458133880664
43.360516440437316
18.719767061755086
178.42424823643523
2.1250309401133904
45.21783144896153
13.712342096060887
127.25480471951914
43.56103404852074
-156.16286148611334
85.53948577919937
22.384489348917214
244.9225179770874
25.247924252888264
-162.74414470143347
17.723107558234176
101.57023252079216
36.67737795246171
-29.976528082227812
166.38884569148786
2.405161199547991
93.72181840908934
32.506007791427145
66.62310374298613
-1.8511768337736902
91.15211595994788
172.45042599008138
-12.220584150177354
42.02128565677714
-249.2827671776895
196.48384130114164
36.42266874183939
37.57305734363365
102.00235248329363
90.03980940803558
40.5680919460025
13.08691996720558
47.80518434162059
61.58287354042332
19.626862495807394
58.800343132987436
10.605356652993974
-21.722555786944298
9.314174949226526
-10.581443328508158
23.693501439396563
-19.777426600026956
-67.77724104062933
50.654010501345056
35.67633502330841
49.539971775567
16.85268711627068
-185.08501271513796
60.92225655070774
-48.320186360546074
178.9562803328265
45.88076747090577
51.98616773833055
112.27583935263192
-3.775494724057275
26.007607797817613
-32.665172523054025
13.111201124325897
88.41249626082458
12.460914411881042
-5.598793195367307
2.262633558734251
72.85131618383275
14.993095700294816
-473.4197248792552
70.17771215533605
58.69379941712191
30.257543915687165
20.007508212482207
66.63631246876062
46.29075553746816
82.34379267299616
-142.84010959793704
42.71790581197226
11.453280287563302
31.953920067523097
145.46011989221824
4.688837093609077
50.529105862961735
162.35399025035576
118.70282168961239
-151.9837618402671
-5.300549348476539
39.00203335197218
124.4684459020475
19.233689344539798
47.23020067418878
81.19689769473734
-22.8020307780269
-15.3434777968464
-39.362377667415785
53.47539708489488
3.2534032576051444
-4.257535713334865
118.02543173725462
36.932000100619234
57.169868777272924
56.5245246221436
63.4073039266741
-19.756390051652332
28.1042483986962
56.44442030558463
31.938406898767557
30.773670467476283
-3.8968276850019667
-44.61874793858979
36.29454228636922
30.825778297721662
-155.2735791090413
93.68312687906871
54.04282925023122
47.58903611395499
68.1660344491559
14.697454915712115
-76.9985144179991
60.56059710046429
-158.33566082670495
14.051441950877312
-144.55763644844137
48.52192675655192
72.98238789257107
91.44338199376489
4.233624126843324
-66.93689182932167
202.1399563971827
-50.05409911206789
0.6154628099657202
-11.046229925902878
6.477894776313313
67.12087092672225
53.797141878820185
5.707037377177623
119.06670490419447
48.03997260067322
-20.65383781811306
153.14990567968698
-37.13036433828165
133.09942703783986
33.93411296857823
-1.6983854068942525
10.252728679115094
-56.6354474914865
89.37475489577298
195.93316180693546
-23.789587814109836
-152.98251622284897
-73.34320077852044
-26.5314428858143
2.481692674312225
116.73454946528864
53.27853785139632
-131.0990744460887
32.13563407450525
113.25495976432558
10.416497584820583
-441.75540996792006
-7.240702283007387
193.9514557233424
11.272114649790955
36.016905493112105
94.75318827280768
88.6091938805655
75.5722003850309
-89.43417106664128
108.04026224334393
-62.04598679168703
27.818573490517792
8.559724274090026
148.54193146598755
135.58051632742536
-112.17912805749847
16.61499575551273
50.048835686121954
191.8186411751385
-106.52764103432446
140.95563913517208
2.1338070988967957
-148.34885616324937
123.38766714226085
65.54609463743327
3.6064262275359873
-13.39898156678165
55.073453850332534
62.74600249138697
-19.91880092221664
84.51223071411749
-21.62014200210797
79.60785775405202
-22.29324624898709
66.5860287089497
-26.274152706416817
-129.15739332341718
-43.365590861456894
-29.615156977974927
33.08908145833689
33.961301183257675
15.181587344184019
25.13717309533604
48.54304190747507
32.666348679457805
-99.97940589937025
155.91300365139227
22.019353977460764
83.37454637109886
140.7409915867588
130.72872650505633
14.805803826528896
52.45554050817876
76.8176150244841
-12.809104706292366
105.79489756489534
88.11916828888707
2.174643704589016
24.2365163746108
-2.2016930252639213
-16.849220159550896
166.37516514447134
69.9540632475497
64.58638314907785
87.30814421440436
4.885680452106065
3.671084808613159
-106.46868226159404
157.7335269165951
-33.482644209545015
-2.792441721725936
-26.053055216745634
-576.5011730468113
85.92698516541532
12.590938766605108
-57.36157097983852
1.4219838481212719
12.322336264675869
47.58488239253899
59.29485643623556
-73.14925975073064
-65.79327449630182
-35.15766770584696
-410.3652796448341
-195.69181046617996
119.91728680369806
-29.935177501575467
9.411929745863041
89.5187195247529
-20.27307520247814
13.669589850232278
-10.414997044123083
101.39184987557792
-6.705897425961521
56.08557436848923
132.9686868627175
81.54369778091814
62.88769600056571
24.4991458740933
-87.58987797647933
13.466162228584475
91.56711345272743
44.107073596546115
46.67241422187854
97.1196316005935
109.7318787910317
129.01807863000727
54.700458752533905
-91.3227934878555
75.52137560368362
118.9313414975552
-57.33766549756592
71.91938728903187
16.493345954076112
23.990614171835247
23.66344443110843
27.085438744427538
81.92063027045566
34.99085696624082
65.55637072283719
89.56238381526231
16.04651733112088
-72.19394015676797
97.2126267446738
25.81508193237559
-14.629682163124926
19.153707918558553
131.22654829558996
210.93228776459864
83.5412481769919
174.1109363191863
61.87238946423531
11.688255837400874
44.24545366010304
17.40657742758383
-72.88519991265957
53.105503525825085
-12.466616641221133
45.179749975071275
-39.96197102446061
38.79413335636855
48.26931322430028
8.655556167577913
-118.18710488812894
184.45738459480526
52.84965287850275
71.30519937560001
23.22137702787404
107.65423625793665
167.279358020558
52.87029712468711
11.692023203154777
-6.6950855790488575
-138.53876863669257
45.35034458376015
48.8712347311357
-108.14721593645709
14.240194183931376
-101.23830797707411
49.92039444159582
15.741987609925218
21.96407173040197
62.955789963778784
12.790088456550166
149.1606021623095
28.62696846221752
-172.84864119406393
-88.65863913158591
173.5931229622422
16.29120122290942
58.1624981709233
14.558037668929046
18.500881884611054
-113.92439202646801
37.58823286713937
21.185885509231653
48.62632574338025
46.16756484841023
170.02230847413284
70.09289379034635
30.676469960687882
59.407180788955635
-162.63434102096562
-628.0589755196834
36.25300452398727
-8.566086903569035
-49.632327826926485
30.915386019700463
88.22805936953773
94.89726482307037
-48.80198875859641
-339.65113638385355
121.48677263794957
-74.5062355233108
58.84374908843665
-161.3512184516967
5.855678472762563
-113.65664822954841
-25.2478055984297
93.95144065190061
-89.17217577154861
-206.58575019022373
-33.05326949206756
36.34838308977917
44.31186765046475
-4.987010385752001
98.19534281066103
145.6737543356312
14.617633028815817
64.93063555269691
190.1243926742577
-101.45663037313955
-111.67263416756168
-0.9620478076252028
-31.941894924272674
-3.0336623859334395
44.934161386401684
28.89093172577259
97.12405649832681
36.42430035905548
-3.345888113964214
-3.091165700689089
9.891378256287105
5.345525462656042
-82.33500447575216
20.095498236001703
60.183418182563855
108.8451291793117
4.015640046375414
34.76236669181071
-114.75705279782596
106.8579842876868
18.159709549113813
46.821178254580445
76.53406763671967
-608.8820766717638
76.8494785945004
-29.89485313602154
40.33842769878298
39.861912518794725
62.28972413355132
30.325166968725455
94.10147871853479
35.64090873597784
35.02799989745663
42.81442191227617
72.82695899079971
-18.694430679380275
45.715948178393035
102.90182485573337
234.39614355398044
99.73441364970768
1.6247562083101919
-176.59278141032294
139.9951619964952
7.307280841233723
179.3140967388772
130.30994731445253
47.557274920829514
1.6549383816460093
245.776856766558
69.45894881671552
30.147538591634145
195.46595880935865
53.16095803389277
122.6731919942722
19.047468365896577
38.57535589163854
62.786209950881414
23.43991158000165
26.94427436888707
-5.636725245713157
-27.50011649686581
32.05308680814554
75.86267391968727
16.03138657280215
39.689941852098855
53.520454495458274
5.48818435349034
63.998506974971406
22.91427218206354
2.462761145166155
-204.81631014016875
16.45152999113069
35.544344460299726
69.38806958010991
108.07659082157704
-7.440916010144052
40.18978657645476
6.797339251545054
7.678327905888096
56.804844351391694
45.7296688203244
34.95139726424039
114.7144580685831
291.6742194775793
6.232831881630773
62.643668385860565
-185.17077356175332
45.40543701481147
-57.45862580827588
-54.06484282772635
67.98441835196309
-24.313160421623476
19.61009965620669
9.372827259952908
153.71486713200966
-91.49751953670068
-2.481412108965287
42.17999318134255
23.616794135020427
1.1221784765186804
202.67334142286245
11.07140959063361
2.106021450860633
16.94171142872665
-2.4279935094900793
-17.639027635753813
-7.008478294242675
46.775907633177845
32.942580227583846
5.909428232414712
-155.10314233387226
122.78386777308742
54.27384089293869
89.74813247618067
-91.77548581541532
153.41401722150113
208.8733277580195
3.5824474987193753
49.237407164360036
-27.41777060760569
-37.751532077793854
54.60556419597651
335.29521089597756
-77.15159336635043
93.57907586216629
-10.112596059704956
-49.784454502258086
-62.07796477822422
67.54213869057594
72.01642147235196
-53.822332773428435
9.245986948994188
64.37565494445184
32.17400440604979
163.09816236514098
144.16785868828038
235.36058060992627
-339.34926636644013
79.20989885543258
23.168931210438586
-0.04233713499197249
24.498045681678228
70.53309878868839
18.993780513006858
-1.6716822548704329
36.83447884564612
-17.744890160883642
-92.1810536457806
25.056599570103717
41.383439493581704
145.0579265433023
26.126129901017734
-150.4303300106585
85.68726500418103
87.15049539669053
24.162286682154157
14.06461826522218
13.565298194072966
36.251509921854705
17.928455856265828
46.83538552560208
30.99130884176205
50.90769907853658
15.432678634690319
15.472398740747352
13.825989542608232
71.66200887137256
154.25771896678452
142.77161439133397
179.02137565582552
36.95190245845162
140.49635291972754
150.26773252605744
60.14880876633697
98.87965914551177
83.48349354782135
152.59631790713365
-71.63731867238403
85.76864339526855
-207.2827122071185
75.1270789418138
158.4968547027429
-20.017786055414945
77.64504396658728
90.99737929724142
-17.217895203070068
-134.2779404357375
52.36815268388112
171.1754180132957
17.727604418579176
0.2303978145714609
-6.77364549759747
67.78517269478336
43.281453265593655
60.08421992939921
-205.4584615568083
-22.106941316384145
-167.29020541757018
4.012130527061085
94.94789814823798
86.87419507400773
53.85732686300058
-55.78597885998806
37.0322601828193
-8.25531035507629
17.589670258919906
94.5264401922849
4.961225566978861
43.495925613720374
-126.51384844733275
42.662524373703505
-71.53272720067434
-25.404140914676645
35.9263580734416
65.50446703049693
45.95915064997354
-1199.194791328152
5.052606438586849
31.28943331507071
135.17860585787184
-28.85635710547558
23.217498678063937
41.43187102621377
-19.765298169866128
-267.5460486807051
-11.535219528278276
1.7734361667709782
-126.69361224851855
185.9292164139888
-89.87748940871506
-0.49819154093529505
35.57403546725383
11.07433485436286
58.110041883635176
18.564422125949477
-54.307640456195855
61.20069740858207
-36.886206441626655
94.53011522945076
-3.0135032682551355
122.20701215144982
86.66805314630045
-64.14216608298238
-0.2509586533490273
-133.6488743205
184.14788194168523
16.97758381692256
-13.107435025326923
105.64745032836981
65.75870002782739
-166.5069471398201
12.349135754811577
283.2853617017968
1.743609830715286
34.030951207922385
33.902462069392904
69.49781979865166
60.09966520683463
-85.86079476248334
73.86246421088515
-281.5907415970951
21.762547542253113
20.737977466958736
470.11507799536776
53.98610304085612
53.70023648593269
47.34447655109453
71.32111087984799
-6.164880720776182
11.289125344375861
-157.74366049459422
-47.80168816093192
111.52470082534228
1.2258762839124597
-34.76285618608745
22.218932704291696
66.73932906512982
66.73197052160367
14.843937948968897
3.7946998970993207
11.984461096675323
-80.46833797030058
155.47672865114782
5.763178852149317
42.38749304374096
10.272522120703343
30.757101459086385
-164.63183917356855
14.717767384980066
76.48962065011426
64.41118167187938
58.04621226681968
163.83116049334194
73.70938769986583
8.149450561853481
-54.77077450188625
56.916286927329054
97.25682411214211
-55.841795125794974
12.975469340932426
32.95945813283157
-38.256817031289614
42.33693333688191
-77.24002796785408
9.62953367926761
24.24572733545077
89.83731025403358
-740.5935919375232
72.26515088533006
66.3943130538064
73.74977456053807
-177.20722480709537
21.06036366088469
47.2628216947954
130.14000464675792
-58.844817547188455
167.68938246016614
35.117157221838255
38.99794805516552
110.59750534148407
34.27604549513868
-45.496352382570045
156.4896649134539
12.832106637548176
60.182902444554
20.15571271620911
42.01885357314785
52.40150600791458
74.11253164753558
6.92889556280511
30.068231566575566
-17.36844007510672
-0.185779182165696
110.15506607627913
143.34697645531992
-100.74689975757794
-85.16930727082797
241.16881781487064
30.88996909325599
5.5781677821410085
24.13551383059385
18.906469419616045
29.67317590252597
-103.85379408178687
70.47757581078929
46.7408961232914
55.34162375990374
-13.425216642092437
11.147512834256235
-17.106417798419443
-149.8205030030058
36.70926913755807
77.76225735072472
43.88798585852783
26.699877197376708
38.50183493011548
83.48791562224437
73.69278542497977
-589.3663277703611
11.32904604231099
96.34467975478921
120.10806015666776
45.73036486410456
173.18528402554148
226.54854534049036
61.26718059411314
3.0986639607293682
52.140462032703454
114.25673771911522
-156.84044422916395
158.63185615497696
-18.13215405449365
28.973712418341165
53.27138326851403
10.302846370640392
-26.46832917597173
50.016025406535334
-8.268364979381799
119.08565964234776
95.03634356290195
19.453895958162818
71.29498939608504
-176.12745598794982
40.71342128233196
67.81843171555028
122.5893995627489
33.22035092085477
50.291007415868705
-3.1231709277789217
138.6232469432764
675.1383157402202
115.04104799004062
29.271959983567623
-3.820760678660008
30.75501619949955
32.43244284151751
31.09219091882348
42.57873588810844
14.874321915264668
-4.0009397511147515
1.7856352875437551
-4.17581611920906
75.8108155417749
109.10502219070031
123.65277813922239
-79.79552094751034
-23.665657450244908
2.9647698786257024
44.66652794630292
-88.65353967684678
61.75637232681038
21.29495085702336
69.36902584984728
84.09506196902169
48.18170491962019
44.600086532185514
46.1978095526315
72.64327255421432
99.0348479872564
-9.682249679469905
45.49118198768292
65.92329982967387
82.68688434658227
19.557589580724652
21.013692566473047
44.6097456074789
15.806735479548648
42.116519502345
21.683870890707173
64.87439958528512
22.875673470950005
91.97737575028805
-99.2159394816872
-84.26327258264064
92.99766030426235
73.97793954684812
1.4964752482896984
211.61387600210037
167.71262159064008
12.977922401383838
60.76829828152233
-222.67296906792944
-62.67077326383878
38.77259591970977
13.864108084334385
42.51362461341295
-200.93970277605604
-41.31605884760842
-21.246052117472136
131.00714960317828
-16.836331776880357
55.81909193453612
115.35856733266087
64.7526572499803
35.412653905360116
29.287494559050387
49.42956539341345
18.19426209835425
135.0304518638245
41.958531898555336
-123.87553422762494
42.43217350203099
91.51505389788417
-12.8715946927814
5.839956564501821
2.1154706958645875
-293.9693871569061
125.99152220237738
-722.2694092851295
6.934719830645032
108.890126646834
49.08567116387351
91.63440680113217
53.18727128067309
2.6512900130501293
41.453183737721545
171.71593210560877
112.21459467821023
171.72518414560955
34.51015850978562
103.01948368150852
191.71074785904148
93.85688324493867
44.091058273959625
4.969558366832823
-153.12121369393753
-369.27405576464935
13.17336826006067
3.722910532660535
38.00676049479118
-24.23512237136947
17.910065834554224
58.0358212243234
90.02381097981305
113.22897532917887
-163.44024248007372
48.51257464763478
-37.02827183280816
32.1293593355694
-49.358382609252594
117.97078548281297
77.09499091671569
-63.982058355704794
-2.482167307632097
27.728853462289933
68.71131574895344
-256.32336566060167
40.7063899403045
-17.511920502623525
38.49797748091032
33.453050501674284
-21.803294519010706
55.03619513795957
-219.01278985412046
-66.43458986873156
-131.39510000587174
152.2081952506196
-24.09873687119943
-41.22795907641574
13.29443201552656
45.62554240814825
92.08951610415465
52.3353213986221
21.396984212844107
91.54116827153803
26.92094194491824
90.8413433839806
-234.22270263759128
-133.25061033210523
1.1932634613019388
174.8929457247973
26.208952834454372
5.109360975458781
176.5404859686305
48.60448171297185
-19.810443269451866
40.73628728988456
38.5583294115645
-175.79004685821565
149.63849890719553
109.57642882297478
75.61333767243633
-38.01583498513357
146.1539272308737
-3.3421986954565455
-60.83044610094157
25.879883837425588
22.51009123522317
129.93606711334724
123.83322924560207
157.79352884056607
-373.1133441954192
-116.84111159271743
169.7561058770334
39.164115915120256
13.098140826160808
15.420333562084581
121.2071888450414
39.332350163430036
76.39384896927368
3.0207298701453356
-32.29178763579853
45.66932305648062
35.554595671142124
135.69949022764467
36.22478840343352
42.01396601648401
80.53788614009227
-87.83581241405727
146.66600336068768
35.91975942230738
-22.271095675819723
107.89214100331901
0.8824350320152945
6.026505921414523
42.00609847686201
93.16315204770217
80.58769354075775
59.44867522864888
9.762736923326884
38.218917281237054
24.05856115728343
141.10782076453643
79.4056824901038
-825.739469773046
33.300057787147864
-423.9145277080412
-62.36756137177872
68.25437254228336
58.71075458574989
209.55726692621738
31.25220393988411
94.50019606119986
-103.0552067417666
-67.37034209859758
19.59215364485499
33.6071148023963
22.37325866284762
11.054810888087431
-434.709247757457
212.86477454289616
158.1071695827536
15.490379942800246
12.139131578746287
21.158927649025813
-116.25181813854488
65.29723341223776
50.335068152093555
14.211032306873463
41.1077988769969
23.91650738355935
-159.04873447677346
81.22930299344216
101.32513874339747
70.62917856374565
204.9766940479617
109.73461717474174
74.4662323193065
43.76719385475053
-9.460972401100662
101.7941975789704
2.938336960387039
-74.50193707799554
-145.98929504076474
85.83272398880581
-130.93454686345012
-162.90946713002995
112.82451396270426
21.90269274307998
-6.86412982750503
68.77647622148811
6.055248690008966
30.607678977491105
123.0626193780713
96.1592584117243
73.07206464921637
29.516411808465143
0.9030636510933618
52.03752574383108
65.45249997662049
-42.98222164873778
-64.34692735741713
50.760732092933495
-144.49598545815843
-201.93129872755753
86.54350654753875
68.70153625080366
20.259743709390023
-52.63816774260522
182.08580820905536
102.1352182010537
8.87730445895411
-28.896978884166856
11.86694472920097
3.8103679684281815
92.6003835906123
35.019740957483464
92.22464522262362
54.65808650044812
21.057230457490483
88.51696726226294
59.19273008548872
133.1899395125406
-20.917706400841272
27.49002062731506
58.304505555164724
4.699114926742823
88.3096099394628
56.79640978479347
75.24343593197045
69.07934382444546
-0.7939960484563926
69.15757912719147
43.62963583793937
20.320513366786486
129.39845261272512
179.5013833544067
65.09859048597974
10.80596366921091
-3.6697607642596637
71.5472411274165
-111.3242459113253
20.289743971922157
203.1882860976316
-110.77773162843005
11.660122800442807
19.045926157676035
29.963079448038116
60.68784776107546
-6.368469063332668
149.6161414889698
-21.735981295487896
-128.23955046466926
59.5937290350422
187.1376146453058
112.14827638585984
37.20750675092222
-82.12709099062249
-62.87731498140244
157.90093921194511
101.69800592919819
-116.52920351459306
42.44567348596
27.987020610212006
7.270911227947467
56.60015937932256
3.712488034132571
118.30814242067072
59.31658842861293
55.931894052849316
32.79724992172521
79.59416378166236
23.374460984320393
96.5841779421462
77.51513198654641
-51.22870668240739
40.33240596799834
-61.70409077251771
-30.648119435332713
-15.692591850978141
-201.54670573860676
-148.57810600328412
-35.22092366275887
12.382023321203288
56.925973444934186
117.13397172068017
80.035662661213
-37.85135391358472
-1.1086958760058558
-191.25697526338763
38.51322551645603
-146.86000615533976
79.95376292706601
28.831514988581674
-38.94262864226594
139.37740919027283
-18.239371374724513
1.0638994429433553
86.63595044466729
43.672980060521695
-62.58316146454945
-57.60421406832302
127.24986623157429
-6.096080975800998
-7.518392373184497
-130.50450790635932
-4.475557227164359
32.62956620388668
91.37878854936753
140.6159657898943
10.084769218469745
10.027365036513743
24.018229645222334
25.220581459271845
121.50396661373588
-296.9293580437042
44.7389185204911
12.75785303002251
31.46242353559728
45.479246174710724
67.10136448716594
-14.492313800574266
67.24218447352541
-4.169660712878433
134.5826621119122
23.76167794184915
3.889664313330497
30.53761486050098
72.3011841477055
-137.80728930753958
39.08181305617048
87.88885638434294
-208.46750264659386
-42.14472792426841
13.781354859472032
80.72360420797622
68.73587614789119
1.098476991114694
-27.159850794177547
-107.0398299557246
27.54005423938343
127.71160418618842
64.0264501723018
59.48148036119686
51.11570905463668
-54.57970297655484
-410.3292233470742
6.265614110698152
66.11754598041944
136.37466107369482
104.32267006075836
84.9662134578864
-144.15227502247808
-121.68005516023186
-151.5021058607099
11.829451562826554
99.55930057528167
42.51722543193182
64.04348425974742
9.217505696989242
-44.64783729464898
-70.49494759264871
31.30453302859986
-101.82377392660965
117.32739240574665
-72.24414269151202
12.36036256415378
177.76889430912115
113.0484629035517
130.21762696676637
71.41510610052057
112.19097291548024
-115.51072000959948
-34.85909314463288
-3.631098963006094
2.4089095407462917
-55.03393093582417
-20.718788808674617
51.98690409147946
-42.79393681067677
36.41953418130424
84.49350878760379
89.73924110986843
102.72888266901782
9.112132711192771
101.72738302630535
-8.297259372524373
73.58127208628986
21.7668037037497
85.32945372411194
-20.019260576781157
8.50894657557837
-50.5659038235558
-146.99728186255288
45.121699780995904
117.34325534662639
58.498767580496406
39.82289437842155
173.67352242472907
34.75806553109556
-16.202741411081888
119.16576580555943
82.70387030276925
-12.56778466867081
-119.34104287344917
117.58895728062998
74.76357828119626
15.54669068024441
18.81713440912058
-0.8036575455286104
108.51307229101815
37.61480451511676
-12.63820258323647
-51.76528672305494
51.50583830637214
62.32114099623338
51.513678863824225
68.53530905485596
107.09571010445234
128.91666650469028
109.77959576325657
-23.58528342976209
-266.01889647480766
31.77217338193267
-75.69082212971401
78.94853062811643
-256.8600287518875
30.65808281848922
-107.60450634320023
108.52931694547897
4.1905423841589595
-50.4562055682768
96.98900128026753
61.118938372781486
76.79455764306579
26.894539502924122
16.44567758261155
63.13870985542326
122.75557580001873
18.76303698845835
139.39514953300568
37.67009918970689
-16.249713607359364
50.206404884465286
-98.54552490947242
61.31751151318517
78.83904202396104
33.215165793695974
111.48889704071553
192.50151933049074
-43.72386765416861
51.81025615280089
20.015343078047408
95.40324541627149
113.10001265051505
105.72626130631033
37.04918752777007
-11.767671612094091
40.59531450958639
115.95662756325373
41.7659336739404
-182.28439651792178
94.3943825565118
41.317197066732646
72.93614069821979
96.99300989018388
-59.07461617344711
85.7503616821632
20.220390795843027
67.59394877657704
13.418724641043866
127.70637149474442
18.406343972268132
8.944227845101523
56.925365845101396
117.84262223305996
89.96576224563341
132.52686728102663
112.25474837908632
40.10955567725834
105.55673414549165
64.6828210955306
-21.326779874979962
83.91492365243812
64.9244818953498
-239.8279461384891
50.098053723748606
-15.726550397311598
54.53691220284429
-102.40958192837296
48.29346317222661
14.345378020640016
42.83837172033827
160.1827453682074
-95.09531178696034
-140.11690051355617
-32.11922458805998
81.3532461190789
-76.4830627733354
122.19943599460112
-59.79795897522965
66.00074971465699
89.82294746697835
17.277018649742978
-5.199237812651063
65.04273387664989
-8.149928923355219
61.506919995859576
-86.70098227572771
-19.863708152965955
92.58762290146387
-45.01528877530522
-85.14528421490968
189.13427798023577
51.17319852505443
48.9990761016702
23.957232637751872
10.932858879788
79.33075867163643
56.04410418714818
37.672319529314834
52.45878660613016
-24.183700231469743
34.69894206495155
50.90559087730577
36.90533280789475
50.756410113828906
75.75042560212023
26.092932754057397
112.86540041591797
66.09764612223641
24.815484764958228
32.565051744443416
-65.69120268014655
-17.555322519978745
-16.303841592184654
84.62765922267135
27.93141894688597
-35.3854264115007
-56.438090150955304
110.38427818401317
70.44255341923895
-12.575359013979512
-43.4730024756268
-24.333463140772437
-0.8054855974272302
-170.91992398522507
117.88902284354708
158.29195268032208
35.90627059667847
-201.05663149042448
59.18792205706677
-73.99510580969127
-53.18287278522894
34.78004820847275
57.07761934492591
158.00112486793023
-47.95912644824193
122.29934658035427
88.1915633733139
26.144320835680226
-14.214174851958083
57.354458682978475
103.21660375825104
139.4457848288987
27.55697681723391
75.92421517869889
36.04294484685218
177.45140356041338
99.59990414055119
106.73198673981824
12.491808140608475
67.4592918564781
91.49788979366122
62.41014083615744
-61.8243997952859
-34.18569179615224
42.58926222255167
47.029005947640144
48.9505738566119
-72.010531531997
36.98078002789117
123.65635116252997
27.284594510384977
-18.857835008462644
7.802653965120071
41.05269421358116
93.66098619906325
22.914276838207833
86.32028581409537
63.577329327350526
38.809962448417195
29.2524750523653
24.544442840877455
63.27700230269011
-81.89467364470306
101.13610704551138
45.7380747986479
83.22717265957635
-18.65876849030073
75.94273406146135
35.12812562708723
16.532759577483777
-389.85839683820956
44.41525627535221
91.87036736188315
-122.70987806347603
20.221675903634658
79.47920182117548
46.33135820620919
-262.56220693542855
-32.2200904071874
112.2562106012283
70.5250410570045
30.287208606165866
-897.9188898104567
275.8737656433955
96.76163215120732
5.8914330762386555
60.858186300057696
46.279811549050464
44.13185683997813
107.07113759235972
47.42370278893416
-19.282169339741813
53.91651627515779
-93.14958284248314
-219.89047223761645
-93.25577898513666
-1.2439863546251217
360.08908862836324
-333.585865871898
37.920031539568186
76.63527682269796
18.744146559153947
11.982852560270464
117.36934948318924
29.15590307506867
39.88484866536237
66.38652409909429
-38.032345633725555
10.479406706119963
31.334771166707178
-53.44228110559138
3.7679143492392253
39.859927089187295
99.03712590972583
72.12330514069345
-95.62938228347411
25.531321664901043
-4.487475248430428
20.44007504805404
10.372942316851256
93.13788948971523
133.7337279693338
12.029847849189991
7.513758527496066
-81.28848424629177
31.337406189374132
6.847067790107303
23.339586545573322
-19.7644991183742
-2.9520237661319815
67.51869698773135
-46.71635244090138
10.94143100385433
195.17958491885702
136.8004471265856
-67.03383203424858
8.934899401396706
112.98587303125078
87.08663488942659
-9.852425630774817
-9.100461556991519
-129.9869631966867
-63.506999895114404
85.41371564611472
-49.735782102699886
13.803810704904663
19.272481879712817
133.03446851742137
-192.22124602786062
25.031412005269885
118.36461787064195
108.62868894975509
-2.9380035136376987
-90.61407389814849
-95.42580732026045
-399.63447953385054
-111.76829623501271
-26.517308260771642
-40.542392385662424
-112.17610818299181
-55.604190196122545
12.445619307855907
62.237858543987144
22.74573595694748
-23.493480994276762
-53.741899362880304
-33.40458747782858
71.3232611944423
108.23481983836518
-14.262456168985377
-6.335097824219195
-49.384500693765176
34.15212734741834
18.4227795129389
-82.28165584901305
21.52096977610296
66.94823816465366
56.921394357000054
61.72573525900543
138.86134988499134
71.95808894226008
-199.73535455937053
-6.3093296192547195
51.58031540143242
-14.51711507566914
156.16646755725515
-89.06975762968887
403.21560000031764
55.40533804688693
71.19907257183411
-1080.4143034642584
7.927882022868388
8.831391906102454
233.59625714549747
-164.45730461874155
66.81580819156761
-89.0308410373409
-24.598749785408472
35.4905014163403
-62.94027375770128
66.08823208049401
57.6255494065872
-51.79632251278713
48.30549811592826
-135.54134124740085
108.51549241525254
-109.54650226342028
199.09942165587017
5.806088558581343
8.858959900097034
20.65520754279582
108.89493512697709
112.04460058686027
-33.52285211469916
-263.3694311682898
36.98398895120181
45.495755861851876
75.3778608193636
3.5092284945307703
112.47094721819235
4.44264157933584
5.366364194711423
40.75373677219584
-15.561655138423353
20.04184031980065
-20.565967016849754
5.468266496547397
9.482920354914505
-18.020985725646824
7.248145392123556
-97.30088366792552
58.98460642520189
-54.97215166406987
-11.652182629932213
-6.89019758952449
17.988348872905135
143.94678953130915
-15.27358376359055
204.5742107450651
45.85664049738308
45.0844375103064
7.622133524692174
43.50810953952006
-19.501085938791945
24.144709451421477
39.73404301214502
-113.48006164192793
123.81666866864612
15.113457767948749
120.80944630238832
58.12367804583505
68.92018150094964
-110.13639807150321
37.2855268887929
-22.383752069163723
100.9739081737639
32.789329109172286
23.689520047788392
-7.224211898480462
50.199352504588916
38.010507136223595
19.189664011286755
49.96035089147699
17.49170551713817
3.2495759608984827
98.35581135124812
45.46447227149024
-15.755670922258545
17.08334393654833
73.32935669666304
42.27360523614993
-226.27959362224283
167.93764851349988
-8.251052399797572
58.640127070413655
-8.853795948658444
59.70654307021431
144.20899228855137
-87.58683905577254
65.80399826739131
31.966662419240492
-167.18703156664287
56.08097766652146
57.10929949592219
-136.84916633371722
155.14789480666468
42.38347702636431
35.97642675282307
22.69497410122368
52.717180740746926
-9.345455279074162
-96.87661485479248
15.534885894257615
-119.80889290800937
166.86680064306802
-112.0900795275752
23.357981730334572
19.451869009833295
-129.18089523488834
22.90256132128896
-8.907762124879138
-64.97596143326564
96.30620846851252
64.6986121210175
0.8546128422407913
61.19406776153414
-328.8616802261174
-104.65925385646392
3.3222720441877183
-25.28469719799446
0.5548576667943963
71.0532074485559
122.53126240487245
42.05050322669043
66.02669333291897
37.08370373018761
-34.42409792565741
-290.915150758492
13.742956586717497
27.438418526339596
151.2940561665373
-97.30599661987571
97.3079389562597
-6.583236601845783
124.41957014267564
-12.86671490302524
93.60931894150167
65.09705772102805
63.97107790630406
-64.69086256744231
39.73226783073454
22.36370584999767
3.3745481704243523
3.78999355646647
92.65408912937346
-4.465408596618943
73.9301840145348
134.7546595444196
-73.64290173285463
59.631956493156395
54.239655082667014
7.592879688409198
38.60220218269258
-173.92688427735538
-4.081247404532602
61.963518019095204
56.48962821106761
61.92176408231366
111.89468639027609
63.72950270397496
-135.48423554725832
-57.13516523474209
53.196998188132966
-23.943400386844278
2.91026280381282
44.93495805061677
-8.696262478014823
17.829192753673013
95.6110278760957
60.35269386529494
63.53211323262167
112.16468019358103
50.32843018543508
48.64543634178381
58.29610211464751
46.403077158716414
24.93256475327263
70.98581454477562
25.628442214479854
26.14503813330998
51.24982110621704
60.997995888787614
31.266087057720092
43.312105430438066
-49.78529053811003
48.21748657979242
4.70419576379139
50.61778728945649
58.4446935163603
34.864550870397125
-4.279165754296173
166.09503364723332
-72.33587383007853
8.117970842671365
-83.85031864100074
37.49179085916847
-15.435359991393852
50.52231110134841
26.968256537194065
50.70768136397854
35.866678982121755
90.60628589473174
20.694396677108088
-437.41994128902934
-144.486847068536
-91.12475838072805
-122.39518306473198
43.76200530587903
36.328874485039556
13.509090777627051
-199.03784016457303
96.71857795657064
156.75020916713538
-3.6113054708498
6.05392712967711
33.1462904201631
20.219285819550578
26.648632527110934
55.348374161214
-19.734188619631595
-8.560271411753547
58.146229166471585
-432.28173827080536
-193.37335413804567
-8.51523847680528
40.996934226530925
25.73316730579336
12.81080164445836
7.742192764809388
95.59755645253335
56.97372495082679
-16.201832723849844
105.80516424782445
100.09867821831403
-30.086542757290374
167.77153351854122
161.45918175693328
34.519694361529105
34.15603049741688
-180.18140610214823
-145.98733662121822
-26.392374161884618
-23.728942131639478
47.181337519200156
72.4486391042592
137.9133507852457
22.578474429512426
21.849858966490714
39.31170975408046
56.428105072645636
-1.2466114357091689
28.277962424491523
-150.76056995127374
189.77866744900712
109.89690304446276
16.267405709112538
0.2111308042312885
52.003854192916606
22.684460790836056
7.2371893801101965
65.79340117622996
-82.63195195748767
-103.22338629437536
76.42429148392466
-141.96815696252543
-33.877484288245796
35.191878961920516
48.8622238623102
73.47428526405747
-46.374987250298545
8.833222952720007
51.224488833430655
41.17624068666791
-5.345286546638056
48.25164559972063
16.315451173700126
106.65474110913647
-29.348803159567524
50.79743433448266
171.747816280405
169.68519415279115
-67.37113864995354
30.3185908597035
-48.032071216631714
79.94672871499898
22.03015474525296
72.12409802726924
8.965613026953179
46.051028258909696
-41.454187723763425
-65.81220449519697
14.838548976279581
259.00102498778415
51.83447367548479
105.02450805500621
113.63999441570786
22.0444228871294
28.18377063813068
56.36695907288451
11.093546310470007
-149.9742630257506
-11.870004067459377
11.954422321855889
-19.064700165425847
12.790269378796893
4.096929460894343
-107.21006489244064
42.76933120639882
1.110884038082918
-233.34563960481
106.864330570319
21.05009005799949
20.72857347000823
21.71767949657666
89.75408736794907
42.610920527310725
0.6692605404368828
-243.12943784295067
38.11759399020231
132.0439095856227
37.36124802417817
124.28235964525174
87.87082034125064
40.416547912669515
-42.71553552143223
107.93541252218074
69.99464816285945
13.24211530843491
89.50013597286136
-10.739841487267798
-43.40683919932508
129.06755157325915
-136.22660467303513
-146.80093868162476
48.55587152034385
13.362372831692944
36.76916218198911
-178.1067078211472
105.23859089568396
305.9577065129124
47.64681532686268
32.89472962762636
117.07172617053038
-122.12824341242504
45.54704751416858
50.71736869722463
26.139836890431457
41.702538202776275
2.0022893287631933
6.558051467125288
87.5848757647484
-6.81277282962076
77.05422725551193
30.651574800812057
-3.4496105233951653
-6.116124823828062
-210.5292198796742
-2.245212059709168
10.304113528205022
-95.33406145008075
-81.33418791804115
167.60920461785463
-58.04140228220467
2.3370341033496516
144.43285149530425
95.37098872633305
-61.77987305150691
-12.375250644594871
221.02259825906958
58.4958238133417
30.206638985199447
185.40266948080307
42.06598259868474
-102.42488504378161
68.17712652678419
-37.45646655890778
3.2292904393075617
76.72500335549046
920.2896188439131
152.6788597167124
4.01443104402847
-123.38954881819063
-179.30878707854936
-2.9882861438277253
-371.14178678937253
17.115175423119005
-117.48375410296103
24.190111187822747
-123.58850034746047
-677.4098830086332
-19.475319197121937
126.00366783304571
35.957161557829096
59.31353675715383
72.29617988707969
18.505401511821237
99.94684606326297
-24.658090356860612
286.3833661459653
37.397149618684836
16.649740072219743
31.079092292798403
72.06352954456241
-191.7009541896041
-73.03510976139842
24.36643986682298
61.886695122970195
43.68953526388282
110.31411560226633
0.580221121174802
24.149598045397976
77.83359498913387
11.301877582331826
-164.0737771845003
26.53510749095942
183.87428364360676
-49.88299998528386
-12.26140199898454
81.03007197874581
54.86597778462647
-131.5215488393128
4.018533629136969
112.75364896784777
183.76022456497776
56.62588349949982
-147.90644383958534
56.61130927469327
61.63805199765477
64.72862067607798
20.920796610316856
-6.351730354002257
198.92590395720526
-3.685723236689711
-4.589865787386235
-38.14577616008137
-51.61134253947921
101.2358979490266
108.53579811703162
49.39785730383079
11.478386299287976
61.91158588429448
124.38829319488218
23.24447979916181
26.59713547805589
-133.92931564025548
32.078820503197406
9.08361983151326
213.32941127224422
16.971352333161576
-106.02507817132937
-33.135093234517626
87.69228609298989
-98.37538824558624
176.1997836317869
43.279148519794205
6.304778053831797
22.255461930539695
66.31799362700895
286.57287106117155
42.52839469280343
66.0995963885315
59.29477464038799
-120.55158523112823
1.2961403650034526
35.80028141034944
-283.3777161819846
57.286827119768425
30.63709732098052
56.72767497407506
31.94733038736058
-18.115048080291217
6.54289837628428
35.88050447517071
249.28145792911982
64.16866570098782
16.919507141973096
84.35913452265913
77.47331274545263
-815.8793377337814
38.40039647647434
93.32396854774629
126.1412318002649
-22.823952763823854
187.59056428109125
105.08088273413193
162.60426656960317
8.617263014936887
14.708829804183324
16.148095044049636
85.69101357464888
162.38668200975098
59.3386307709344
-202.2082627409327
8.872909836493491
29.627405266070525
32.26603938706165
-146.51462020488952
-920.4814358680106
72.95400499827235
-25.116908532936602
47.905894453107976
100.82807612324268
133.19387687784683
81.88228196131331
116.11371539330958
18.25143759358959
54.905289820983626
-55.65814768718701
-36.14749239322533
41.315250165358066
4.96318364079165
-206.99956413065502
78.1539698695774
-118.67222378126917
47.64396668974163
21.495811851520145
-8.862360097054685
106.94953694021797
37.421864715758225
94.65107895942128
86.01668031306451
-492.3304458772802
174.83709275304955
33.01320468827376
7.862488268196643
15.940560354352783
158.57183242464498
-5.695875938789413
118.47306753979001
3.1443124299980614
-25.310218603429803
27.90481424667535
95.07825299048636
-31.516134131053036
-20.64064219347631
-189.45299153196902
33.36005250020846
18.489366041612357
23.58362279404774
86.81836961487977
-294.23130105488235
131.1742662005272
-28.44446382286378
-60.26902482899459
69.108914959158
2.6909949604034793
120.26316546095177
50.55338129642453
37.06088863087598
121.86065217887858
3.709717180757278
63.74881057559287
-139.22082637376616
82.36363761890058
8.755211396014076
5.482927943651703
-101.26904789370519
13.358311229222636
-188.2663959674319
51.81387653212312
-72.02905272687576
103.19966283160056
-38.96174990155666
-6.197492496223504
80.26182542685797
125.93753817125935
9.190364901720995
79.10228577735643
49.72747360891435
-126.32489806907051
-206.2331112928514
122.5152642796611
170.3327624916883
39.87125703355746
89.12901212984912
0.45758848930806817
60.91458881997552
15.61653078927115
97.48287204183816
165.1681035058391
-164.75151525575666
-234.18413585540475
10.050641323556231
83.71808690335683
119.68998824908795
0.014218287708047443
24.71506726681963
15.214912586271659
16.0543474366148
113.60517829910327
75.11358530610778
114.431902952683
-2.02188631639949
207.2882487184279
45.96868955244032
-2.222350511988296
-214.29436237446225
52.93574758985352
138.34806448655263
-54.41467513457301
-27.841005527619032
-20.51480340847047
13.279287291949991
-187.31743002899157
66.9414339088197
33.90000816157906
160.38559511410404
38.878643853718984
-21.38255119182527
67.5511476202199
46.689470048439034
8.856076223457608
43.09667794111107
55.35444199346989
-25.346439181000477
32.26306049240543
48.949900559818616
10.416264274856076
43.177816477042626
67.88726410591812
178.8220909862739
120.13631561038392
68.64023172186435
49.023787828010995
48.86166633657545
83.71640089971396
152.90056912447199
-801.071748197176
-47.05982255948038
111.52971571146611
54.22325927145539
-30.69569668322585
3.818752943815834
170.94603484434447
41.88745173610043
-22.289088351242544
27.257399235020102
33.559447176896036
19.569576875736914
127.71736003768842
65.00032427546284
143.1310558361347
57.6579462123384
-52.92619926520365
68.45310432864123
-73.64615172354615
99.4856349149643
-72.96835053262248
187.58045597010005
-44.868671383117544
187.59582190609035
53.9409137363873
131.63061781644046
-29.190898955133434
-194.83417731717327
-19.539671717057875
-11.009165897536604
71.03831987444988
50.057939266720496
59.357697202564395
13.014995820465206
116.16929094398483
5.822021875872398
38.69250856020699
-20.58478265605754
-35.11992345231933
-13.176104860369223
6.192633775230812
15.290287153507466
21.234808145671884
-34.458452910393135
36.88354276044896
155.13754078470447
-7.139864101562125
48.78844089009804
12.547107702688361
125.80175386193196
186.93706164855848
60.97900499434428
-12.120729711421461
85.61239799382838
46.33284088695291
-67.97996125043483
25.900607528166802
71.44844013586226
-310.42523971825085
-18.261685880938785
74.15001469271556
73.46943613113649
-107.82282827135123
145.77607406599327
7.955110271157537
-349.4247645673968
-188.91326360202993
-22.26188508044981
100.62920048934268
142.90197721716868
-26.891868235462628
56.951594534078936
35.75213939958442
-5.805825673001365
-94.6741649739788
28.585635137814023
37.48866630634302
8.24730528486478
48.973626811732935
-5.533707193503113
-70.60485995012277
34.53962854804104
31.19102950611505
109.99403328611015
43.11378357620384
41.794491777303215
-266.1245728478706
61.91633007637202
158.8164234755718
127.36888645620365
67.50889528602715
114.54349238859686
-8.222113839628037
213.04124206415918
178.78777878555456
-69.86708481053847
-144.471905551919
-294.0894687709215
-31.36870079397022
-114.9923175319535
106.1341200465622
4.997535527411143
-12.579829433349623
-583.1220017707483
16.531654432616154
31.529818171422605
92.1287239615383
-44.658720077258295
38.47407809616459
8.379507702667562
-138.16131642430082
68.06910999777887
-10.975772031273266
52.71529007035747
95.1798871535625
140.94887904388997
-5.006417076891466
102.05796691373098
51.40694799636745
87.19364801663681
75.60207039045372
12.265160296968132
-95.26351498923088
-111.47282500726942
68.29263873741058
-9.186822587546885
39.546086449692964
-6.959155960736628
74.09911468430386
68.19975436510504
18.082344686626204
-7.204451741682533
98.02481815010333
11.032483757941598
76.03165407914634
19.836917539570152
78.51797322106461
118.93682551261554
21.06397939192372
-8.171425163166493
134.06957235555728
6.177009481699675
-3.040680079880417
-23.820030696134836
44.88945423606606
66.15797191739955
169.02781813335014
38.44357094381998
29.92821407144632
-12.480100983070315
35.45095792197739
-43.05928466974365
208.60732130849874
20.004727236227154
163.41185331706924
85.28439965435257
-20.6988353946153
115.7092529817055
-32.81371898880043
165.20097237239906
82.30798888791333
-12.87105308676538
-0.03130569013501372
71.84045030864453
67.34440885214474
31.018458565527908
54.66758705494351
94.67809938287235
87.23037788058309
-84.06474795169834
143.49086797661857
121.45498482761514
-7.832402320559709
-8.684315383087448
159.0632977104642
5.407345446776038
35.44233511376842
105.0998106503173
6.1784878002544374
201.0953462133175
-5.750413414477407
44.519582248349934
137.02729955607356
13.8941025619132
44.88028534761679
133.33226281918155
88.0254005618292
80.80732707740538
147.74734019575635
-13.362629723455887
82.10695461842909
27.538764894519204
3.2949133800552772
19.35270118104022
-47.380223740546285
62.07818246307164
0.4499437674278397
-72.19195218473942
29.632986838256045
-19.36083103436895
102.31228437034042
1.42674764073519
45.97459211529257
79.82051611603109
62.179271831657786
-27.168086368388686
-91.8449872077108
16.792631277943272
12.791561769687966
-75.63208944258213
-16.39523021889592
63.16945747159237
-98.59302062897723
-299.4044963798751
-166.98567864422694
-85.4919332967911
-15.334341392093847
191.99129465267833
65.30309897811274
96.27537328817937
-212.79908961604178
21.30099760108898
86.60697420920587
110.3394344133917
-634.0707845366328
-25.71451749398284
-30.242056515741297
-49.48404800393372
12.74546668588004
54.55640554321687
105.97693720141251
3.3945856796522094
193.3295367160281
27.818452085662102
7.009153873336345
6.359705629289913
-27.706405370245648
161.8772766889715
47.07321053945138
39.674526161781614
18.096398864243795
-137.49892808499044
5.339947469185802
32.73414676720973
50.87793094981657
160.24463427704654
212.0168844857053
38.389553727741884
169.43935015621764
-564.105029183561
21.091036562427153
38.27139257755209
187.9799390548767
-26.07345818317197
11.368241686430782
77.88205373594855
9.491019142836864
49.09498741887728
34.294509988835905
-23.20121693737477
45.27812344666364
173.2504045471601
144.18917125585358
1.7631910696880482
7.036288424126681
6.172847497048224
155.6975980076645
-250.71740748048305
16.306756308142905
54.2494581484998
45.07005987708317
-15.344561603054217
53.521369534149684
41.48921131069659
55.332244548193955
171.89301093881704
93.31661055663528
49.57698027546121
-169.47784850660992
-30.67524614636386
-106.90778235850667
-361.34454405209
116.09490517777294
-232.73078197786617
52.252481096965994
-160.41283372638736
83.56976884829328
10.488325071510644
-5.532042874764159
-126.89863407378607
58.76947615638801
49.32033876839614
6.757651261321552
77.40363033428866
121.5377627980929
-82.25325805432203
27.015072979397004
48.36523621466051
-30.638969665500415
30.954917094300423
106.78841798099393
87.93421855260499
139.20301012190794
-20.86002729531765
63.38603125767416
103.80279265058925
37.82072333536722
261.94471728290773
-177.66956427088826
-128.74783978270034
69.40697674947157
36.11358129905212
32.02713764678481
-19.934892055996936
-207.21685565918688
55.86288365372167
18.81069843811619
146.60881417512815
39.07128906416892
12.408503469978768
32.74263972736776
23.296101017831916
35.92555003781206
32.58418949091923
-76.93727942237001
37.538171503444175
-52.83747229819892
91.38214945629488
91.05586915583626
3.880490302927794
64.18461392760037
-9.171538186337784
84.39913600313935
-17.794449406825606
15.495912501553486
39.88931919284144
-492.9563369571433
-71.87665804820311
42.52981152635361
15.781856432498792
41.226299708985096
37.24417016322829
-112.9116595952255
50.22209901382439
-22.95119706422338
-36.84386734496093
-1.863243962546611
-56.00572588112311
77.82815359234883
80.85753884377033
100.93945054711457
48.58697936575725
-234.2617766895046
31.470834342668667
-157.22597471682184
118.28789714210961
-44.274374951491154
25.17450877695609
107.90021484521458
122.79449329999125
187.64542734805718
98.81603535342805
123.89562638000689
-84.85525555362892
-187.58581846689594
127.01439309685179
70.65982282754362
43.44690277644402
140.54067513058726
1.8116265736121022
-21.687534165517718
130.78566096131271
8.592173384619331
19.84402009915853
109.56521206372167
30.320288781974835
227.64704612378296
34.11682564400195
-41.09402193979838
10.809200337640416
103.23106641262711
-66.69558814607007
161.74780439631013
16.692901411449814
21.466513756813928
-9.091488636414365
37.908036758517014
36.003943125975795
-23.2553224541214
-99.8511304436156
63.61357684532308
22.23242635303299
20.974459987561545
49.639177886433345
32.512314527500735
21.85641629444044
-30.573534399957225
158.45364052810328
24.743294314209834
-195.23581800371812
-252.55227607331744
-1.9985041241699264
5.4464147566936845
14.94039607756531
31.985195430193244
-96.00466148476971
45.12651462910935
-45.410828486231324
30.91282067294815
71.48958126309572
179.61454815020807
105.07412205534581
-10.386699002454634
51.983089220330385
40.641560727014465
149.95837496565127
-173.66281677037887
-79.98394540756863
-353.7279411126956
35.77635435323524
237.80531781150876
23.239539798639658
-33.90627051899867
41.394754983688884
-13.177026661777338
62.75080539102714
-4.1510819534010155
60.71679161580187
-91.80437771719153
102.96964659067226
-38.951652913194266
35.22508272114828
98.59093222809429
79.98971784409227
-3.0338650196308663
-39.39398350281863
30.54241618390697
-1.9502218339092727
-15.455527159549494
51.49918161549658
52.715587201705155
13.089283218677338
121.60547448333887
50.63199045421561
149.74206093680323
7.489204212538425
29.084257628210395
127.17246615414251
-139.23269251551392
-17.68019627717422
119.22800171113386
98.51142573768857
42.114132230781365
-5.268573890697132
7.850493434224518
-101.70895974806399
-28.1579171327122
48.61570858509094
-570.966721059687
35.54563456799807
-146.1363265367454
-21.47584608270157
-244.82245710165125
64.89160809990426
77.5946302197118
37.58385353342928
8.675919468730854
119.14423110576718
-110.86790485069332
30.958161938464855
55.91295521165648
28.390088075166556
-149.866290927097
18.003218028481
-4.787807686722999
171.80664854159522
39.26094320277818
111.88226464781303
-3.87908745879281
88.48121414605043
35.64106549768516
24.594907260879143
-14.611347643144654
61.850236873974154
24.248381907658995
-191.49672507155174
-9.804542326994321
112.50592479084389
17.63925727878086
40.817276297061056
-7.3631973831320465
21.513041796210473
3.5362592553352883
117.88566994873327
67.60081950849235
58.65160072558757
-12.005954716128466
94.00140096419636
-47.6542485537799
-1.9051417989310961
65.71805871715424
-56.29745375150014
84.10547906537175
69.51836461710809
87.02613618356628
15.77695560426946
39.23426894002242
14.109984421504578
107.15694542290703
157.04791883824691
4.911266560646098
111.65176680537297
34.571991585769865
-15.965216132083171
58.79199461038368
-242.81487858355422
63.39463323427168
24.660010546985063
-6.854905139585981
13.134243408083165
112.27789658355641
9.203149704460202
-58.76786586239996
49.59779025167087
125.25700736674366
-131.30037116660242
73.43757466167557
35.36764568466917
43.15604895233234
3.9941484234861884
1.063239772596262
-37.78475176744951
-3.83618177770542
75.6806643690195
56.96995610022948
91.78870521559793
8.788563433451138
53.42630050564276
52.84823529082604
-137.9330666925698
135.97198040045578
138.4828761994595
128.30488558142656
197.57021794510456
53.79099805831538
-0.9449230742301893
94.87963606836047
64.0482714262339
71.4447417222757
-87.94916504234789
-344.62107493446274
-74.20068949871438
0.10758814359041935
56.2090451759618
-3.950366991665234
-48.7027389074301
35.217927049478426
178.8837400915545
18.087836009112
80.19111163066475
-139.44190486503066
67.83348360854916
-105.33890842939016
86.37444406141117
-301.25246412794485
142.2545807619024
67.75154497117975
-13.905291285934679
30.416555752879162
284.82891728314144
72.10946523291119
-25.98165656505597
-65.64761972113592
-165.52934592365636
33.344793973007285
161.27902175934832
-68.76963709164417
-19.772658466581202
23.878799596034327
-312.61616333353413
27.238926645178424
-29.359703194515077
69.05232032424918
54.194145325289924
-97.98699250712558
-95.12816291868148
-3.0446440027817516
24.600108724023467
79.96815278584654
15.572817073779333
-43.31990595082133
-55.11276604074328
-39.763496054134066
20.976506840730508
38.452227878834094
-122.76858561318477
-10.826764892522988
92.45323919408702
-52.75544046730465
54.06817980255269
122.37357645344628
70.56252441701463
-285.6237782991111
51.68651824239737
11.425085733742154
72.19404945009225
55.66239402627821
26.016381372488468
114.91563437075729
26.180473652226567
68.20063005627304
67.76225122902912
27.805146384360796
194.02000270554163
13.63236203001918
-57.05119669271107
10.06767581159689
-3.669400271598228
-11.27058303854892
77.03619482045951
-271.553557794522
13.934615991324534
163.55828832581346
-15.696213896671452
131.56773568847575
-11.567707213338354
142.69603042281483
75.84744386634475
17.65392947557271
-87.83707995165202
-103.82788461982318
103.19593915585256
116.87403871683046
-73.10916279966658
-7.221035616782803
-19.936182615543764
-117.00421698585205
98.37510056584188
5.230454384529482
-9.618555788661979
143.37566071515448
-20.982198117399744
-88.05365104753264
51.132647007453
81.07033146394315
-65.8874569655145
71.29964557148196
67.50870125935171
44.48536520953314
-26.51530979163726
54.25108590020409
46.520589086268835
-197.77093610387783
62.92572845197378
186.66562934606645
211.10813316050462
12.192167132703617
-262.06206333730734
48.000765609188875
-14.001705112779968
9.265122145247915
-61.80183080421193
-18.167662870172013
62.18350941172412
36.06079492960089
-25.906718281961275
68.30810350218022
-95.23463817928759
53.88418263627136
93.82659447891831
46.21540952775058
-39.921561798137645
39.36783678267748
10.942924763338977
47.68319560594301
47.41566290683787
-45.67581158466464
-2.8531809443513794
57.107480728279995
-53.293899024099574
29.60390904604455
23.851382852028184
43.832710711713844
56.96208389746657
94.19458941802941
8.44231712078323
57.042210096691974
69.84432053079223
38.107156668094376
-94.44957756190433
76.4152148053031
-11.528425614999833
-79.95094501710582
-200.40392365180105
89.13341940353894
14.480005268966542
-208.0217041113956
-0.33424055743080316
-24.428295648895073
-683.5061795936272
-451.6810787640543
111.60802955843565
29.616563742614566
121.30883994102692
5.700162362817234
75.25002698972094
-22.010399762536977
-19.95702679959514
-17.095548895316654
8.330767220242425
-67.46103848196708
30.22541253177701
-64.61408472250237
168.5639356606
-2.5014595743002035
77.57951472466289
-28.579756534303783
19.783209135451944
162.28758892490305
46.597211878132384
10.922373075712983
56.01816186285088
54.83134660652459
-42.32887643426856
-7.598277801072634
53.02221249003833
-39.744722159961384
39.23881571758946
-14.201401543614022
118.03491044265161
-11.024363021331737
-53.761792338502346
13.515123828358615
186.3608150974651
-23.419432979267754
0.18905070860364503
62.86818183388615
70.6926172638677
125.89399527036039
23.548192195163665
6.071131531953968
4.146711983848889
29.738501054450865
53.9303477720714
19.6240489791116
61.22755950830259
31.506292420562154
42.775830156161476
-7.3891438825966596
-49.13578402602714
-35.42480037241512
-103.40517914975726
103.84299728534012
-8.044332610944055
44.94880635209137
-7.132611879641615
32.1945876911863
17.516813005560365
137.52193386187128
3.1025801021984307
10.700338764873369
64.24884122845155
24.55900957819543
-27.39929172079519
70.32825551975566
123.98214234397801
-111.78538992289077
77.094069598028
39.23516239924754
-8.838045075576247
-22.669696487194297
-25.772789275202527
60.57352315903722
32.737460897782114
12.669096890214291
26.13831334458044
122.93093901488828
147.75466960403492
12.13771583164339
132.14304209462193
86.36168029036025
-155.81240011102136
85.14598486321029
107.38754783395677
75.64339141848956
38.86551836295075
26.399254332849495
98.2988631115818
75.72664625128584
93.68493192808586
45.62964160330625
-12.83826332125227
273.14384464460636
35.45459833024415
37.34173779382663
45.891830988450195
43.77000312618686
28.543347663809755
84.5978209579389
75.68811761779853
56.94018024835441
164.16309460660295
71.65035527703208
-296.5030142599844
44.45157798132141
69.55855800520828
84.92564983499688
-0.5952399166635125
-330.0333754979047
104.45926510867889
41.09122131486973
2.398996692398624
48.61185631306762
22.782412236246728
20.286902942215534
44.5373668776821
-10.356446028486516
83.23244437043832
-235.62079638036266
66.22896922498487
-50.31106039013582
167.80096761699963
-25.982846247073894
99.47863278004712
0.29088664750179305
50.52376534766624
29.57058825981312
-74.08841422136558
39.27529292350995
46.943196064005974
11.824469481000051
85.28936331009186
40.62414764743221
144.30615948717764
25.39232845788274
-43.10317900225709
71.15334875007466
137.11119759504118
-4.5412862362721285
44.318523155172215
66.70112675538249
143.75491505015225
-12.136672389317097
36.79981498482857
-8.695325924273675
103.41292403968055
50.027013594844846
65.38129150048871
-10.182458387710335
-45.11818011952849
94.09966537638229
41.586949165147416
-21.84413716782173
-10.128801895155902
117.17998003357502
-98.8743132479758
85.68300329838792
52.1543582172838
-89.0085812263842
15.17264813262238
53.6623458496224
81.033286568123
36.96957425460005
2.3123030478127866
-63.74982969256962
138.61335947411612
-130.7834200572861
-51.63870175112743
173.80645870291687
-388.31071947190685
99.80680195500986
-9.767357987079322
136.74868052928832
22.564674120320433
78.04483241703912
-120.70285336605502
107.8738849247377
-53.93797168226138
29.740088931258043
12.070347374731227
19.02888371208768
153.2915149112323
193.41869889038026
148.06067743481276
39.42912817269689
16.835053507670207
37.275883373882934
-31.683890087850386
11.994280521252676
143.66053757552072
165.21371805355147
72.80861902271863
71.84509890441026
181.84661524313015
111.05429148333587
-217.70497877900925
-17.52656041148254
-143.61340761901647
41.23505665302446
5.90252310362527
-19.359730785489774
-87.29746834666184
157.91924518492397
-51.56943186056084
33.16844289850769
113.0614499125686
182.33256933173834
52.14022296116133
-512.9136762780045
86.15166720042748
84.15580273330215
36.727688288405645
-86.6303685597095
30.052696623098655
8.322247206751484
150.06513688389896
21.48334988413484
112.42284788232428
-1.1394279842066042
-26.690638055076306
34.313118033851424
92.8708642905599
-11.624037708587732
86.48289841304404
5.913214319602503
108.25251797617966
-44.5965113409643
-44.09226705026185
155.69192937688513
33.782544153611234
19.034965861852015
-38.436643684036966
126.1285632476829
-44.05379738818192
-26.26664363096453
37.44540917916595
50.494166942851734
-4.677636983559765
8.048416528143207
12.039292116508705
-23.264503359152513
59.33309344880857
131.72259583249138
26.428061087649983
-15.624915732042098
-0.4660621696583007
-156.19670118287195
-3.806133392400845
129.47632047452566
23.34391413475395
32.52904213068828
239.7205079013811
35.80045543908989
-15.615872339672933
-84.07939903132137
28.651132436139505
-6.101371557390166
14.872533528838915
2.157837648336681
53.555662024744464
71.08832921809761
-12.341786131579834
28.20453802236534
47.283854187556585
81.50887388479757
61.6428776135603
90.00967310300075
19.166019749030056
33.555429149235806
11.018379905311122
-2.1237659331068177
-189.57429038614484
166.56025695235985
33.88230905692128
-7.428154699825816
83.73556723615275
-53.239681471258336
5.384490767602376
-65.65495747953764
22.742436010719427
64.91382516489102
96.57538482052587
114.95162949409041
90.62178617816608
-15.018661347211479
43.806405639738216
-13.009067556103815
4.1224518474387075
126.1882135502467
78.63397679914806
-53.687417530983566
53.99505321437664
-109.66038946338176
76.88218651655666
185.7424965854034
-18.468638869765073
-7.304925500285663
32.37648505790691
95.5287074678713
2.731719260018629
-20.42662660802125
34.78275282441442
8.131188211140051
-3.116525153836888
-471.4086372323351
30.12581253324479
26.13016359667548
-178.5014275759777
-250.96578979380956
51.27878208326143
59.163303841009
48.52216766475087
36.27974202420228
91.45335840003872
56.954067908262004
-276.9188286283061
-227.29179695297807
20.555849614580605
16.715345176235353
-43.57695515104251
-20.267245888304295
-199.82088102413854
28.092548541317683
8.310016645111807
-30.77169934888208
133.99975065329477
67.94422307946688
5.0042756075526995
84.96171001179198
-19.043421241584173
8.094351373740892
2.4762065304340144
93.68366774617789
159.1096361959394
145.73348801790962
-99.12742632409208
63.23041497050144
78.20428422973976
-69.24608939084575
50.18971942432813
48.08593137534555
52.83067140898311
-81.71628923643699
0.5033550972950193
89.41851583415274
103.96729698268382
43.98001405559535
105.4086329467359
45.9266386484588
-32.97135538096233
103.17366663204757
81.62512773452477
274.2886113150753
57.965125248073946
112.27940437510279
-50.098703205574566
59.11288755111754
2.4830434328432602
98.43883049990836
19.502171766209393
-82.89648447204308
-5.5249808284598965
32.61629111813852
97.24095335418781
34.61006309307504
64.5837092385944
13.113646492227383
41.237374398658176
-13.637665799890987
140.43852339547584
-80.72639273190362
70.43337308894735
-34.315467764614596
122.66871189119911
122.64517004055824
-45.188082228306484
-47.410114692885884
-369.82222693136055
75.5965318555352
123.16582074064172
-110.39598463050606
47.58675219213349
26.850051934831363
71.91178725111513
110.75518818693286
29.579815537865066
-159.08308065528308
-6.153408840770709
32.6911721360234
-13.462766795784773
109.34266828685895
-78.34940626276642
70.46844696679273
-20.389957056544972
-111.4653663437557
-201.570574603978
10.214372012383478
11.508594147380446
78.61905405180977
-12.278842246486297
88.78870774331608
23.529911534873673
5.221169012044811
13.80151600810235
55.243584406640366
135.29494467216705
54.22612814134834
-43.47619006736883
1.6722761100238586
69.73952846321207
-29.647268394384355
59.606751975694806
9.946517219751264
85.19608653834848
-5.691783247207171
53.928141833651296
50.20276776384314
93.54878530279689
44.34277196757219
-8.60813475253508
-20.48985148789956
-7.565265892836123
23.59761259995698
-24.499697350679753
-96.57346139745505
-48.80471756652241
-51.27423302804846
23.925649314335978
-0.7884812729022492
174.25804323312968
122.67964621424608
100.26268961044707
50.860697674917674
-140.3504136888605
-132.18579385333942
68.02068638885976
29.518005196783577
1.930216456609893
-13.976801107606661
-37.38996594162472
26.717327880949455
1.5758867969411767
-21.913250002737186
-32.21762992494271
77.26467648753749
75.75385091362446
20.933698490212638
-8.890412334118023
-177.22012222343892
95.17803747890275
-1.820686195405317
-0.7607557547778685
70.99984504239683
50.28141312573507
44.618732530758734
92.10999936837607
-99.9636503804968
-53.682361539837984
52.99658652791976
52.799348851599625
43.913900061486856
2.9863494268397517
18.22465863429062
19.82533819715222
-4.744993431624152
58.79484340710633
64.34810830876984
25.482299033110436
-53.0769099227673
10.909773813250812
38.60156166868519
69.97962641218828
63.112966611960246
23.57890572321577
29.716439183817272
-33.46481243111673
171.89609758192864
15.449273253878815
-64.18990531655602
40.88193181845992
51.6423866046101
-25.085755372227265
91.55535373511884
-19.653691447475467
59.96451641314707
70.74974639610605
76.2517983190809
-51.969656989557734
87.30360211684388
149.2963346398783
63.53806611424147
25.255099006705564
87.45835946618695
64.29738680167966
16.78064706050737
35.67501563588709
29.610697408554724
18.36017514641137
-17.14857863115762
-77.82256999839137
-191.65741838863323
76.99042719998533
166.8369296954238
41.08522581310971
113.16196892720382
74.44156166530473
-180.51211886344754
74.66410422678746
23.079219920032216
-105.80247703004079
124.26508825172414
-53.79862634989146
16.324898128329338
-40.37169785894275
26.609942200410575
-21.434756232231848
-418.4957321871547
142.72544193670547
58.35442428852599
-52.44072154245259
46.052220003840645
153.5655175784309
204.83772394492235
-104.2962022675888
60.62130626805083
11.195462848235
-21.49031311694359
21.139118829253707
31.08376439811309
48.588614086381085
157.67742816133773
108.07527681425063
4.781019973010734
11.700197203790193
59.74929074175725
82.13621132321077
40.029233362789455
47.862441809291795
69.21734662237714
31.020818817941972
50.2687751294622
52.983017918762016
-8.587333176771446
81.49678492860221
27.186871767724767
49.70151746537711
178.6895084826574
69.07000474129964
86.58344049370544
11.311410301197173
-129.6271330117179
-13.781584572411358
-54.270554861369284
7.661961590597002
126.76046409657783
12.824881282666865
-4.697520639392116
47.590139170871765
100.5523157136522
84.7864685830964
68.25039372212697
82.23269783896876
-24.50302510484505
93.77327087945184
104.24690355512803
114.76289057919439
-357.2972679863268
-47.940953447312495
7.713291123097804
48.7654402787706
178.56759275561762
65.65157280530207
60.56800555262015
50.98151319732508
53.2275403780108
79.53163545098869
59.180379879288466
-38.273203651610615
-16.597771014172963
35.036520136145555
-114.43589940080074
18.607553240358342
9.328859467780774
128.34447979013476
-24.38542692866915
125.254090296291
140.41769693090168
-12.535333267626356
-28.729264215987314
82.6210395714229
173.3858980757177
99.84963569296383
-89.81893913056456
-61.072442019415575
-48.23629216451127
39.787680508772176
11.28479859734125
73.24414064559946
115.08151645252337
-451.89698708762535
-231.41091062609667
35.6392681647726
24.117690635565417
68.68584319765989
-16.70256669519341
-32.51779068852034
-12.802552361307388
2.68090332976044
-1.4025954710665474
46.32663040252288
-67.98475837385922
21.874376881179824
112.0951904853166
28.456151628373675
135.9433170770667
37.76712779890249
-11.696481036711209
-84.58235797874477
32.49833030844911
46.51435097919483
73.14279059708133
11.837605218557826
134.72230774698892
29.312785255829567
54.88705078524163
119.14587467140802
-103.52731018077384
-69.7312306913609
92.62765607809206
63.427214555527
-77.96768752628259
44.10405021954546
94.01474453299124
-13.411737183260488
43.00466011974095
-88.65020378196459
235.6700439560036
84.65772467864309
-310.10255831938
-95.34598507103783
18.99021087643183
19.967148136054224
-142.48681498388214
21.652287718575085
51.35103301877007
51.921577806433646
87.53761848357249
151.87267968586775
126.58951735473556
27.620026809219667
24.753210260419145
41.227858941591876
-18.987853406581806
189.2734539830417
39.62420596324432
80.32430294534284
12.580153986912503
-60.27861446577392
19.736231506158138
196.55058887459654
47.14615949107335
28.89176565628954
78.75574757098958
-42.34068037204179
110.245839785817
28.973955606705577
-144.0854057886486
46.15768656153796
11.17853273742009
122.25919996272478
130.02416226763285
-26.746618956515796
56.42832505551269
48.03957761611778
197.69853540495296
69.4202402085417
117.20641106283483
60.954559766190414
10.352704620005188
4.787216188734676
116.1144114699473
186.4273818031138
12.630015832619963
19.272017069251888
32.35893303514564
3.2569874755704404
54.84768985238985
139.00776104639135
-55.22276834110657
70.8585867918465
27.95285745179126
2.0891012387056875
119.68923204528801
-13.73779471168973
39.55325280257091
147.4244116552045
-2.6729568164617206
157.95784756385274
102.77457673377728
75.74912135952246
63.45452677560934
-9.552185651831335
232.8184272222179
129.95588565822118
9.418244547427719
51.584766064668656
-89.1113371190595
-0.8116905425769096
31.60935079968897
64.36630666141241
38.49141034280997
-190.55484740768588
-27.51769595273072
125.11582594755782
-537.7933010560562
49.08315991097696
140.94686685173656
1.492504071044212
89.59237096519814
27.35811780733775
-49.03702000795147
70.6803263893438
88.00852693751631
-218.1411515238624
22.615484004511586
22.36786980511414
61.105811199485245
79.61723565221098
80.76922896804018
79.96662237989312
45.29175013963686
28.02082874885784
65.14572814503197
6.032572775186297
106.62506881265017
-23.85615622010782
-12.910841284457092
-6.9297861640961855
-100.41896874541908
-18.434059259947844
62.40060195494678
-122.54276030314486
72.0023556523018
120.07619886353223
52.14382968413344
150.84548684977244
120.85727101045404
24.423431062841484
39.429734049644026
32.35729644408639
18.806939392020517
160.94484806314358
63.8987264104594
-0.5940810850040634
4.4490980891170695
27.07519136938845
33.645601223170615
228.33227352722406
41.878332827674086
77.74428692948845
25.431437838869577
-29.60642696720043
-55.9670029687983
24.396171815890128
66.17947700599461
374.59164410702033
173.79483711192415
1.8666731230428528
171.0784948686537
183.01814502525622
27.859098395281144
-34.233779066989854
-22.683715836658784
139.16761192712897
103.67033294305065
151.88992434765805
24.88187282274613
-82.9310138022006
41.77207389972773
67.12954001371854
23.858812696469652
-87.69835533296009
-4.496521178996729
17.960795824713614
-35.88743528280702
93.5342742615228
36.34010837359494
7.02300638523199
5.758787583466528
-89.32747017858765
123.79629950629032
134.86768731860252
9.382583306343689
63.1422164045826
34.76849686382973
123.83088823802973
-62.10626519577772
18.877380763380774
3.1228887856956717
13.516090862250167
152.15144873425606
42.06526572186129
74.94955852795053
-31.15899791088532
31.988757935448575
16.791010406386192
107.70599779431814
32.63384464123663
40.238455455071396
18.18786871753365
-65.76713992614941
79.06950837623435
78.71190807333733
78.67538366728849
37.55437477109217
122.80847534569193
-46.38183337862847
-2.3782343700995625
54.24026340565024
2.8492073210271314
96.14948361623829
-13.202593162261214
-19.230128590590112
128.54924357083337
99.7839404877941
6.1760109723206975
2.8674062473952233
45.634572760098045
-84.34188238017396
24.60143037976644
48.56706530011559
-167.7383734199675
2.2562286557314906
72.68215052960329
11.761490260804692
14.379365892484493
-3.613774488602303
-0.9142789468486854
40.49676812022335
-46.349607220951434
0.29528051940673095
55.707983699879875
39.17322479345874
226.84928132694267
6.613407155319507
255.6625451291411
41.71204199226986
64.90707680862423
-3.5500098783651444
-129.88429416878898
-229.82880358811963
-132.16628113623432
-78.68697976181602
-128.0505006833082
-22.189732343551896
59.71979598138603
79.74150537800415
-12.08087840444228
74.76228437229696
-67.20898558265216
138.00560193250067
-82.81335117966273
194.4107077136132
-127.2939832014672
105.42265651771868
-101.39096751990473
105.04225173208351
-27.041975887149118
48.58817802617554
193.30391458600388
86.61885294776539
132.1503624103916
84.81113589463973
64.16588899433495
18.652521177854773
-38.93816565669561
11.392492531620064
-520.9064896996832
58.102904041371445
45.2147981699768
98.30514324236196
-179.6192650869002
30.383439583549034
25.988894735681185
46.37043013939901
-62.90940912574581
256.38796980886036
181.48290556541497
52.06068819538616
71.96903966629543
21.960690042321403
67.93564035538907
91.85534599354287
-25.2503802684123
92.07675554096659
158.7990981433527
-53.63508858563728
27.621428888172964
-0.3648896810327642
137.44379660356117
5.182882435746232
34.543729201295434
62.692915507836005
98.96811029916432
28.223355302385396
3.838933470549857
1.3540618964156526
-0.429848318037207
17.91954641685036
13.206507146278646
-94.70712188404356
39.140197430364644
50.81305208711042
-24.528158333122065
7.1816847872135625
23.519068434141477
24.301147989247
36.519854176551235
-14.194597336594597
0.3850808729226145
16.214909376779815
34.721274910779506
34.01225060392687
105.10165815453593
35.89468183381113
138.66373461867215
9.303535309034915
-185.90729983728536
115.61535724011947
-22.165513217872103
24.118430388572477
2.970089544592321
132.67210491614696
29.759858131445583
34.3449747888358
107.16543570333931
16.236057508215026
73.81792320090335
42.39113961273148
-48.60921071164239
30.307196527861645
-43.939186865966356
167.66032674234293
-73.57411884917838
26.98466709214291
-68.31615252273787
-176.40792968984988
-85.60029515574888
65.4405574979572
9.923998221632848
84.36703381410916
-595.558511898307
84.42184368008981
-12.138359674925596
53.030278901038
95.08100922882431
86.13418244560216
-106.16426893239259
110.37216571858653
-105.1991400078432
-640.8233306714077
206.98143587017512
107.41798505912857
130.0958454643087
179.30852379085354
-16.096937826977864
89.78688331664898
-71.23846313491504
86.64066249940242
95.82449784590244
62.67401971763768
147.59559709557698
100.05394815419595
118.74032182610745
-49.97211790268284
25.706387932285054
111.13769016369895
20.29091711178944
28.547860486762318
16.451601048886225
0.6178260661805168
-84.86997941274421
63.53867372349151
30.778291273549325
143.72202659448294
44.378947994374464
37.10923548672508
138.82469900354545
158.34770933766004
62.75788449309883
17.622882258342997
144.9785515363469
1.4331433615152491
-2.9754593341618354
50.65470076746899
99.21105269340842
146.7294582910581
-65.07550605131928
19.41104461832947
12.677150599210677
71.7363489263239
46.31085199645664
-46.22048753973377
-969.0150082168999
29.73753506460267
122.08079882496531
114.48033696512584
-608.2125858664034
33.945795506998344
-19.98931578296424
39.22916442915057
-22.171474627070385
43.8728744960891
60.924039332437815
52.31616713194671
22.855925464689335
151.72992022050175
57.30790532147608
56.864941306727246
48.78404643957418
184.85535836204554
83.36577434513401
68.41348465480434
68.80090745080985
-446.4827740743467
105.46345213759082
15.482376341255005
71.09796215624306
-39.30261830165532
87.44143976463442
239.21435151054675
37.59251491498708
88.2145702086051
200.5865687164337
-127.26560103666588
5.561729910983628
8.358487024203608
210.19086254593094
80.176800674079
13.25999240753481
90.58521270716528
-14.563037726357594
24.20914487921982
45.519501593382984
20.247160953557803
-74.16202394715674
-21.33119926432244
23.62528616962257
9.302986872772635
32.34548773298458
-90.1774183866819
-53.740741910651074
-233.15351210676363
-32.43447930430057
-21.43757375276664
1.5817035797248007
-53.411190533541685
40.43748847940094
134.54351346439307
147.79793355221364
9.877159335797606
25.03949045015395
6.536984066534355
58.22951037170732
55.382442033546255
57.97571129678204
188.91727603345498
101.12733943267017
-246.62770192929383
-65.45362773933121
136.85940688375103
-71.2046874839998
30.31819297138327
72.88302986353824
7.359269793228146
-77.04310332124305
-45.63515765273996
32.80134574671129
3.7079654006338387
73.28318156856034
-98.34947284390182
-78.23585099340698
73.11293501058901
11.36256459428023
-7.454802751398262
108.3799844536997
119.19270110357661
-15.71214348797251
54.44797781671514
-136.41379516647703
28.070377423632877
4.3066669650534095
24.61911964523549
-198.3914583219339
21.304572572299843
84.56420006430153
34.36698580619599
-28.86535693556947
150.99004723821326
70.92023568503377
19.433018494173883
49.76596895460557
36.11521892887376
162.5818798852256
-60.86251533098903
58.743164336315026
102.8170010383601
77.49057344552432
87.93083831104454
83.1818932357383
-134.64530061121096
-70.60494694210502
-308.6345932661525
-60.939017755665176
91.46188985279241
-117.79897822053408
88.66392309427874
-131.72995905327116
141.02187625695456
-104.34054456635113
23.495761599599078
63.67220520280293
93.49241356001085
89.82628930983833
113.16809313423437
-1.9607477035993952
87.55745051865773
39.471687716959295
49.621873188113796
30.784285133902994
87.10304707303794
141.45911751826452
22.470204443304283
226.80450041854237
-10.27809102762901
205.3055300106339
-17.368886165430062
-9.591092325308392
-104.7585746374375
22.05843690554071
16.310694751732765
70.23021045164893
86.24673544105553
46.31072687735468
-3.6262434451397
25.72037589924912
33.61768824206242
82.83878451650662
-23.018249613639455
18.118419999501878
50.40146910960337
54.8911752508393
67.22261956873535
-3.4825475332618225
32.26839185787089
4.692133022270809
-229.30764927369728
167.97011965159163
70.15050890386162
140.4938930942917
-121.10861363989352
95.44985486183623
9.041112234311711
-217.21847794940913
-108.88867771714467
212.47062156954826
30.043823049717037
14.993723844298003
101.09178915947018
82.80632524993649
107.1868094582237
26.20562562166973
-13.284845739432058
44.51934489121693
157.7405189161227
-88.13930510552836
-2.227483644178392
64.09929305275023
35.45158388676282
38.045311611836496
-160.52040687389672
63.446107820188445
-104.22426858134213
-25.21525713878334
57.85534660451171
85.43696275402863
153.24762154063455
-50.085193567350416
-11.517550449309965
-117.16894678384779
134.03586680769058
-76.22339978329924
16.020541930284622
48.647590641016905
52.08769350888542
181.6534757288573
71.29889446865832
61.478495924517574
136.40237220332165
4.697857181675156
76.12635185183638
-4.362663863031685
-34.098985424101556
110.21804942397603
-66.75563896431504
-10.49525153886917
13.60087049582805
111.28158865492378
155.5440087073066
29.136431235504233
61.65898412673937
94.25714402931933
69.23807773979092
5.768848255807406
54.478578594546434
8.083173178083523
144.3186508797071
-3.9652833037874946
50.096383684625295
27.455080574351996
21.217492463002124
58.20028199294188
-134.89454921532888
1.2516648974792588
35.69008982510445
-779.0998827148842
43.40239085830876
43.58388198990894
9.618754520568375
154.5838949293725
-204.77524197883986
63.399646992068625
-22.434338750838766
-14.861118671746034
54.91179513897947
35.54965763634617
123.0032071943599
111.54940681319408
37.33191264597453
-53.56249261530223
19.516651882431454
14.26957395411025
-5.1913025200869924
26.702868329502962
118.13752346814226
-0.9779820442593063
-41.422938519994204
160.35746399189293
-1.1663348060193128
-28.94397561419828
-192.7346789770545
102.14797160049056
4.567382880720991
15.453246295531969
32.28706200013333
54.21758983891368
-29.10938463330632
-140.84529802440102
236.57638249798447
61.15668296335636
-28.426753759528765
134.14489957366595
4.4079849326944895
87.09800853549905
-68.56297352023785
80.46424738553651
212.63439867978468
43.728721353569455
16.505206471231396
29.838809492382097
27.73629798293041
-47.07437697681462
93.63102441735373
-130.76638254199906
140.56424972674995
-152.66885179057317
-34.60121958616277
50.287862164134
101.43319624688593
61.3962751891184
101.90072400365284
125.44676091680981
-95.97642547908981
-694.7606389963183
-152.10362899324474
189.11264604426924
-15.606338557900642
51.72518218111501
-50.13955644866974
-9.856827397341476
10.577500645312009
10.064267419287205
136.02790319896235
29.290562025300527
-91.61097339387698
43.2235907940988
4.955997128974619
-123.69698490568243
15.890769433949728
16.463288123261396
20.91500569450675
82.4245985884931
25.229820095439294
-83.32590794734506
15.970135803775545
37.14514691231027
13.006785927919257
-11.600349897761816
0.18203052999342617
25.713021102908893
25.54766215289783
71.90026615005218
45.65588772604099
263.1218934335693
-46.883705247964414
55.33370915847584
-15.860064240826837
42.47575754658965
23.40759170761092
37.10211213391722
-59.66239442915082
69.5425760806793
-129.0648308981181
106.1989519854128
-74.5738970839111
64.47049193506967
1.0047218980221508
9.329955156294602
165.77984862445192
123.05367802259389
-0.05423764360880057
137.0358605217807
73.05697277348918
43.13107974020468
8.758327797069954
12.564848279020781
64.32576687806949
36.58288635645056
69.56378721629926
76.7853242811857
25.684701399291388
-108.74641667703236
55.24632832106681
78.4546123989387
108.82549721824807
80.8791136274782
-25.791854187567424
-25.058777356060546
53.19943193212089
14.281672692898994
68.94237935993124
-11.664053204647184
-23.30732184319246
63.8300039973974
-0.41997356435764077
107.65717674119696
-12.89994861830494
-23.73096356683463
-19.950609582524514
122.77779125396091
36.173522901091786
185.20569791299113
98.61917436868907
85.14413033726873
13.676610661738778
22.69758000309103
24.367190766096428
47.096335330586044
-95.14767858805317
123.28299790456481
-51.044094103160205
-417.35622065836486
-32.54961564405324
-65.76463934402864
4.043327605951034
70.83971406686987
-8.196019762119215
-40.72177992568959
118.24569358034341
-75.92152569642076
-139.7471133449194
-1378.323202202042
91.26587540375021
-43.73270319256246
-9.015385414732107
79.66324947047622
-8.268336104560797
-135.63819859955584
-22.81949420058649
34.664988959200386
52.048855846121626
69.2319575466372
12.630528604430438
47.94181377408586
75.26844329654068
20.50751137297381
52.35567451393649
50.67836420518034
-7.313339891680656
82.24870445903638
136.14792529591523
47.62130429248711
114.45818471824009
138.6594995813939
66.51169633522218
9.37566336366308
41.40729176173244
194.85466279877255
170.83517855047467
-0.10635457072521604
53.67222981285249
31.41912858199703
7.028368393137287
-11.433829983478972
154.75150551454703
-28.791518034941873
70.43623893072663
85.25785350208116
1.4259245638107414
65.38884432639622
30.150970820619932
-60.099567364909944
38.24863222360022
123.23160665591104
135.4196361292452
8.535051666736907
79.56845942244178
-36.291656812458314
42.31220203044086
142.89157206344316
113.27311399066139
65.18791357239934
147.6322239930396
117.31885226543363
17.625026744282305
-7.378490244792374
3.9722657783330106
-14.973588033359192
7.038653310092486
-188.81116515193844
9.575271385466781
-107.49251101676919
57.523675757551956
-9.635142958321012
47.03124503116194
-77.18902208003601
73.8591671346926
2.708859785451004
16.494227431239143
28.079431898886796
63.74419202930453
-107.01791899311138
-54.016600279541265
-9.945490834469467
78.37698589167667
-22.134837992679394
-674.9261023719446
121.79609872003448
61.590570137031136
-163.51659450809257
65.4216741029926
300.63231775346685
71.6627803595793
125.08468566217653
36.87831676778472
121.16107157686565
58.072510268883164
39.35883456280883
62.92586000197423
-45.931293625336366
30.35388935713935
87.19154406687994
44.90238537699349
32.12376386891674
68.18661270613387
-37.61948582701416
233.6450388013336
171.75571513571913
80.49244525620836
104.93387265945603
65.38537033715738
61.00492347352624
91.71420681077166
66.30004657200266
-33.802405549728064
65.88935049243082
47.206373111845465
-10.775709590129804
16.353936105068826
25.124507937094222
-272.349213875877
7.21244537928589
14.135194357936287
-13.79638632543174
-13.954686329526794
42.297004931176986
140.45245915192845
173.45473378904217
32.792133058547165
-17.385195085959253
162.14537088364523
131.55055419642213
56.87653813942461
15.772268091011409
-107.19129600978067
-39.122902272548345
70.09679839199907
-48.47032995750643
97.25314982751524
32.34192539720728
127.55038381679606
31.916508066639835
-151.64429675413908
78.67218214991908
-21.2558391380162
-57.42765133499961
-313.675670342157
110.5340867891523
-132.09102593993066
108.67704551283259
17.569966013454632
27.9977685975107
-50.252700414474475
36.5206692537667
50.8594456312253
135.3726739536096
12.001702545239596
-131.51162601213537
66.29779584925845
3.1368557497007714
53.92661321508058
-245.40320283456367
51.2136578248246
82.8180750424313
70.30878799057564
41.3834502137463
59.53716985848229
29.36980023763681
37.652236064666845
155.68285484719536
68.07777318678473
-40.43099820756197
55.2947317277567
107.99397952913296
47.83594635332362
-164.06637115163176
87.13035863706313
-262.77663290820874
155.4154937222279
114.79135578580849
93.9500425634298
-11.578475871580565
38.74074863554277
46.5824161974582
-108.94589434189993
142.9295297855806
78.92442304645792
24.257366786345226
35.51043886448224
61.056948622653636
-39.351521833652896
-33.546161705055965
15.578966054866669
-37.565371781246085
-141.39949830997193
-113.031353060338
-136.75639333934532
-126.6650009037312
-31.85722667678465
108.8276201792653
37.199549512292975
-12.20259138993697
95.6519078035094
79.88837958735684
0.07835765857746324
52.64799452729147
69.07504916620434
58.52339053976789
119.20954995167267
48.980063050170315
-235.6142184234759
84.14034488503171
20.869907218644585
-142.81546353887188
-53.915532987452934
79.82171395910018
158.3278231322006
165.05491995866896
14.255812344602816
29.512090354771175
-61.96584731612165
28.237788616372512
-18.467173664256727
-154.339977929224
143.67614523227007
63.44128470738451
55.26795571540515
149.87779113991337
24.30896951642862
10.534065864374782
54.12389940317098
9.592007297522741
56.70005413751829
7.929323504135937
212.7436911199202
129.18750228199815
3.621167386489769
78.10435016319633
-74.76270816354418
-120.68567816393534
46.64316214719135
83.26325231217947
124.61840244608265
50.97410185126853
11.321120765351997
44.12568421138768
-333.6861016009734
34.02281857138249
31.425620625669126
208.91807096460525
83.06041625345051
5.383773716124588
-222.8388103033285
11.112378606251042
-14.48657320338134
-26.47699985957979
78.48467273004098
-171.0037794048003
5.1859896694346865
130.21376925261347
-36.256699426961404
27.19779313121201
25.78364847907551
5.48724179287129
-47.44861511340766
3.0820772201281343
48.53568165437255
1565.253422413276
5.416058695877003
241.04838500779215
-2.168594755332265
61.951851194660776
170.78948366362602
-101.99654199650604
13.807854555649449
-176.08162598611807
24.04072017733813
55.25689551564024
137.58117857921843
76.01498900389288
-74.18756083086873
119.50484507188207
61.05111598200165
-126.37092239904723
109.81956586556453
74.44487543853108
-102.4808980050916
42.80862597842875
37.738877369063225
-219.3213014304656
1.6668951929366103
147.73826412605695
100.34342697475404
-56.383218108852226
111.48803177798891
23.366272692886298
14.862975286336564
117.8522091361541
-2.6099469468471987
31.51237778710356
100.99393893006527
123.89147623254621
46.430161457181995
11.922865142717
-97.75141088131068
69.4263045987451
-210.78224071833074
74.31448611958479
116.31690697089562
22.2128950593304
-38.53093854683948
40.613365356661916
35.650178484603614
-68.50201202836797
110.91123938255168
102.85226017957297
100.49505129268437
106.79567083526945
12.791012842033709
116.63053454205783
-176.16114172994548
24.996101811663067
23.236305656792865
165.13501816271764
69.49472364464415
67.32080251778416
65.0966774998185
27.36521068612069
123.16612315557177
25.39729874446875
10.213510676182608
-63.90724367391249
70.84651778742051
65.87148021265114
7.066146886583117
74.71653937135034
36.37260074076319
248.83281170769624
-20.090470435695806
117.34779501809271
28.50768262000338
56.243215413244805
-4.9352084899937605
39.98598067036846
29.754714099206268
117.81823692079524
30.50078474650276
13.188604929688381
13.747167553014352
51.25855903533733
-12.743902886465094
-142.69981932986866
231.71726877238598
143.58618386035369
8.512497621639888
82.50331463925522
23.37770905497753
101.37810156305068
-0.24831893815791609
24.629364774703973
143.19051120244012
171.39091473272492
29.268025408135664
4.126440061791072
-43.36765356979322
188.8365986392496
-19.07185198799532
24.242839078706144
29.47681662021205
-72.90495182412906
97.92482745634561
-15.287242822026432
-118.1467391021979
-105.69481234029581
109.81670991429746
-61.13300499089064
114.23551460750195
-19.134791842525495
64.05161273242494
47.313565249497515
1.9807281487613209
-11.621539140268396
50.75237767573708
22.285846385723026
-147.74019764054628
-70.64073194420871
-132.34672186816715
98.77119436079693
-154.82721196769808
47.09905412292164
127.0713004252184
155.03950218481168
49.59101570576159
24.6717618149611
-31.816928132358647
-10.217443525947472
37.01852933120025
55.53238653154064
97.28614071764355
-45.17660263394055
37.58886885853235
-7.087447762279453
5.478377106154564
-183.53993772441663
19.502014044290263
98.01866980642444
-86.69745411653821
100.18121125395157
-51.83734811100817
14.003421096556366
26.541939951438053
-48.740656246171696
-11.823341567265743
105.27418494051017
-36.33946007970735
16.529322487027525
30.460940518907137
50.879227598984926
138.1575869035264
-29.293026909474936
-52.270265201445454
79.53293332640214
20.63153295105576
64.41320163117513
37.401735994112755
20.869943054684324
-448.7320683794569
60.296858499690074
37.15923287565613
82.51883862669627
29.434064923192636
-165.11371044458747
6.868142328686636
75.96122378979328
52.52686564253449
179.25148805476238
124.1809226583664
-10.067604039494665
14.01901100126204
18.386548309229312
-14.892775295483927
67.68512719241093
-63.00749807390258
-22.47537876595476
-23.17087880793349
134.45646180601216
-22.425467445762052
40.795264340219376
66.88908395528688
53.946155535585575
51.38138776747913
105.83866084672536
127.44356710219472
174.39367835239364
-109.00398537606043
-75.12402384600773
-207.8737388372847
168.70620655706762
80.62866677402644
-57.66477663848218
-558.0464032361626
-39.58332624342438
-39.064944866050155
-109.6946045843498
-10.418859861592637
58.90132650243809
103.42711504956196
-19.39986734277106
-65.37191745189641
125.9331634163359
28.770206752323254
16.898314859585753
-25.47801257080937
122.31077642416335
2.6858648186814946
82.56197589870135
-120.89520284078571
95.1965876637737
-0.21148856226683538
77.82854405030912
-3.010951943746477
80.81707347821157
60.114956176560895
17.163285754475936
10.980746081929905
137.22483329322495
49.89332833219806
45.59505799360659
27.517165722410255
-1.4792861418934868
109.66460885245715
65.0546982351176
64.85785344973078
-198.4160609687051
8.700766878391732
-124.89824378696676
3.0296218998346376
-0.7165199170476626
126.71671890802077
-111.71854595521745
-72.69427347529154
42.21631285212425
15.208577043032165
-42.53695516073354
21.6994257961379
13.208540293012785
-5.039447541914789
37.80751118668377
293.82319295393154
28.143770472905544
47.832022217203644
33.3692483088792
80.42403528137538
49.659186231208366
52.28610479522558
35.98814230807309
55.1804221641915
-29.603637309352735
43.94516327048214
43.98873218578956
152.9850900914862
-21.210478026763667
-23.267717236669746
-228.3246721467599
10.413594388411322
80.66728383456984
24.73230020423575
-56.51237953705686
98.41032149199145
-8.954542744066202
-18.70795445365148
-88.62930290345872
-54.90449100290243
79.326264888136
57.9931368124691
85.87344682217395
30.77744880433511
-16.452568706104298
-56.79949422397139
-111.85776388902468
94.42630041387247
20.015740839953747
157.62911996020875
10.94192586705558
30.987722416462475
35.28446456794724
90.96517412505796
134.92895066120445
69.66397927843713
-31.00583450598727
2.834691725904122
97.3514120943446
214.27253928615482
174.13012673983803
83.8765544728364
0.04869904819588555
15.889815412002012
-32.38374001225452
74.4420311693375
-5.060434771074972
54.613192731517834
49.17149683240041
65.1199266409426
130.11996519519334
87.06639610435786
-34.819660537057395
56.34119011676728
42.16724582440464
-7.776592814834161
28.448110429554227
-7.703851890732447
27.549060860192526
94.4016958588129
217.97636067068652
65.22310324385074
6.266645914423265
27.36947447767352
16.18551930207135
34.7541530050294
9.870362337846188
8.780315368874732
-435.80057106436186
-135.22442171348666
138.21627106762435
-32.59363624866955
132.35681809251537
59.82704198246836
3.8317986387060046
-15.801693625802727
12.460319147934639
62.059100752607264
138.40916719332358
11.792583707975155
63.25224630808589
25.064630524876982
-65.38731119267504
46.25201991594839
111.74451788714975
60.45257197940714
36.084398209222115
11.547435272851686
-14.153048766614296
177.68781334570167
53.021033889653154
143.3483093433665
-16.776524281068045
-72.18897945599099
16.357255377561046
-94.19100572865409
-36.697558694696454
42.93448429799252
-199.07154502471803
-4.590337948079166
31.226262632338177
-135.02924413341225
-126.20839750031837
7.302842186544694
119.93703234508484
118.60852132246418
10.726454196429586
60.70179998291769
27.24409116044626
-7.132549292410658
31.720056872368787
-2.8380052150988604
-99.97850923303395
106.79537127584979
124.42422215341685
-11.718506620087767
42.66769462215766
-12.702355982080007
-174.90020677222174
13.993387249048624
10.963125093755844
24.354235783555257
70.6685105650231
103.45617779100075
18.53978675025303
67.86238118415378
8.729358564403956
124.35704323279697
51.79717948194556
8.609083158916519
56.062597860708024
124.8034061872662
68.042524316482
23.943716812448656
61.86872729837455
-4.364878830341612
67.29736191851946
-31.275271169934303
57.40703031348235
1.114317819250175
-3.019954596719799
32.901879749374594
-23.913161366828717
143.027055507946
94.0517297095787
101.64572321024559
105.13409229681201
-707.8247860919955
-0.9144226944595175
66.44468516068127
94.12783640936152
24.21931571961113
92.17851627222262
50.371364995698514
43.71553364850797
-22.099785991864337
81.1720557929591
188.293898225274
18.336608086339652
106.95526567167099
127.03295550885696
13.173710504577357
37.399096309241216
53.799352873180396
-63.58462337833089
57.562360529765556
76.53717710437331
175.41833668351683
52.33719432755801
47.47470003313563
132.33098525174182
-87.51292044104987
37.58023422805866
179.49092842109712
18.606106281845086
79.96412330117937
3.4578349144667047
26.3444609383469
27.08253566231661
22.743068911428214
19.8211269160352
22.524401594464567
16.91822477514116
9.087476474339345
27.256820747841253
30.785986549052193
7.3799090188219765
47.14755384866368
24.15261581004833
28.688923193141672
13.989869443711989
10.137837556193972
48.3013649885288
16.023201954898468
69.39891017362635
114.31934732468414
-11.635691830637345
-16.13829780313972
45.653185843039246
-10.665834809449368
36.237400653019925
43.19677580662742
-90.02046968457353
98.87135087305126
35.54888311283838
-80.57932436348165
-17.448532328212256
17.255762306285348
75.8869454839728
-161.62556574094287
12.561099960312504
-5.066727338244888
59.25201498447575
5.3680643740379566
85.27929277442871
120.46739922085953
131.63539435981738
82.36254556793398
-64.74138270514231
77.00648527091175
43.009484010971164
16.406936719275286
-256.2991497176572
-38.55280972679475
83.68121986470192
69.79881870872862
118.70375503818013
-23.041109385760603
117.17417356251428
-46.16831701229603
14.134764036058584
-10.826855413677965
150.18400054763606
21.04136144483457
-8.210981130180897
-100.13731190103044
47.142542928166144
-21.077736765359532
76.01101137748992
-62.47438603120645
-14.103917990544687
28.283919251016613
-29.03657621961824
48.37160022228636
-34.79737290521916
150.65252903969667
117.7387448347306
-145.99085228108424
94.92458940850543
19.423298705476554
82.1415366161041
-214.03409983858546
46.672382443241986
71.601562262073
-47.47629993998589
-10.572729865403744
-5.851972712038101
87.66857175700807
-21.438641204735568
9.593953743469669
18.715397152397543
12.04137080830897
-10.377486570193977
17.872637168560846
55.14843898640317
43.730160816459374
91.22990832493224
18.731897049221963
21.559140808266875
62.61463093287739
-48.0843718381821
39.80117621043267
116.93623246342077
18.421747258803066
-114.45811782080182
21.741291846977504
46.03923971754364
19.4547947772935
51.88837652878772
41.34704722534934
35.6195821812031
2.6349431148395484
52.16799671303943
203.17704321068277
62.6697432395531
31.06880555937316
39.11269524209274
8.051248690871741
57.40415003092767
30.789558479457522
36.0678133033669
-41.49903630132985
95.46896823264842
94.4540938657874
7.425460295508938
29.62849925558055
-20.873369424707107
-51.651511149331995
32.38865374736943
115.22213738419623
-3.2125853810716762
93.01117360988428
85.60035156322328
67.02139097275668
-19.826973212217965
-8.22312055372312
49.926018992787476
-152.9451939191954
-139.42319975494547
-51.4377302004186
18.41569141516123
-4.370886067363139
98.86908282509029
81.87384521680548
102.48311108443386
-76.57748143188292
39.60337158812172
98.38908664986911
-114.06747109501976
83.94727525361884
111.40878967249216
-57.62839966146058
105.26674956836882
84.80852711366629
41.11087421512687
55.15760465241745
103.21815569453656
46.19844935884694
-23.098105795868584
-104.06840886950795
148.92971842852648
171.90181078772775
-32.61159888704678
15.767718780220166
-108.71802280757674
71.23587825319464
-5.9765841878628745
144.68635064590444
51.317534675695775
-8.790871480588217
-48.70156904748501
-744.0404028783194
65.62148681852835
102.34675798760838
71.3835151055655
68.66889741742756
39.78074082244211
10.503788633220466
26.670301145943995
54.029078306185056
71.76546198097712
74.97930421245837
-73.84109454469717
18.764584374324116
-31.3257655549196
121.30081639017862
23.316233895850015
9.875429184598348
65.14233587250305
47.258344426230224
45.33627769042787
-9.086397685932297
22.234230929487765
84.87709890403721
-8.57216201998986
-13.484580555088748
132.35654579424772
6.091066199188442
41.964215507928316
22.430951367458874
9.232642537180368
116.92776534987479
121.60141541291205
133.50041986212227
151.50505593288062
177.69406937627537
55.47630192299454
4.349842665856613
101.88156798848195
38.67839901189809
35.604517683475564
63.94063842050036
161.6510216181232
3.9444534180096564
-334.3354228636799
-1107.3652342148735
9.590461360153803
70.07278495500475
4.51632053046287
204.468915882685
64.78918380647869
81.8650342942367
16.724132769888616
22.1055855881732
13.246114165683878
80.67047750785196
-21.665002754012676
121.82763697510609
-73.78359589605034
45.25732082868194
146.9482325906174
-5.296936537661168
-60.32100160005757
-25.867511940999947
81.27125963702952
35.41970986753256
-12.7137208946938
107.96592068143991
10.289177680967867
70.6031404498706
-0.9726773472539207
9.638698306816877
23.169344424199426
100.4376834638083
93.79103766549179
85.40213837534793
165.7866881896707
98.82590860574237
59.17226611943806
67.57256525624808
-443.2190187346705
-121.2233960345161
-4.284760471769379
-77.25415894464777
40.58434261023024
15.51709063084445
74.52215587075807
-436.8891487202518
-8.053540038181382
-86.87294698847836
88.47719313105836
33.90639924584957
60.14076292898744
42.22508706437179
5.562873759807189
20.264100747515442
-257.0670242476808
17.477673151387403
31.773086558402994
246.6790232077392
67.54727323624769
54.10110397144976
79.4064506341465
29.66472407521178
-72.62768721672637
13.424301617187599
-4.553214732628248
119.85327620915973
34.5261264951132
121.48973299663612
101.07262420992288
1.3354476352653646
47.872278354985156
-48.019531389036274
32.329076449677046
125.92148612594974
20.330309408207775
26.21002884772716
156.22739499794397
221.49119260739417
31.867405183215
40.84554564193753
16.569063279139755
9.541627085229052
65.21250921495414
71.0234452832317
-106.64685625226593
-35.23187503012787
42.61320812408076
4.185371219255818
-21.474340443126998
53.21165917805138
53.423557235458226
158.30275301948404
-191.5719537792379
102.43670434201476
71.44723152177431
379.3228752977984
-0.559008902126152
-66.80635944680216
-352.79604606514386
81.21232260723309
67.67077511042004
-44.56722282310375
44.59629888363501
114.45499425797243
24.746996275762534
-339.6860920695426
46.40366655217747
34.41970064632187
26.418772661697858
82.07148239171283
10.075010754928032
8.24664767601189
117.63141138538595
-53.159432195072895
20.001453527903976
30.538563855622215
53.000494136296325
13.914712857330375
52.74370234937692
24.198474693444687
-58.54409123756587
12.95988817020043
41.93412215804387
4.506008549876679
25.403884705258644
57.77583963621266
12.096507247281359
34.82893673804475
1.1644028256495425
33.09507745901374
-21.17419630778846
18.67577474904569
20.5491574437371
-19.408450931776073
49.805962182471674
-83.93234930755216
4.239557963182867
-42.79678540336454
15.16671428517661
97.17385245731566
-17.51002069875358
109.30622478752701
28.79263952186096
-12.100836420669253
-16.15516867703493
74.39749812024911
-269.95922766347576
-32.336860564866946
24.854605768928607
5.150327380349893
23.480832134928818
52.64723881588907
28.20228754871797
123.67005465501143
91.15868933174625
-323.07319917662335
63.714209366771456
-87.16548949357184
87.86799644581183
-89.92958800417591
-5.375543020967502
61.62747280475105
-3.6894856970268304
-1.216453919589562
13.998655083211816
52.25475028764714
151.25473459091563
64.42280636948482
136.58309854434265
67.49454250127383
22.8271606086428
83.18399399316831
34.25273835337595
82.28974908643431
-58.42471782049847
157.89828692512947
77.1900359241331
55.248156829865536
-39.656137171675255
125.81271575775145
-10.342486950846705
-109.59472852735144
67.19717163865346
-69.48847281369262
21.057112653269726
67.80141030311688
103.24579684117282
60.817860523143665
112.63872301655192
71.57006243595333
70.67764012606312
22.310813624677895
50.14425665256522
-9.483193032543753
-81.10387590144728
36.16939451260487
69.2887442351683
20.21569669512246
95.26051156498738
26.763151003496205
53.43630906944236
72.17158009050104
25.038485804035417
61.12397492987236
-8.037382954285931
77.32481306565478
163.44149089080702
-154.03006583334218
-369.78737073186494
141.34381292977287
58.991709991737814
1.9315703273955478
-16.273302585486363
-44.04895314469877
-19.703777387107255
34.56572609957948
156.45300767133085
39.6948240108028
-186.3860054579377
14.387529582589467
12.244107023013203
58.22981706616592
14.214455606539156
-4.7643832912839255
82.95564191817061
139.3378759646739
84.6140130833453
-32.67022330470377
87.74558895292603
39.745164608043694
-38.31812238050946
210.80200917909633
-43.02524152474598
-213.33270885049205
-14.74926486897332
79.90116515889531
31.383243393777505
15.54119228116243
58.0260321334581
212.7510945262593
3.267072607081989
-10.589922917392414
0.9648644960607484
89.73705662071006
93.64352538779201
158.76881006791837
176.91637348000359
-66.98969709597532
8.203671940235624
288.084223757201
67.60408459934933
135.75294075762213
40.03271289016861
68.0349588958428
-68.62542202965003
24.393965620526828
12.968135401395958
111.75710259055631
-32.08657942964257
39.328119782770045
-15.888097933494981
20.348525545744334
175.7944988969084
52.08386305562772
56.94599643314362
-38.12548345008372
56.00424739324126
-11.186738253181886
-2.961001790345227
120.5686955323381
16.6954636759167
43.714852440270136
27.03211668593397
93.55736347828577
3.1409421028805866
-32.8187138255289
174.32318861491262
48.119539501715124
176.3395710202176
-110.96162291712335
64.78768734918032
10.259053874864776
-43.86268121779767
105.17033373309164
-5.037236858720755
5.506276975358626
35.63288777042089
98.65164103184202
48.013290886528495
17.124706887138316
72.66264443571299
85.86415857985037
54.52719108611018
-25.329352713456046
44.32758957631299
156.94967225420214
28.727500555311053
-2.151926824145344
112.33920970368831
-57.84947243525196
49.71180160103336
-156.71695470899476
-512.9483157747563
25.91249161775449
26.108122907647157
86.02543795775864
42.320302695454835
145.8759108596082
-9.029473064764716
-26.303907679650386
-69.1439474880608
71.39669483589557
118.1182559049621
-33.9017934061867
5.562533570472919
26.37634444209424
65.30936992583702
14.936691695542972
-99.40064138395292
36.4751918233745
37.47977607030316
71.82221689075004
73.40907191901817
23.149467169983357
-39.26077751205348
83.13613774395571
189.62530506970097
-5.8208385964267535
133.55037152915156
-178.5544980245304
48.885260246504004
64.61419646160539
-5.113885170039211
-8.564683404711104
24.223257688083322
77.36810265028316
-48.31255276968477
70.67036746975236
119.64139518112279
164.93037751670363
69.14666307132427
-8.971266639658552
130.21866656199745
57.22504426937621
-68.80170095319681
-195.1449998508051
50.49592104853991
88.33381392145338
10.110016226494196
29.337789538640237
122.55209086888226
79.52191618482789
118.05696765231914
51.73765882897942
184.3613348673489
62.710203364545066
-9.998263132098819
-20.835317639644625
204.02352225224968
87.29502471749133
-26.80797207666689
37.49054705675
77.14266223742652
42.73700236604287
32.98173990308709
48.879043779194944
-40.46958501596539
-3.3664423942318535
6.481835647909996
-160.94633133707384
263.09314403356484
45.33999418193601
-23.749452720535373
12.420457044825463
41.0545102751598
121.17816290872543
11.455095928647097
22.2446178057275
13.470389587139039
-164.5899068259141
-8.340014050951474
-57.41229448812237
71.6691428065688
102.59681291953802
57.12246419140093
67.20737276074877
44.875665296978696
85.63400636399729
-48.88431541113994
9.265831954994782
41.91586122274374
57.45953899825322
-37.68495767205604
-2.979756895517312
4.782817861013882
-57.424386305349344
152.00170965561256
3.451230952694753
13.130694908993462
73.72782676418481
2.8158850026670734
31.464803140499498
14.766578798741833
47.187837274705544
40.77773735327989
-9.744024098497448
13.705622404470802
-7.137422243734363
-170.16155575603398
-122.86570153135847
43.64883742888787
29.766739100346594
4.239108795333036
-3.7854937910283866
91.48725342933449
35.94770193271852
43.45035712330679
27.091249085337495
-31.58895511893388
75.92563836832164
40.77700043502625
118.360150661857
38.291341112184995
9.782855195981018
39.12736234566796
-384.6414181884029
-50.74064704864122
4.618263900946159
24.36468396049895
-55.03629702544663
-10.215674821189168
-43.1156902629009
95.87695920846784
54.495652939307206
123.3614763188848
26.587639031158396
-113.59529237879443
2.5633578380629842
131.95055744256751
26.344134082872884
150.96507135340153
-94.77338569268068
38.40935835302935
-29.056860341761123
106.07525394753247
89.6963917709104
36.41661502763952
414.6843522003837
60.154093983363985
46.49589139459181
76.50621023526946
33.28230020863734
107.61227522054537
-92.65704068501523
-25.520955260758456
-10.836720766604685
62.93805769182717
-72.70303363927906
-70.66627974275161
-25.765282896933993
68.55044095840958
10.14730116099463
91.41880434198902
-170.9932562836343
-168.19217015669983
21.72762411752703
132.38900986355748
-101.23831970901347
61.25873676817497
-0.6294424041938518
45.85763312176047
-12.4258623301619
-45.806191762732226
6.949816937856395
87.25425270607775
87.82199387828985
205.83079798554172
-6.072255392985426
63.96861757404985
45.307175966966
21.454976618604178
35.70897528129342
25.580597430969192
74.82816274040033
-1.2451519982466621
43.74800959499635
49.48875981417385
-205.07787506525892
6.182533583820259
-44.543504791640174
-160.32220222377964
147.4159668086122
38.359659239697976
33.114206493452
79.23054963150071
41.60808946893904
26.08515576596578
16.729920597347583
140.88687779949396
21.067989068546986
279.2134389883313
55.792257983154286
48.621956413394344
-71.21461034822187
62.94514121161808
87.32547850736228
76.10331189805832
-246.90371614403102
-13.351165667336966
165.15991247434795
-103.49791613981643
142.58260010136974
-63.74346232185462
16.882746634308308
-11.275357059514988
8.113890369702744
52.80691569405741
-4.991640367357075
19.49971121248065
0.3643201360574324
11.970386712466729
82.17137730121625
30.06397664960051
106.67266627905906
50.37903443468741
143.57270679750673
-79.44780165902193
21.915807347371327
-42.02121008224003
-25.758276608980964
63.0928890570367
66.8085563221598
107.62402671095862
-12.990623112856332
109.37581547657828
62.08160127283517
73.35760079390747
136.98285082087114
11.995620994720387
39.74516098093093
34.50385144833417
-33.6618989132794
31.69361126284366
-54.51079472506672
48.91473441207542
-0.3732058867910837
64.39458207904954
29.995242315051314
38.18702948152935
116.80747006040042
0.638383088571955
113.3373995030579
-83.35892928252451
-261.0853978138093
15.613133659784966
15.05844507930533
106.29185526277132
53.96644293367769
173.56327235039544
185.61763543090228
-13.116515114661752
108.61078766225091
-30.47127989925502
-26.61342691483851
17.8724326943036
40.54856361660819
-94.85588949333578
23.191671095529603
51.66347623403863
40.69683198775474
18.74393246812099
103.32883404550284
90.7405758621951
183.14801847005742
127.58668993219317
-19.060010920138527
-288.4757568619161
246.7419887896831
-165.0742871982493
38.236684926797494
138.68542068645706
132.35591209597078
109.83378240181082
15.40147546655487
86.77821341519348
71.22872586312542
47.09955514911837
7.200575926767669
46.40852513499118
-426.72546085150316
23.16714549039633
-3.6877807432312113
3.671608605143155
-59.17618594827325
38.98698947970888
29.66250011858142
-8.593852164803593
13.19688042583391
-621.5930229601145
86.06624138638642
-46.286810983619034
23.778777024588653
-30.666159059338007
5.325077805791466
64.08146313757084
107.57870920714367
50.412048381136856
104.80713343621392
18.043412527286257
60.57048868607498
28.761006933451874
3.3771034356545897
0.6154408565991991
-138.66472049344247
194.4895873790174
170.84796867078376
-13.33177824669201
26.84551054149238
48.917198555350865
26.114878763589523
59.23752520399876
23.0152478143683
54.19748810524129
241.84198125995363
40.22812886421207
29.470734656957802
75.16006438751316
24.65024251322762
25.200672998652863
98.95420424194936
-19.802411118184544
95.18993435289849
145.0456460917079
65.7757070585451
-39.95425340969026
40.55331442437955
22.484653710714973
27.79838606275873
131.57777319736306
75.58127848754123
24.999344021483463
58.01001574550742
-7.569468410982751
14.545587531420097
30.331690979553514
-6.640641937676264
66.22189871927822
112.70406670094962
-212.66515109428656
-376.1372730652083
-64.84105792092123
220.26590750984815
-64.52012131705715
68.68968317289239
75.84234465980308
83.7295251518591
51.01739616904526
-22.888877524851832
-298.29575365256596
-68.27528402483495
-894.6334616425341
3.651296374215206
65.27602717618811
96.05269302420265
-174.32219661580348
-75.07189335550675
-13.04519827523518
2.771403390634049
76.25959137920154
-202.15272746995743
-54.90337821168364
-7.5847796743223626
26.03198341803506
30.848115728223092
96.71792894506643
-227.22086322641098
-714.9709720090392
20.31679589572246
-23.535182872567106
94.52861221739886
100.5460480830543
94.17081350426224
-61.20188580278506
-4.577774035017228
-207.32973441565036
-36.26717056563649
95.02356668249035
-118.61368357058564
29.12136673710802
9.130898163850361
154.27496854841547
68.20259497668127
-20.22514555403677
68.31510110353207
-20.505618988529932
58.84666117045572
-159.990089247146
107.46616297022945
-62.30119008591282
28.954566132751893
148.5030043383474
108.90224658927673
39.758126442751745
-32.30200268673781
-340.0023841633774
91.5460238361967
171.62480141389824
10.611271171440876
47.211249828307686
32.85468466262944
-38.084257162613824
59.752022869882865
-253.71155498055305
40.225832809703945
171.45126351660565
19.95633249147888
64.57615703978024
3.5704320106951855
-31.760597935290207
35.07694440140949
2.876359431805751
7.838065086993993
25.42508270723439
-37.01192036832347
-24.218343145890685
-85.77849292670999
122.12161210280101
71.49007384370634
88.89893621691226
99.19203776726818
133.1093795544407
53.62358257536289
-916.090337044665
-60.320497606343
28.685779044661416
53.612297879639144
79.82078932829597
25.798851444449827
51.97197624479586
119.56988055526699
76.20767186854317
85.41945261769297
82.88564187503493
50.83384578854941
89.87785994463593
-16.17064137977468
32.80031743557239
10.735754597380314
-32.23465914669214
110.95133359210098
25.892241114547545
75.58478966265011
92.62640890384819
21.843721205102284
81.51015070512949
24.653619799281618
-120.88347136911307
79.14099716059138
18.31551651428813
-43.05352977525263
1.3908160022447191
-77.87765485684531
55.12159908013089
141.8290853858075
-19.3352840494452
-103.5975747079192
-90.82719506192325
55.32122828046674
-250.12178974633207
46.6474521109003
40.81290590353355
70.1544109762373
62.324362067100154
142.49481888541868
-92.83866313133555
28.37891688844291
137.75671962487786
114.24297026711804
84.72865070222997
100.04708862287544
48.82925504824519
36.96461816820747
90.11496390188995
30.042295425316297
-116.67745216811
-7.177575485718447
62.133261885124284
-50.23213343504631
33.2204501086112
1.4259373709874126
32.69713295326483
51.41378178765058
58.0817758849471
-11.634724996321438
-2.6335523892333783
219.52013746485727
-54.44983447401932
34.8335848564019
-33.18541238551427
89.7439506076521
89.80593146978703
-247.8870711338237
14.279129597107044
194.95733759317363
27.7663066643831
81.68278192035768
92.2082695225854
-44.09626020897258
69.96387576527832
-4.506839142642697
86.18658744662821
86.8759494630649
1110.7274171592903
50.90306838687992
130.334745873663
152.9228832145991
15.841249890277094
48.688610107882994
37.22405147360189
117.0257734596803
-256.59336793172133
1.4660288480058625
65.61400298999776
-193.17187465851202
96.62296135836209
-4.326853075996723
8.672958275558234
-179.93175518032967
135.42276010476053
182.4491797697583
81.58883777028504
141.86826998540505
-8.99174162204963
122.28005282543631
60.641480608445534
102.8687376652897
110.17439581994176
18.849331859249787
-22.732492901523674
45.28099943652197
-82.98488054803965
34.82068814941698
52.382785524323936
45.73360728344224
22.952941832333657
155.02423480770358
-31.125869500692716
29.12261563834778
35.82610397631956
-453.11298873441774
5.267169340554119
4.669375127306979
29.754726682279284
58.879624155769875
65.98578532781403
6.7872914047530095
-24.187002586589422
-229.37363605878065
-56.00032676583744
158.05914894510897
27.931446585849855
-217.5948842036005
-298.2107672672451
-99.51468264668983
57.157017452099225
21.110418680671135
52.080281300844945
-76.20630475107282
-14.190067456646162
100.78878694157015
168.85650554437598
209.16192076358038
56.53639762340936
-8.408561130559274
18.90510280573663
20.17116661522232
-132.25413750730877
-6.030068875622419
78.52863309194936
59.18292970756934
-59.630479979195115
154.8254997647059
14.025552867184594
72.10880666388425
52.56951973122932
29.612497364328334
49.691407338489626
134.79059611069442
-15.647636444128239
46.6703475949098
42.26304292985026
-2.3101279723023254
145.4495963800499
2.9142783507181917
123.4823800266663
-852.7382001941519
-12.167420373369623
48.628481437171786
61.822978522542144
76.34034141501024
27.1105707508084
10.30798771371857
16.045151810222777
-10.604652104789764
137.3267139086338
31.870974612106693
109.31094489326506
4.588716960065324
-107.75710815672392
102.9262115325123
75.82495817170548
57.48097840215701
30.333797643503203
120.21935251089326
30.60114817808335
-48.51615529186711
12.23514933212569
13.617207623718514
74.04596104356062
64.85992729216457
62.332976942039295
33.4237996554547
79.66469996283149
187.37968763679373
146.51171004745356
282.0257139923988
-7.582542593448517
105.41783798552888
55.71185710102216
49.89073064175432
84.11647621671176
-11.86923708053283
-11.48971093008451
24.485729798452372
54.175179716166895
-275.28203615126586
316.9843360756945
10.351709889720667
20.075045658954764
-42.12042047926261
5.054232100650741
127.62340380265732
69.06342760974235
-41.43351346882446
166.42952925934378
4.663152150250426
-3.6360284915988013
-32.2931949571589
74.51873352057709
-5.621220893942789
89.46529009794676
15.184829362055364
31.388457001892267
-13.114783237984916
145.10748729999432
77.0186620270074
-7.667289521851215
104.63382642841725
-45.29797302615065
21.317876737737397
-35.24335052639344
-68.03254602141669
54.021404737138255
20.866752692973407
5.080480663678299
116.3836793290468
-40.71286576458825
34.517857372707454
46.11340512566409
185.03134485871215
105.37149531675368
-17.712721575661245
224.5074172396703
14.811555667930408
18.21829515137074
-18.565728954411178
-16.93607409397646
186.00788948789295
34.29984233251912
63.30293599114573
22.202599754046304
92.09466901317342
122.42206462140484
-77.58018206457837
42.59428437312429
-139.9702517718451
63.907190000073214
15.648067740206471
-58.459928098152886
34.363258271880895
173.07181719262553
30.773464174140422
-216.71340127229814
88.52679698738234
-68.25759093147008
1.1904861778583216
164.42241728904992
5.835634585879234
-53.63314257700358
217.72788317120876
-37.07173996880192
28.150856005220433
73.00554947882983
394.31288617044083
173.62161276901543
-52.75423747863806
-776.7131133412763
-78.7231844668172
-0.21694848821243795
-511.71105384686484
-35.4390400709389
81.71781080412393
99.51295472576987
-40.69133914681879
-131.0256276235116
-27.833433304794653
115.08318426440633
113.17270276371164
-50.4601952924063
-151.38189905618128
144.68384009986585
-30.97056512853247
111.978612726557
-316.9770829579238
139.25175999378234
-24.779795003688207
-58.400941787137526
51.44803708643167
-83.36894912429398
3.7950812952225417
-17.678116776069725
10.873917857489904
-149.67411533007635
40.70034482676918
-3.162957427534501
-88.78791261266994
33.13076911345581
42.4140673581215
-43.21997973068108
5.612492246572984
12.954000722644096
28.365140049784493
76.58962858859232
-352.93883507001647
89.32609455890838
-24.83078734436276
57.901285809738965
-306.77121425328005
107.34132110751443
88.5110778762205
48.491673891374376
209.95836926833454
95.37036886460714
27.94336250809845
3.0356293125341836
20.306553698121373
-148.95506618715535
104.92623462397114
285.10509442308194
26.014885550483065
282.6193862148057
23.139352325752323
40.774426491626905
55.568057998990994
25.62658152369736
68.05648486790199
83.77923356407337
-8.649827980629652
69.79717671779781
71.92494401577505
162.46634435270607
28.381065557980346
46.303016084689574
-4.150945472040803
-86.09692488711698
54.09944626856333
40.2325689275076
17.666954773406623
-111.2101934467155
129.40029989015102
59.33877262157693
31.825900637789346
-26.70221911309875
-22.39334828860865
-28.038923435820692
32.37354729987646
10.879200525545002
100.18140111167213
-73.08218769103951
39.57097462098376
30.138233085708634
80.1691068970323
-53.77204931289191
2.6769331538891663
26.7754385843931
203.0981073026337
12.464309215250978
-62.318538358877234
-33.00616686162721
256.5257579967156
14.513999660379966
126.76255650281269
102.50940293565827
-39.47550633237006
-99.91395971011616
-152.25965267905667
-22.655285805064235
92.85442970794315
29.634359921989564
37.138049006115445
-18.10384210562228
-40.42302688118298
48.63024014529128
-21.368943740844234
32.44603183511367
-7.855406130926008
3.805709150211063
42.88578281267848
-141.60329447984213
20.235010501636992
-40.70453387512442
-194.41316687799826
-18.78219357975236
78.60517432063267
58.69351649736001
40.351274403094884
24.815875604508534
23.77512626407173
58.82166668018046
248.35552279571812
59.7304356387458
-45.64562305718482
79.26065633438702
60.521533954953554
-500.28679038975133
-128.47986003204733
-1.0235908774082112
246.89414890695616
-10.282189530589193
-737.0708485822621
80.37642276994575
93.36260746437983
3.762549250363945
-6.40543159796016
-46.087485254043095
25.375043093633423
16.43854456129261
-0.8866044776596027
101.0236085671363
87.19308292959161
-5.441280168505784
168.06771234751795
16.799937458256604
-134.26573806246233
-65.21894106072587
-54.24587898216441
4.350420556118588
-65.76928554998594
195.8345399621394
-84.25121560364369
-35.10281493114953
135.8302683534357
17.97292644737213
81.29303163157624
25.974020825357627
46.48311350082895
11.376354697126771
170.9845876106226
67.39087000058367
122.45040155188099
7.348347158352226
40.659167555533685
44.38163522072546
11.128334222908943
49.53738235970832
73.04124781591396
-34.530785333115546
72.04415045671573
-6.138627990990188
50.354239973626676
7.670101703501132
54.9772895228239
47.37263954431819
-8.218363831255502
-72.816312728502
48.21969954019869
45.58269114250945
33.68149129007141
-114.44433098766604
-5.477496781580246
-15.778568256437097
-12.99137551876729
24.828882979060154
55.015180287889734
-3.0777761401333485
38.14576606420508
-35.09386632531823
-70.19835973631734
42.32865679508927
-13.5046884387427
54.12311820001155
140.92819766428988
29.680563648063803
38.34377099815704
48.05027846854861
-61.52380983250623
178.86178101264022
-32.178162974768384
5.032393158775449
-8.9507988785399
115.6455632353809
173.89624115553283
278.7712764528533
90.59086945021863
-24.440268874753198
56.79527131769464
-13.580559316175993
-89.61543265013961
-57.12359306384133
-221.29677710740452
35.100591672673474
82.20066288095086
70.73094698892811
82.98272036581636
37.87323658662596
53.52163523913748
-33.70598244313167
50.22710541801416
-82.09606631294537
-188.8817542445545
172.59943004596425
-70.58607579823277
77.49205559098564
4.011151869371968
81.74758388868986
29.151429516186212
42.904117280519436
109.8105427348828
50.13159628279254
13.190486219905786
109.32812867836446
-218.8012300595974
23.754981559406588
-13.405231899552255
87.83600425013219
9.700743229872337
74.8251961867436
59.1175846939838
-121.36259849711814
83.30783755243147
-53.323536669794066
25.38019273242472
31.315744843810663
61.75236795788123
95.55414935827775
-137.71502310885535
-25.03665553956671
4.938030086126673
10.830051782876174
-134.40213512615355
0.39210472426111664
191.63291856664273
50.823720248204076
99.54420804636084
17.947659845598913
184.42940688688077
-34.87883880584498
-16.760297870956038
10.206086479648585
-34.403517408307195
109.1906606807637
46.858958879071565
-139.13174786039548
100.04725601345046
148.41409406628827
-27.857313593927415
113.36947944074291
1.063615007459937
45.46154608627358
49.89723601230219
71.10760436613509
-85.19482176680094
45.71825630287151
50.275825621243655
150.2638659272834
-108.3544662471268
93.4449133899011
138.24864723902647
59.4512024745581
98.06419747211794
63.08920643506917
88.68958811372113
84.26720810465667
15.370182873907941
-67.51427280963026
-48.823459770941554
22.99488571101876
50.055718787940215
66.07370627650754
-28.981049967078434
43.26679527639146
-9.71460414567742
72.45217065091924
163.8869291603935
6.222314708037501
-41.73788212305999
-157.10261000868695
26.859155425385495
87.99168778317278
13.742063750863823
62.30987083684522
127.58609831943659
2.8356332752436644
80.9960407750541
87.15062302654178
133.3182417554799
79.93804120148849
-3.927155767376462
10.119877216147467
129.7176337301196
13.364483651059913
53.71513470544106
-32.27608764193372
-23.07706065421587
-19.82729140767242
21.903434045987865
5.459026502195229
-46.01902160437521
25.59719780506066
16.39156597551854
-102.16237662469302
98.43728571254303
35.3617520609273
6.20461901835869
64.61706325438536
112.63979011351967
152.80130590081808
107.6225634773673
151.29799450937298
101.85348136389155
41.25647473493562
16.378611265020595
-20.44622648161414
106.01445097363887
115.54347602163375
20.66862601618946
12.73036088571647
140.86513141202477
-55.506990221211254
3.9017249665494145
-92.95902891275819
-120.65166379477115
-89.04897209703495
94.52191864712495
-16.918763271298303
46.46435150273331
5.725748765445892
9.75058972919344
45.353298353609716
71.66201507507651
103.14264981271674
-102.34749830123337
166.5797645731277
-201.90787020916014
112.22479738648553
35.72561234997788
-58.26751427770432
156.16745055044703
36.44945469237689
16.30724631942121
8.458828263788451
-1.3739389310267143
-23.21230713295329
-110.83072040724574
50.44770439816887
-148.86617840897816
-36.477034716025614
164.3454408352759
2.211630004864219
79.44342174816097
9.346878411518897
52.76863467685121
67.08229710376557
60.31231358784544
45.246193552256045
87.38810965228504
-7.164737113050705
-213.17862377651818
-857.2621081122412
100.48185442513318
31.421292470917706
121.66979278349208
91.10472182877584
44.622369854884035
42.03982996366176
103.53727184568379
-53.98439868410105
14.802761266339871
143.940791084357
21.354503610384427
197.62466228254107
-93.48347390837549
111.65791614643626
39.15650183670277
51.09853734773161
70.43520123502577
-250.5311933152061
91.34649836828339
41.43792959553508
6.640966449002036
-237.71085227046933
8.193517775234715
55.33423873507802
-55.42424727913896
135.4210457436502
53.109314189081594
5.209105280840475
35.85384973662342
69.786164543214
34.071245685334816
60.5005612343266
261.98926532809946
68.95364785169377
28.268752331089633
22.222772470606657
13.517849796035746
51.791998564434834
99.30654533651841
17.09899706622855
83.73558651716803
73.48876935515273
182.19998394331105
54.383318381537265
5.71295889776593
131.67900016425938
-93.12912614281231
10.504061943766988
38.15727956585806
13.060390626835188
-240.49334664709022
97.9499440277948
26.59255540931798
95.75132779073647
48.46219430114934
290.59627767890197
29.050819737170364
40.98868367450632
86.01265556582439
89.17077295696868
96.00749009939068
135.12435096868376
60.562079040811916
70.75587097317293
39.99473710470258
89.2766173947075
48.53141978523529
-1.0014302016174952
-539.360669415064
-1.5742098789191914
44.348991140211126
-239.03796336270307
-3.1100755546266328
16.710294224511262
-20.836840028045582
-101.70296239420168
-19.010611481209253
1.323566100266362
45.92836932890339
-8.993861815743259
-20.13513168668708
-16.69486336383623
76.85790749621174
46.28488162032173
67.64360503185657
41.27247745728846
100.42195723805844
6.610598077974373
-124.65074198450293
140.11709588926942
-8.833650500508497
91.44299997786891
12.500819563616073
139.88784175501564
22.590983638602665
15.465933251461056
20.99809741700983
12.332872099174162
11.976146255087063
48.46779372409992
-6.653301787682162
-28.63021318674373
137.45669063059904
35.884206869108
-99.07510704722426
26.56531354088112
51.44231756210263
-126.94121192811326
56.517616077546336
44.46318227569601
-202.2048894933696
153.87521013794276
87.80749144941888
188.2986083953183
-65.14010033334216
28.152488935980642
103.46706708466081
90.37413126514639
159.9660954708711
-10.728922256463756
-80.69942674028562
-113.82420509750682
17.631074294096457
-111.32474184921648
17.950483882618286
10.051356570909304
40.188228722114694
46.598860562962784
59.15022327941423
16.105478170331512
8.27859393349081
-16.042256463132162
-131.9118777834674
-87.26024751651241
-24.600472251519022
-84.72884897354872
-5.965823076998833
48.5466745056292
9.263215837746248
-132.31835870037048
91.13450373157457
-23.48937851540223
165.20059775757932
-31.460723139490796
23.283002777530783
120.83606502334214
81.54733368549523
58.76631385954815
37.19537216967525
46.63247564354515
62.22457713072042
132.06272473531226
-33.911272097789606
-3.532180131564928
23.981650184119673
117.82823014395035
66.48791432032621
-12.202373286873268
41.22240479467595
44.57482009136652
5.966608875728793
51.87269109789986
55.60214187354549
35.70908502846809
-99.37788347113747
-30.414741443643834
-155.36548303356267
59.778503570052635
19.89889123964854
83.58452374625404
25.490213638524438
85.0770956724491
6.34608826451269
74.53516716181139
23.958890918585155
17.631544243479006
92.34254395448716
-203.49858818342636
54.43215398686357
2.4043195963460584
57.075537101483526
42.57888779846244
-17.877295005265296
60.775987757088956
17.370871099866235
-988.9124031879132
74.03195024114501
180.64096249193608
-1.4531351964310488
82.0670655220843
35.56892654550937
66.82945270980781
130.94933149384042
-171.16576430647638
-312.4352650449273
84.36695712100118
71.09160187982866
86.43950782243519
-24.778483819828057
10.94413252469841
27.44629704211664
151.77685592026137
220.5970010330302
-58.008068847165696
119.9374463645729
81.3667218902956
39.587908756141005
3.9474589557840116
47.713046340876666
26.553795857316118
35.138360786685126
40.72490598380217
50.46258553279942
228.67281529618003
52.06685256017954
-86.223468697518
86.47093731191308
70.63588077903259
-59.23901936178481
-292.3433466675633
3.9748446699736286
66.3171298631471
34.03837454279619
-6.673171702082186
23.52879329112691
-28.922900228273647
7.6654510776521185
1.248403322723334
-121.0271891403836
197.40231149243618
36.07864547106908
54.187852200782686
21.406933286656653
6.462666066409758
55.74798080760479
25.30497667782288
-43.947219907199724
-77.10905976365484
59.50201172107011
135.01011386724622
46.44652682256753
-79.70729883497143
31.948825421566127
-18.509464535273608
132.7420878392934
200.32972999801586
7.3444498566208845
72.88827004255444
-52.98393166465464
86.87170373472327
144.36520611185733
22.456362850966343
25.81411837402686
-4.869780366984321
68.18827812224924
82.001235614689
-245.64009363774585
142.39841660889942
184.38011937947067
-6.702431548636272
10.548587198435325
71.97924826238628
37.29122315922791
97.04639395850165
-6.373546755854022
-7.698514279443771
101.70295615571558
40.07853100418433
78.33364917088704
24.343178164464533
16.615013263752157
53.289089257987825
120.53629385853424
-21.5792397267783
45.80315690336653
21.82599287136506
-73.54546164856447
-119.06338395809598
21.644000254071376
181.7618610427685
75.81854705515525
38.117285535189694
92.44537938893347
20.222864327029583
-149.5784736331948
10.21377589882234
-59.24375502553448
-655.3585605463131
-18.576117144092517
12.80524597755378
-8.375922613808143
19.573961003771842
28.182949037023263
-12.880399438324275
85.17614374239446
55.921693360968675
17.629797730424595
26.176298438400067
-16.415243112135016
-51.89070754065452
72.5025742090952
-13.537985902939454
23.59345281321839
-18.23646948110248
144.30359035477932
-14.463747214757307
24.534019950120403
41.588042957519775
44.693646167104305
-93.01859605468235
-9.354415864334863
-1.9002744157229283
-14.993716553212607
26.31465710044904
62.935437867181236
46.31967557291384
73.31952616451599
41.56914145791103
210.44445398653443
96.47508799400293
15.953142968802885
133.3131202034051
-0.5751231148494462
81.61105745265263
-10.997897674301578
-708.6753137927572
75.1017464123322
87.11085949520805
-138.3052454056018
38.61932091312489
-28.1664228380928
-479.9284721229378
202.6061580319547
-6.764708480782701
32.30320203846668
-77.50372346081076
-30.48435426502763
66.02496153494963
-129.56442767737644
-86.10443662604303
85.92174970936344
10.045953813218148
-7.920794232751248
42.61787574414075
81.59911595396761
235.41629280091365
-27.64825082544303
-13.891617677562863
23.60539804515338
-72.9199499001079
-4.02417660986197
136.5634895738117
81.58444288980036
-385.40512186769774
29.618571892216742
64.0813980057901
7.8023229046796345
39.81695446731533
56.767247872158165
34.59598621771136
74.25588898383705
-88.21016008653896
-200.16380455867238
2.376371428665192
40.79873705394765
25.35185531984186
42.07315530638084
70.53927097068836
94.77722185138396
34.09178474361723
117.01698770414987
-114.95013601901474
164.9256149332018
-40.084274116240124
58.414323439898
8.132895685635987
47.386249179814655
135.4718904258075
5.962927646544041
7.443347997570034
38.9020934567759
114.0626981491414
156.8612983758935
22.078622491245284
70.78486279430476
-191.55173559075592
24.61023783604469
-116.38361662140278
-786.3705481371207
56.968002052960856
60.44883457383296
4.4359437030488795
45.39658269715059
56.201092326369235
82.16900563327522
127.18382306126932
-57.98452685769462
109.27640823217735
84.35281615459633
70.82865854696445
-260.0215973153554
196.3331187644476
6.6571210586337655
-11.460615324498598
33.443807210275025
29.51019055075138
168.65099066410994
-87.94579179840366
32.33314771651361
110.84806655966258
23.336122905752585
57.19638123519229
57.31198351698821
-154.51512229785203
-43.52200309775967
-11.880892787689845
52.6736853171891
45.61259025194386
20.523260162999577
109.83573144910406
76.56057840004269
-1.8406682609374911
11.690768176062193
52.087300246367704
-75.0784734842673
-6.541606104041421
-125.37101875768985
133.60633210123615
-21.615630414812095
17.600913573232333
124.83831359635178
-6.735280720341713
45.07073092239784
69.12577178511037
119.73792524814667
27.792610222407447
29.232607762462717
2.7809188455618052
56.65244620146757
115.43759143670923
-96.58360961751987
23.595345984848166
-128.86599054782073
53.27102413387729
88.4730531130981
59.049881768592336
85.64909008327929
27.454664420200768
-2.3816182574982805
116.269513238738
-8.24510032964204
141.76059364067305
32.1293398956268
56.83366180713421
0.12996192850360444
22.361157704705874
-86.67817875624132
77.48387412505974
35.85064300542879
31.355802931032848
-885.7309973594829
9.478160701057732
-17.868592669815236
10.015091099595992
-2.2807015809639277
-192.06288829912774
117.25031975768343
-4.716751212634878
77.63395182635941
-29.41213568615342
-22.16912990385749
23.340168728436765
-104.2512185934911
67.41115253911994
117.2090511093952
-42.09360737984356
37.77053333050776
55.58987170238485
149.8104603641318
24.48606596666511
13.512635125113738
151.20855096033165
24.574793693768367
20.860247861812443
83.86232824857649
-109.86018221677068
28.388982960826155
-90.33516342371558
15.1043057731031
56.94766443363591
-57.30430267243992
3.0561135907965853
-35.58188857758594
73.499675191596
32.4531721109844
74.23515028251177
-70.68665784205041
75.48628410205629
42.576475875121105
37.83404989388103
75.22647348979854
-93.01806804272383
102.32634113423774
54.44104787297979
-167.03890116026832
18.0818839073669
59.225237145749816
147.91328418731518
62.184148063069046
-43.902367691942345
85.11910054798966
-81.35040757122397
88.46294812830502
85.85009578061727
110.046218250337
112.90474078273462
-4.214248272253826
2.277615532868367
-86.35897614566693
-115.9619511839146
62.57628598353581
52.46595865886365
-35.43063896878175
106.15682711249337
-447.3460993160579
-18.719357145213507
142.55986145935822
-23.783298487839495
1.8019053919292674
58.93118180646121
54.969868413325
-68.86325745393515
-81.26263125748106
-34.176742965552876
-243.17508265094057
-15.15140284100653
65.73149996328357
80.16905474562154
-19.59185960416997
3.8420539974996832
76.7686737900799
51.67709653144341
26.744233874465255
78.91241806368816
-171.3624019356712
-73.19695170118348
14.864971870138858
81.87131071565818
-7.411632214601121
67.07707384972309
-21.03151868416171
-15.242109643199655
-4.414304676154253
148.8390830339913
44.8332923860543
27.9181988580047
-146.8996537750204
-150.64805456181784
27.12450924971769
-209.79135391430714
54.52452057374655
-87.48081216840319
-7.473637987139249
31.229240719432028
-37.71017035304203
-1.6498883955291
68.32790230437195
47.45437550928591
146.04469508974648
53.841634475573414
-16.795329854589
15.216511921339134
8.643623379676683
41.59027020301323
26.391994759335915
21.437419184754184
121.0427434433036
12.123468790747676
-19.876929001494773
43.43921660798283
29.919533891312767
105.16270495958088
24.853765849737556
-263.93081182886544
119.85127651003586
105.00938875981524
63.973247571622096
77.16871857094975
24.43818632459427
30.688522118571473
28.662552922971855
3.1236926742785944
-62.67858099468776
-214.6716167469267
-72.78252576489149
8.718431025111954
42.555033122464835
12.944260612086467
-93.56056406003472
148.20637165428343
-63.46359164044088
270.42150154406045
44.06711090859699
61.42100696899479
-27.609053725306694
96.39275122992422
20.08487824588292
60.20669991317777
41.12684994935793
16.118773997191163
16.095257114739525
119.1536325788129
-35.552508642007524
-53.57223381905659
-37.54211253350274
15.243180208882285
137.67393904536493
-112.6542021824657
50.748046354605066
-26.593037532439133
73.08160169953806
18.939885152110264
26.58491301497662
-31.163153654252255
80.21977288329526
93.51104993503816
-38.112490725530506
0.5895991968572196
28.022676840796763
27.121017239341384
-3.369593963940133
130.55986482599735
7.098735155643679
27.072638491886252
210.570310493918
-32.579782465434164
79.44563921806059
91.52593830150113
61.10519943543295
72.04396858267773
-316.91253898009836
53.12878111765606
-21.689512897456552
-9.601207098184824
-29.93473320685853
156.07727347271884
115.74072286421597
5.75268170908339
176.6922984315804
71.66114811293892
105.72180454363115
16.9022912372887
129.2141997507706
36.32626416979451
-87.33069677143067
-244.07427869768162
-4.932307809324811
93.21938386186889
63.861111522764986
19.579286725474237
108.56975016489378
28.285462972877376
-28.11267741366483
17.940967940294442
-21.067096243631568
103.75101832122937
95.99712632995215
54.618638218548654
32.09011565475356
102.12293280780841
-70.76293612009658
76.78827391260054
28.656627966172437
-86.8847441610169
-195.71023969904127
-84.40641926436314
-4.410798263321824
-79.31502196706606
-278.8752430969762
-46.56561846302793
54.94230846343095
91.65752814092684
34.3436538321732
-58.33435847439341
83.48131834114429
-170.76418787848525
57.41012151615399
42.65889283654201
131.94884236766393
-18.931066472836847
-9.648076250096278
35.11034286378026
98.14889557751121
42.87340146605938
69.00275100855896
57.397590426881834
-23.67604476655106
-10.133780001652788
-45.31043075390289
62.6760722834224
-73.05147419293917
44.299880928946095
55.98456353925178
31.330301998109462
-59.83068522973008
-254.30707280561546
-43.714506558583864
-95.8053875270416
113.21911615690215
36.206830143833486
79.07702651510812
-19.392418031566194
26.5159202789996
245.01582066541687
43.33595980992947
142.1422224868188
-209.11373293934412
2.6833493914023165
-147.6327142357204
54.70447120994348
108.02284989229497
-220.5569380609213
191.15107454231656
90.91809649925716
107.18328052194965
2.8949307244420592
43.74939614837896
28.420485196694486
54.93803854804014
-271.558797761297
27.1620763723422
71.09705650002041
65.87368448637122
40.276653858656346
29.9329228116115
162.93547010104703
112.91529864935546
32.84769554911318
94.20174412758024
21.32311447977645
-67.63059265679858
-15.277821623650425
0.9017619299718711
21.998773586653854
148.96190079308872
51.83026497227229
190.05193834208785
93.76086864396257
117.33961769092139
127.6400957434289
81.34782605144031
-735.2453353082681
40.85808110461721
-214.3423445211365
-217.37313601643837
16.457940964855666
-55.58526511542232
63.2079005447826
56.92391667130073
196.44497876458172
-121.44632367752047
385.22105325955
147.69536787589573
15.101102821633072
23.978252282687674
4.446305280430142
-478.5315044070476
-88.28835529206457
110.63339028196242
61.468390973608635
173.63642444792595
21.36440905246332
63.67211903102009
99.39624081467446
58.23400177273019
9.6916820879511
53.05892396017355
-14.102751097444525
5.0729107626087355
0.16476769714640346
70.32560567752519
131.589363250333
102.05852220819588
-6.160880384377151
20.964108798069148
-8.190256953047323
135.69375492787367
68.92761880845433
189.47498188790678
44.77535866531865
101.42372153344513
157.80420981036877
143.33604790223671
67.64840318463678
215.70425870885902
40.592886569621314
136.0587807242223
48.10512894122975
-35.082452916070906
-38.3082008871379
91.86381062466882
258.740965521873
-27.608205389136856
-17.885618151107757
63.51374028441455
156.95611843192637
23.864398452838607
-50.716262056724645
34.32284322577073
19.2396358520507
41.280521729320846
37.897984050570564
61.2988109912115
25.399812695473884
-37.751815703576014
-49.13368841572469
-46.70014589839042
-5.332689329299412
-212.10837792867505
13.951938539083969
42.27659534439662
65.57696403599923
61.53393511980863
-78.2993443869509
59.842130957490326
111.38504186130922
-265.12431305374366
8.06899557639288
85.8352305668173
99.24113780683001
19.364431149379243
37.406916263029416
178.65031369400322
-18.847936135030082
28.98445149678082
-881.4450692577453
43.506020713177655
110.57315456943297
-53.338812354892525
-179.95734309238242
-1.6049824181907297
-80.44261232686131
110.60081306144389
-48.17625381059588
45.39500102676175
22.038814149478185
69.51908845750222
43.21610354495124
15.010904761280557
53.294420908992834
164.29425358610115
135.34837623184603
98.77823773220916
61.73109833170929
8.7016761482605
69.75814976761865
64.84496111334965
-354.6509183065018
29.506725548157192
152.63910036497145
-6.898521119318531
-83.71449047779106
58.082200436705534
-1017.1711187114659
21.75321406671901
14.051157164865572
82.76565707920435
138.07634994786304
26.54602297608665
81.85994863710312
19.93619717848484
38.42462751942674
-17.33051005353478
24.266323503111153
54.37227215746634
43.68000470441579
16.121760588594043
30.54209528138665
18.648929175444522
29.68235686174024
-14.092036550800003
48.42128601551667
-301.2269984191512
-78.1175561578616
31.86950140117093
114.67801518185524
64.695775403673
107.5120394018204
75.23090613107752
3.4288883507721053
81.11321908226091
-186.87159753810738
83.56212177288143
165.38852345969326
13.011103331415677
-5.270196420132738
79.61631728654507
-106.03222964207862
37.66365230546538
67.37303332118631
-136.5495779509456
12.69948216126545
111.62648001372463
180.89837566589858
142.97369653216765
-718.2499667494303
35.80942559225298
66.18456701424725
18.17703829245634
3.1450215742029286
-0.12171291927759853
-38.2185397125254
49.359023712475846
-106.76331039863089
53.688139082887574
154.17968283333585
34.76755973079344
-694.8549328990503
-52.28202669744326
41.57815318955748
-155.26198097255656
-76.44003750706679
19.6224852569693
75.92692528513635
52.70020135421411
-75.98725122012547
35.13116482640163
52.05853496321606
-784.6437910027736
62.51029142753532
271.333837863192
106.08086637991528
-164.27490123709322
74.05349047412892
-808.6667590505313
-65.76928796816453
-53.39981372362763
28.987905602220053
-139.90288303526177
-31.018953526759184
18.49750133974709
-29.030519000873937
35.694387320673
140.44613965071494
95.97781927379893
111.61372989299116
32.08948980532267
77.22429729386704
-103.16133553819145
149.8418491615239
-101.8632256211913
34.17061174627152
134.22478504496394
-206.883282120662
103.52879408870797
-62.06141983007893
10.169974193830967
68.3082366320624
90.18070278477455
-57.738860440080316
65.41291137426893
68.71698891220694
90.46163674862373
-131.93947667352495
178.92893090839152
156.22477731563959
115.93449386021996
45.87339814314146
73.53238754910828
17.640664008653747
180.84512984450384
81.09372814047322
37.41129696319672
-30.09160708734217
42.54266760768063
60.92222265566716
19.999877894291902
-9.687029391983629
-237.94960058585866
31.01813201996056
7.511304147239304
7.726841990030152
-39.68476937093692
124.12205728728395
156.95301794608577
3.1040978300648305
49.983541465385315
31.683693614630783
59.787389928515495
67.20505447638243
-112.26789416900738
127.45384500877458
79.6490405333625
-225.69105223512224
122.14581502040483
-131.33391453509967
22.099497934443146
40.99043977603196
35.29063156988582
51.187281722568144
-4.198901010225813
100.508963454173
-34.76087839233553
-255.39662036926256
33.835515100755856
133.0878374303884
54.85469005327877
40.701489908413876
88.12617690842308
50.48001161120658
53.83370657265039
-133.0082603609103
-503.06599914346293
32.1210905287263
328.37388440868017
-38.91485603755882
21.400543440257525
0.26024590201026854
164.86918621897712
56.613694891452155
87.0925838872358
93.79318390070623
-36.71489589979274
142.44759207542802
-140.93018854479124
-15.328254073206521
44.130094855484465
37.024159004695775
76.18767703602656
6.252873154512761
-27.561092491815124
160.4012643289825
17.814523284114635
60.01258999186484
54.797306114688354
-161.44236499643284
66.4452214347541
73.62616774090225
60.63372742059451
-82.16273527172916
92.15056236245948
-20.30981271997661
216.75408373007303
-235.71504604472966
108.65652284888915
80.6125870297762
-5.397674566708247
-7.963732086501848
39.82117957623485
23.269522948378356
22.28023408720071
-22.164680305990487
-62.83526329036283
-72.03395308401832
129.85868488789538
-99.55672628282628
-329.0730841916038
159.82065007782512
37.04886009490775
-904.789826217555
-160.46421541517884
-20.139513790548744
-11.715087134110428
5.593178860975058
-42.17214573268893
-296.7785723518491
27.863248502428036
120.91366621143038
60.991302989476026
17.44038396076712
38.698982686714274
43.11805690317638
35.49293244489934
103.18397995604676
4.738065419976268
49.40499158245893
98.6026811454526
-15.897548726485184
45.613133895007
-95.31160447729053
9.79567702135273
55.008147512270185
21.78423909059733
127.88974923958199
-105.06719503676959
-25.375678958424487
-10.06986441606719
24.441439755596274
46.907356805239914
-88.53249179825616
-22.098320362285072
170.2791960865552
161.42427520715705
75.85271048599094
-13.29030410850919
44.525358482545585
0.7450701524300153
58.45477536509944
64.37295148311966
-9.371108960106369
-21.57728766681612
37.06303051894605
9.336764309600767
56.177013975471255
66.46219869166998
203.665984000786
13.512602549767577
88.76657527290013
85.56217365120858
84.66799478718781
-544.8831543164123
-194.86472028330172
-67.54716800542928
83.63241066941004
33.18622248719936
130.5059184239267
-17.95018756669151
4.753197305401521
31.102167898222888
-58.828042409085356
-75.31789722624308
167.8306285767071
73.45975181212793
41.37930816452672
-19.10251675559629
67.75473085433339
92.50724165394331
-123.16350771310726
47.74832102612611
9.368178647924196
-14.197063796462714
-43.89417345996799
173.43521251011907
44.06164437918229
37.55534071361187
-12.771087001711265
86.16007222177359
38.8674939173633
4.590974131956045
4.829577950074563
38.33971151851915
2.3355237943783322
104.80832436684796
-118.50292972169245
33.78718443010223
1.8641818420779361
-62.45605653071334
68.34529169368005
-89.9552716665421
91.10763393470393
-50.73309975911661
57.635170423367505
-90.3645580135908
-164.84090377781695
57.92861655737286
25.158948217347493
-38.43520221734468
-9.302255711907037
134.91027825806486
20.89635993755267
1.4449212264619504
27.03586000555201
186.2642860090341
130.7922215719227
58.4455735684279
-343.78024712756815
11.086680833357693
121.2527482661526
6.985641824093538
26.37417899508125
65.49893258703622
-16.74646261566204
69.7829503906946
-56.24877444310732
66.59206734078026
100.26740639074796
68.18428817018594
-83.960108056644
-24.162131997737433
29.918873785713004
-79.4520062368183
76.73019431640341
29.59863834568887
96.91261885662539
61.26189264180027
69.70267745573653
61.855573536244265
-58.714959021576306
31.582806323257046
68.81877420220303
-132.065270345493
29.72714496519447
66.24373626704346
77.09770005701455
-95.22397390952226
-25.577329821993764
15.520465916843932
19.87827279471776
27.7723177753021
29.206497630770453
87.42008839364848
-78.3354649154262
11.18686187183801
-84.3931732890087
-91.77402330115456
77.62025452179932
28.70037216846751
182.21419678900065
14.573853274847494
86.63658024527786
57.12097212742728
84.65903195727924
107.0091417564065
48.359812742478425
84.14372361135946
121.23953634906411
-302.8215156815613
18.81673596626615
12.794464952488047
123.18980512137819
56.89261589421588
33.11405552619908
-13.90682320538781
28.68122343030018
-75.41082532180826
-78.76186101929989
39.737433712123185
149.25017448520066
56.14590351470143
64.9544715911228
74.5746811085836
32.03967378880448
49.36292070020056
-22.08603184610517
25.8695533665219
20.06921682655456
-84.29302520292549
41.758870495475605
178.77306045285468
-23.397693995044335
79.74425351451691
-13.67304196407416
92.80626688552525
35.24027164913366
103.66923942602614
-41.74979135272679
95.01407762787312
82.31761500287212
33.417964321653066
79.15764147716072
-35.32931819757141
6.867587478864152
48.350873039821636
-180.77183753872168
40.434318365742456
41.87781713024113
74.19925046776814
163.36322925899685
103.12596944251072
119.43038858579348
58.18455106498732
-5.012627090184651
66.38978126277911
45.97038445045848
-122.62571474618971
91.13075379769361
-83.09502688336033
110.23650936904369
-76.0196705646099
151.7220685299908
45.79589441774033
16.786691637319564
48.766597218380184
32.79694827824655
7.81947633401478
40.71813189865088
147.51144285106693
31.428529030551665
242.49085296375415
37.09997889458064
-47.03531951042447
-16.595060977266513
55.89219321609198
-249.93515780890948
-70.50202341263412
85.75644482363788
71.35925066075333
24.213197594534304
66.22514814770557
17.975622425930574
138.82004806005807
92.19261565461238
21.543683561728372
26.153904800615322
-147.00222041380857
42.16148192642791
64.53375792330144
-4.569990959408642
18.906872209581188
-163.88818266212547
-62.82176380897633
19.18775054808384
-28.205499921853516
76.83336610809329
94.96134360605055
86.794197855324
-21.108951455455554
54.04170358541114
-62.06665569255289
46.36274488569587
130.95642225438382
93.01784506200511
-64.05854772600634
133.13781192902616
-124.3378470380685
-3.4268284192885403
73.39636775530744
-92.91953649100394
-50.847917732282454
-144.37201230576693
-9.988895559844284
39.648866575980655
33.63426062747749
-7.974834471293434
-139.81644356701236
-80.76664857651087
8.330215392250466
-11.526228719504616
54.31125518186445
117.7979691441551
5.101537546783082
-80.78529605793665
9.594449514233474
46.4359239479915
39.91445662975207
18.60619436039103
-8.809561019329895
45.16925263549837
-24.951025494051464
-13.578087828728712
78.26892961329713
107.42669082603379
-32.41699579486152
59.48732239203605
34.67126254941117
158.69177181406394
141.68139600127734
-56.7510480278188
16.333972312438163
-7.179702017520685
89.81559915728349
30.16759554908947
-7.678900623217487
4.951934181163444
1.2570707801992285
-147.0445743988821
28.705378098057295
39.66755293096776
8.312621173893193
18.49709418270413
39.582560697528834
51.26216836155705
22.06530475133298
-159.74674063233752
119.93164036515873
73.59819659137156
21.167336626495427
-116.23566812523964
75.64741481532928
99.13033723973331
12.431534254717434
-710.7031541158858
75.92312579913423
6.65332279603399
-7.837769111304027
-63.09685794354709
0.710374137881189
38.756008213435024
45.48929956851555
44.57986544528025
88.96744142004513
70.24456703928468
62.96823541427459
180.2835855950707
21.98225375301854
29.663202303562166
146.52027912319113
10.893162111741276
20.423407756672994
-52.259963891418465
62.3191398319359
2.5441137797971725
14.680468197760238
-29.88318585686457
23.88269564146799
65.27320192755332
39.65174047750296
41.524970193761874
121.30641009267447
13.76474004748484
-68.27989653613258
53.832006059732684
8.60299305149374
188.31023714660478
19.89880353547396
93.11081236002889
112.6484905294825
-130.41036003158752
-5.99497852067816
3.477753999369412
104.05807153966134
205.14660692497364
-133.82737043499947
16.008751623239142
37.074744261634805
43.11032186940661
-20.29391163913624
44.80738441856825
78.23032004213701
9.079217983595804
109.27105311911839
18.960615046312938
42.477434025569096
25.06377945854973
48.22605157884882
-15.89345171804487
5.976815783944824
-267.3948087343733
146.1853212490132
32.85004705720369
118.59842561365645
113.33425820875755
35.05282907783119
-0.5039347222856918
-58.296517096780924
-12.951286517551239
13.405472155235657
-811.8538075457473
25.48382635003327
59.36009721427399
58.080456372043955
60.629603248582555
167.07032699022693
63.52929183011838
-8.450130930308854
108.7892683743321
69.38670441739805
35.11839320295854
89.3230617568529
33.672122096824296
-50.396816335282914
79.99876195518414
-1.5249602609822297
153.3866296216188
24.36753699445953
111.21792850827956
20.370988543109778
33.95317353375623
26.945823408122138
8.662986294508283
-17.175662877114064
46.01017288994681
148.64268602302127
102.74099530415424
61.71810682539518
93.97413388315863
57.52278718764907
-76.349488150443
-7.2382465605694675
6.686326444419029
-3.359148428655714
-134.11735050497464
291.669296133392
76.98081944186845
60.325479848517716
-19.357257355383904
46.14224843435886
85.34275354289957
33.82333652749481
122.6902988379561
-50.680289628004175
9.43485025825818
-88.96681517300885
25.028615944237345
-109.80916919871879
-44.61165106694034
69.65854781846315
-31.212747884179617
-25.094563652373534
91.24071649992311
87.93585755307231
69.5013571944171
19.65058488381381
62.075755026251045
25.985489282100417
11.892226011978126
95.79224449625349
188.21329793583027
69.64873052387588
122.65762059958661
70.17733483169411
-157.18878850271994
82.67792206099648
-10.612429552291594
178.90216633008777
29.206090926556953
95.06101287859565
69.872446252249
48.01187125075808
61.476754271823665
-230.8263665345703
30.583489177710376
43.03054150507387
35.1072513041747
65.3254124405089
238.64424636379272
-15.455005811554367
30.684540750775867
-1.0796430921195637
50.09065816007842
85.29124884683779
-28.397296529234154
35.970239033748086
103.63242801046363
-21.358768203348518
12.610593869939843
46.67906374226106
60.63379186580427
53.926015733591456
-1045.4442982359428
87.83268818817169
54.002502111717604
71.08185236994677
77.6396546794823
14.02838130420512
139.8477512864897
1.0209391357066124
129.40422602389435
54.9405424522935
-176.1608804264024
16.46877697230557
9.287932179625386
116.8599324836041
-29.227066589275182
-48.40033766775832
67.19695928529654
-48.08262138969167
66.50153055668761
40.84306493897111
36.9721051964807
23.391942076530622
93.5175452204312
-46.78242657818735
29.261112852466105
176.24941222427196
66.00989483853716
78.33519569818282
209.62967593737267
15.168031706731544
4.256450268646966
27.22164463861705
-135.07428922382223
122.1522406889535
4.322183753284207
172.50130233070104
98.80032843889967
16.25090112863022
26.205150159527385
-239.84805715336142
92.72324431704692
52.97707849675635
130.31670051850824
-37.79955151998426
75.48637253981951
224.8339202733896
68.13251389027891
19.199780424911488
97.01456866996233
48.34190110411899
56.65765794598357
-29.126299868207525
80.5818544917629
1.9381630464788668
-9.449484647816917
-190.74304415289316
32.80336964306376
-110.6906755448299
193.86584564589884
55.015103884499496
102.39528665951343
161.02883397766163
9.587423987088641
30.30746902137961
31.360482749984246
-151.21749564605852
8.922772194964892
-1.216590547131843
98.804627842179
-20.858573818568402
71.05324097707671
40.64264394392583
66.44820070747846
117.98658636106825
197.28242357778527
167.4527115018036
-401.49282523776947
13.901592293683791
52.91430623331098
-281.0472402298692
27.319574424785426
67.32936868817205
60.042827760858245
40.37579067428155
76.27035960451212
87.19113222511828
68.44495001107316
-100.21721326826582
134.47610168506276
-14.075034791613234
41.53018913050893
65.81431669526137
124.80761934724524
82.91791128862724
3.4210214954833233
67.42999126373525
-8.952010412614527
-73.44573939809561
-45.12010275748053
59.85832828454622
-0.7051645737913077
132.73213663900765
104.60985197819855
-303.3637526681696
151.72771833560137
-38.67537414235176
0.6993217280645077
64.37661531666527
0.7451796433838354
-87.41376518277532
86.99802491270259
-133.96872963575288
-40.61757473891885
-36.88802448982142
83.05614705354503
12.845944088948272
76.96172346246925
113.4917964509691
82.89438844609049
169.36778120146755
-141.42513014851824
178.85921989582675
30.2808915310478
83.68802396470036
-27.97868072177789
-28.1874072613237
153.73491036319592
181.05214207139124
-69.3814408353279
92.11205405695137
-17.36390981019084
-8.151311228762998
8.497915849787708
13.412526180678261
-54.55124261880428
13.03652597660161
50.091527313106496
110.50232674800395
23.478073150171667
-5.771860410087206
25.446139902555245
-19.11003834509393
42.2060941782068
38.698905191486624
-117.2484097479663
-47.14385688946277
76.66267519480243
19.54015912657451
26.21651491108097
-26.721126758580844
84.2969829864976
-64.72343769897725
62.26558157851284
11.401821943780789
8.734386674305082
23.532297875543755
7.5412257325388055
44.361227161471106
-44.66108736706019
27.323369964538273
-139.29918530795385
-14.31429436726341
11.25350127907484
128.7237421226182
72.62355948572394
-57.4189955567333
26.34516315270451
291.0987364484031
-208.13352207382468
-27.659703516212176
166.23789088600597
40.47131935879951
21.445453790880947
-1006.6475537980433
119.80656311352845
102.52153370656652
138.21315064479768
118.18751758456983
118.29517960403564
137.6400742580929
53.12172588183924
70.18881085297016
-56.98862073668852
-64.87480827602263
17.91304092807968
67.07057449100921
34.11455637355289
93.56861510718136
143.8312244538647
-35.63010735031739
87.15994658085947
-189.18002649835125
21.41302077093278
-32.81925173866057
45.16674481967266
-1.3983396788381224
64.86175039181603
52.14515302934727
23.18540999051379
7.785908872559048
40.18649546424331
64.25474862622852
63.20112585891599
36.655397161729525
-2.6095444407185084
85.04818517718286
47.00210173581861
190.85383803877176
136.1309854518987
37.158791106002894
-28.31566068968027
-124.154355182156
3.1742149415125027
72.54342780829853
45.054525234462865
80.88027640954178
-110.130995632353
-24.195677180358352
33.315983942675985
181.8848290887206
87.52650892231213
-74.31589512146911
102.74951047157128
38.993820608701995
43.41313856518581
304.42104282194987
-130.3369074098082
94.78643484276427
-1.01698482053413
5.796439086739482
23.2345255014766
22.901474343277187
-10.352494499827397
39.04350111055635
50.44960527988678
3.193281697701136
67.20963576135546
22.6552347767007
-1.9879997509083296
-114.0668824634378
85.03420569327272
24.2536011969662
191.67046829228866
105.50732274131042
-15.48300712045372
66.62058502278425
3.689118779425121
-2.069077166321604
8.382721633467504
50.42189646977431
51.48575587848609
63.808937553624105
-419.7844015102466
17.434624906972775
81.33506266633383
-74.79467314585054
85.88383251815821
128.17143774632268
-28.170368531627854
95.02372221339425
284.94617965331145
-17.953459092288995
19.465161854320876
102.4398383573589
51.184731205488106
96.02849193038946
32.54182257972877
25.434020327588314
18.100593493759163
-11.308172748486413
-85.9049890880001
44.5777160431403
9.297121395692871
56.07758228730053
-14.018300232919955
-56.48960482206712
-51.14267969230241
-4.128706033213348
29.229100522262204
-58.0001843572419
45.406772392254254
-55.81885522945198
205.52584246025162
66.04554477570537
95.18967229660075
13.342192244333347
42.661365173116245
43.9862508374414
83.11303420937611
-60.924939267034695
67.59287892600159
-78.56989179293032
11.429810996658489
-28.882470430134155
-73.85926600956736
76.52721821030661
47.42631485556012
92.96805494153227
-6.064310057140119
-100.48641394235256
284.1430876639279
43.586366456861924
49.881932201994054
-3.708102364684054
131.55028955263424
-327.48425746764497
-73.240527215557
82.31376381906966
149.6166060980047
28.901639080946644
124.45532799956845
46.32856695511197
150.3317667103929
36.695595853359364
26.02171512379564
-108.6762129887361
-5.033408052877334
19.779580912100275
-104.64625954369967
151.66061779015854
47.51410369333887
17.710361342686426
46.83002948698521
64.37882061790333
-293.4172326265081
-57.152446253304916
99.85877819778216
44.37248290604873
53.71673190066667
61.336259860762766
-148.6028377031887
-0.48013720747280786
132.29104171816198
99.48493662732668
-35.751781453394415
27.447987610197288
128.37883587009628
68.69893005168825
91.89301459413525
-18.13275156490555
-26.43520607888422
43.99074805604505
38.707253981480854
53.49369256813603
57.65702797844983
33.809757814800236
61.74787561635594
21.987244830821055
40.969444548783954
-32.504766449739954
11.5206627785483
76.41336944016302
32.79908534061743
-151.9500002122547
97.15303711120805
92.53587507060547
53.21812599964697
134.91368641219833
37.60466606836307
6.23478447102832
81.00566954806163
4.691050146018824
-14.31423840447269
110.70313722679066
18.45971165042236
-47.465433102305084
62.10418046182758
88.45235443331899
38.36068291418998
9.471760081195043
43.1376077240915
9.460813542276025
13.073625052206191
96.68808380317114
59.05759180395617
72.78984357265722
132.05380852475855
-1.6467090126269357
51.15231575252461
-14.811722210842419
292.8864555990767
-12.61621436039832
-8.560885524616424
-43.793798126562706
-19.26863440569799
16.100089352261158
35.409748166629015
17.473403956750268
-94.63433379856815
-16.391037484712797
-4.953330348806959
36.52097683744556
4.606036828180564
25.071090296157262
58.94479198332763
-222.99677012054508
24.7306321038761
13.567413089844681
27.18703776733446
41.614465433002
43.94337309866296
35.62457758096115
31.95998535610403
-0.2298055416862044
98.72750966593821
-38.74792969525288
-246.0665536644151
27.107569309241025
-48.75527284838063
137.47353420363652
63.65554008414529
33.0199805518257
-60.221641132530294
-94.95073454563544
-35.311453717584754
22.748926925534423
-15.874118475094292
-49.83766308131999
-306.2607077576913
-128.32287171507414
-4.1562756661969615
-20.7447945081708
-17.389008908904408
38.83254435939307
-21.13572865574546
177.23973529255727
63.11140879214872
53.12679388565084
-353.2926442799644
63.87134503689617
39.985423512249874
39.95422088657393
104.64807263961532
-58.781267250696146
112.49539547110089
-73.76937057480245
-4.552655578330863
204.96401236517795
38.376704893806185
-33.941385853748194
65.73662107931955
-16.044493127029455
46.14930947564349
113.62658971564304
27.387729897663434
78.42590668616731
-70.66263508426073
-59.7342737624931
12.686578410265
8.711725156318607
348.26905059878754
103.21085481913565
64.91997937293081
-42.41329004163558
48.600940992358574
134.65528091616352
43.74598506948587
49.777541722952265
68.41598427753524
19.916698285820985
26.49514598264991
-271.08970416318607
-62.87642801208631
116.95382906092107
119.1483148745092
105.57290046451772
75.41262913067919
11.023247988716784
85.59023908014251
16.271406500001326
53.75062140265311
65.83301287593281
-0.426603741454066
95.34248438882742
-187.85738942942817
16.70905703865992
71.11245446557791
73.00533783935637
12.876279905332927
6.693618090939462
7.061182983650951
-164.1494017163568
4.788124532582111
-27.670052897043206
-26.175182199820938
10.223862477331522
42.87410504420676
12.503040628566136
6.3595393881703925
43.442275634319415
35.09598710259826
-0.7437653644090005
10.545486224102426
67.79836012330111
221.81817659056833
66.52458190997231
150.04743810627724
28.31206052511419
-8.06240582121709
28.886665556403397
73.86443098453128
33.070976474007736
45.001578656996756
37.41783672918005
86.94427244577352
29.4350593933075
64.88485311941508
1.5858358690577923
195.4848631955765
1.2429577170660195
36.45172149860082
56.801320912722076
111.00347845499823
17.052959249463687
71.355740049523
91.77438178272268
62.25782565204338
58.709153629452885
69.75631027719737
129.9803457423959
95.02537612619517
-29.57380119701247
90.88540133768493
22.381820995237174
98.46690806689867
60.10406327017313
25.654322603495984
198.61612067178612
-271.851546926684
67.12501280170466
41.52104539860714
85.44423235348131
62.45319901086185
-42.011796873204275
206.41799502030153
166.67948903826118
59.35581694857649
-77.04247260798684
-4.905775220840042
29.97597275153862
2.459360770923035
53.11847053492272
2.6632868334313855
57.60526964127371
154.79058422656
-273.3473668125175
138.95298033878748
63.48576516649882
-10.613305703549031
134.26253027625626
-632.859988725152
46.351562360168145
163.02873462406706
38.95487321351155
21.887254709719702
-137.47289557922886
56.040056525444925
-10.379190338512105
-10.412082261658846
45.59855180966213
-157.95811521844962
18.25583722551073
-5.3757260264540845
25.83244310766806
18.430434137693428
46.3647536223516
29.14893239599303
-14.35769322709308
-8.712611104907957
113.34223604995077
-41.9264637642778
4.048287394617404
86.52712312799486
8.05670497061247
139.84281438288644
156.228777148473
19.039852779271026
18.550814808809264
32.13197328513908
119.5047653638162
77.03466036028067
-832.5858143845844
39.192779361365616
15.546731192500907
-82.1854294653117
131.1942935581601
4.6163933703698445
48.090913928386215
79.56702364475782
-46.433366802518584
16.45283483380812
66.82876457618045
-14.988093641910837
92.55438468235269
45.36864899639518
195.70111277058277
23.588524000609652
69.34937054858906
205.44001028075309
16.679097083186797
-80.16085828472796
88.99057429436226
39.40810863253912
124.54193536149774
104.28720303010391
-8.71342157014074
83.89061794308151
45.51813087700549
-101.62810285467549
-7.916726754361662
-169.84161150834188
121.77096381777983
-9.465759527855637
170.30229449817307
65.70428515245067
-56.18212552692785
95.17171441661822
-18.532519132119887
-30.88498938729731
-30.94769252437527
139.44813106271386
19.90379842153834
-54.564395619185234
125.38656337903785
154.68881393052925
-23.521277354431408
26.92009570050859
-6.306725001456016
-403.1547548981615
83.00882621505161
61.499518516448575
63.773968054026994
-0.8374223888631604
-124.95781041315968
40.03213541893365
14.644867441532947
-244.43597771933264
7.633176317864631
-651.8189191207039
81.75429716700546
-702.6110309081955
94.52734640766835
-1.6773698858812907
61.86853361483554
69.74522514245473
-561.2144456640872
65.21247495772786
-80.53236090438622
7.672265246816504
-18.260745828085195
-51.058921654550886
34.98700244835072
81.31809759845873
156.80892103162205
12.701214878353364
68.64330936505897
3.456398697348959
81.06195712575811
-20.20859454959983
-77.85259480861653
-58.54356267525873
0.6774249943482573
21.499327647544643
-107.49874018960588
1.3601444976492063
79.95136547463417
53.27578983188746
79.37023980515323
-225.74022441753186
43.33669652745295
20.17135760252261
153.94250102112937
-20.205134863132876
25.811104467307587
-29.03044973541182
27.821066553845853
-65.76188931574575
3.878617404678693
-50.688868459839895
-7.4008476861835675
45.79615346965966
59.03674710085829
56.457729919749134
1.1168391977617427
36.5024062484503
-8.1909760693338
24.471305555230572
72.46405967363648
-927.0429334238997
4.362722127960637
84.65208228644042
74.47748501364549
104.6221201390681
41.041531295907845
-133.8631117017303
38.07685951012627
-83.48862422036382
-7.750489866736855
-47.2757137387172
39.10842248151311
45.57692940577817
74.97787599560391
5.293972172163214
17.906516314628064
37.9483819251892
25.787432565077694
-221.62582467173706
-157.6080685375332
-20.737720628601892
21.326339391194153
-57.04618636624855
25.15821793082432
184.2953437844567
20.879939081522526
-69.39731234133887
20.625019439832897
87.3081161523341
186.35562107619307
3.7403293808604468
53.28294223200678
76.0053290041144
24.313738002209902
-282.12638917710564
112.57284575702715
4.51757563136105
177.93726350042698
99.09278857531262
-57.697653998498936
-27.94933539257279
38.00234704045738
-31.431602565452522
15.512612602320019
148.79306284349377
8.36336502800051
-4.651821682771992
5.709869846828642
91.88632259392534
88.06090830207904
112.6840904954854
-11.556008468143782
116.87467837026179
3.2811773127496053
103.23109019061712
29.921017144410477
-30.585872444447432
-35.699060037072286
73.3953773243752
255.30906430127288
-29.370048410226126
157.83020059491628
22.458096728298187
53.66640564871629
13.79652869322598
156.43881169726728
-236.3863439634688
11.16245357974276
49.32887828884543
54.42881516493001
108.86041314521162
27.32903914590679
2.887238387217221
48.97376823710454
-19.728860770014307
164.8675913691127
38.36228094079502
21.807615426668256
30.19813751157983
11.151909448497925
4.864929851715033
45.32248251398323
87.34742281251192
-7.353534508444382
12.132704273955488
15.030733113966026
22.4128302543877
15.475214705867074
-8.15881331046694
44.46011568754267
86.68767609061206
72.5091501921407
3.126667535182764
108.93446877763017
-109.23616182632465
175.7686537732975
52.215055002458485
-28.023532304017863
200.49089399966442
-9.38301422789279
52.48452289114411
62.590233007501865
35.41040965891726
90.57249462314167
7.03081100945883
69.95395339096439
-13.815658819442916
-33.92666992718177
14.157416184889552
23.809403099194242
49.91233028304276
46.80640539439476
40.585017073939575
25.161994529562506
-66.14263798706088
131.60805972753815
42.674868240042116
57.53456702564953
46.05033138890562
67.84668145020225
-64.48338926873839
29.712993930074834
42.557054225256365
173.7641452781395
78.92120138188511
70.77709369379181
126.16769412484246
81.70214718898364
-220.5364483365247
72.33738877135667
22.743353379928386
65.19867613288807
68.62385641391575
-917.4661938276988
76.96234406699523
-118.34285210519192
-121.18026779226238
-585.5453522633692
40.19310559817484
151.03364561125568
-14.20129406374047
-338.1410841224433
43.364869920135284
107.90298090062788
42.91211016216266
28.402079234915846
62.0290311178976
19.551183222560667
16.29021693140521
-86.58785831285377
40.66778562564468
62.79921551590451
105.85544612379476
10.632284001764162
-30.986337449386156
76.79595944568457
98.00450307912013
57.556482427662324
303.9536493324672
35.90316665272674
-6.256157419153169
52.66591406215457
141.88349262760062
35.2699364090143
8.109377044317625
39.653882043368554
63.237491220243555
58.738799617461495
-35.39977079738253
24.139642521304182
78.18345722189451
26.6928867783917
33.737029107501456
71.61972637761755
40.52842339807921
22.966511118740144
60.39227548296665
-143.0077627724313
72.21353614634859
53.71980016465798
98.29356678248564
19.555463358222106
-0.9848794048292089
31.893697759470797
34.289724105035404
55.44218680278664
-100.00272366851004
98.72479673378922
16.43660905610658
1.72809522110947
59.455769395736645
77.22853024833358
121.92587078582164
72.0608410260262
56.4345007973575
185.61497193387436
9.70316923252714
20.906127452857366
13.963143371439106
-10.331071138845346
5.062131113237015
93.70982184242575
105.51143300741796
31.149655528437897
-7.337246145427159
34.896524166685865
36.05952209996167
21.98580939645472
89.7766454873231
90.88002777004749
13.531716018165568
40.49323242609935
105.77745817716186
3.245215809806038
-22.506847452856324
46.72829652881236
115.66756199867427
74.24649457311801
-9.924386177946872
77.91734516083784
10.894159649863404
8.665054730515749
96.8621325698407
49.56855162005486
76.19856493846783
137.92996343052255
36.09652142105828
-36.657620330136744
64.02951868349555
-317.2795576205681
29.603677058230737
-41.72350408644297
66.06786660521902
46.597288989526206
-4.203764293563756
159.9823408786433
71.17647146974849
34.956937886179844
-70.23022513092383
0.7796520529807909
-4.545822506558125
16.875732063167106
-36.66778017090289
-63.9956046222124
59.19661861854911
-19.00381611445547
62.67650783420595
70.93214592864115
-29.189981901450587
104.9945369969376
64.67422263820136
-7.374826825750915
80.60770791908635
125.80959939576451
73.50949236536735
10.129808848804279
2.3009965749689343
-89.28142909574308
-134.71902072843568
-133.91430901919375
83.05974015409785
68.92797988371808
-20.315510788833308
142.16759053354053
-93.24063055676692
76.71221024415354
78.11029423834952
30.572199521583574
5.475393499434281
-1.9019490876583234
48.48094185709124
-174.97713954346182
113.24461710783953
-3.2646638615160555
12.387600769357505
-23.68730776585369
32.026955694650766
31.19786925912169
-37.9940807665771
25.119814246920626
4.045597742895518
129.23591612412793
36.12633246668905
3.8158110101840066
123.16326017860956
16.67453081668657
-34.7508490224609
160.56716465060344
41.90012004994469
39.66181533253825
-20.488556872000995
85.19271962860239
-1.578353557097378
55.136856364907544
47.07589107369404
-76.94708933066613
80.45036001700419
79.93383975280358
5.93532885343393
-570.7813707553869
-149.89780390559417
-72.76859117520735
67.52062406583468
100.13927041177612
-41.96091573277499
181.14889285947356
97.17554809964531
-49.357621160258
-20.25722457732627
65.96484051003927
-8.768655570766926
32.266994601715396
89.38607362213588
127.030241699199
110.09105065067433
146.48739448341348
25.736833977817305
52.66802206477496
-0.4965112412902673
50.11019005329693
-49.19558704049825
-12.842931106013129
10.729254641699736
102.16883701843153
-87.16647253436622
265.7584499567665
19.642974533492406
119.01036538534868
79.3225595554766
51.22361891125729
9.080083397714589
79.49624080455851
-3.7549806958986665
59.268373140021595
21.28933834804311
-0.3071889173797899
108.78406827263325
-103.07581187707729
51.29872070632871
39.8388225445683
-144.22281345907118
-5.545810288232133
141.16231707884526
27.62809081668516
-5.439421049584133
-338.469233714799
30.426484277681823
15.772818430423296
-6.262071514400107
-64.25574844481162
-52.263694557489885
-164.59598053629543
126.5596103981984
109.08037543354521
129.09653678965424
98.91051248343581
172.74075440280558
105.03597183088095
25.038918001443562
-263.1464051248613
43.78369628793894
-24.731804228193496
109.13701801673051
64.5068943087782
46.89048825197051
44.62435992360345
-127.47669973263874
24.297196020458085
12.122163222802905
67.8125534743756
82.44676963853476
-50.09364661552771
-5.62409705234694
-270.0510159574451
26.101743779219237
21.987012171862233
79.88489334739978
130.94225271833193
-4.954182609504642
-181.32638786752705
77.69399035556087
1.8188890475887547
46.281428533309395
-325.66927492379455
-160.13590174566707
-142.50376533984854
-53.2444586095603
-378.8987804456333
92.52479756202956
13.691123964291544
153.13897270370035
-83.50512255538636
6.431646469568385
76.12488018355907
-82.25758054927064
84.53126321498445
-571.6364669413142
-3.992373539924393
63.43405461104794
143.2663129330126
15.636273864764998
160.72318421542195
-31.850701113711793
53.110028743514704
52.22255768954538
-108.70151768278356
50.00673419181521
63.02279316651345
-97.55155370714829
56.76758742467746
28.30715122846425
66.58272933227016
73.13379980171308
117.30035412066582
151.5502242294897
47.50825746509403
5.174334037335258
113.2114535958799
140.85829462780157
74.79022427891806
52.769835317036396
-4.124425957937149
-16.568762754067368
65.36705225846231
105.62498922886982
16.762170473934308
91.5659123925218
-219.17272483399756
-247.50134206548103
81.45993574311511
89.2042911333283
-56.77293331563396
53.83664054765859
34.528094671790285
65.03068668866402
24.28660882983877
11.889169607147892
144.28165963810625
98.38870685964912
29.01180556038298
46.23174554468457
52.918208116820686
2.6848486556937132
-29.145625824685915
125.34001288790523
-13.129213816052049
-540.4448802570253
17.56144135347116
-32.74026395941473
-91.8589136530154
19.502447559488406
151.78683348041432
11.421482174621815
44.40666483570877
96.14555792486135
36.996588915676625
126.92708834949826
14.115607842196809
24.57150023043286
51.005954755180596
25.652308613150808
5.840608691496175
74.38902030657789
49.68765329232323
-30.795302009062652
32.18534342893629
76.91526056930473
-171.06214276116134
40.366293635688635
96.79166157066493
147.89772345400297
69.4896660285458
-38.368438773649004
50.45623506843651
69.8178889526082
72.32376766428206
141.80154117216352
-12.74387815616592
55.78468272184773
1.3983755956569297
132.09461716019632
28.06363996074657
-405.16002419912184
95.00646271980008
-26.813424496337575
-4.722593434119808
-7.739274378029211
-33.44112282404203
27.44619382516664
44.710475964245234
60.21860302298694
4.300485800373398
-35.387433598961984
39.9858695771328
8.678242445264912
55.84356764699325
40.699443172842464
46.68790759341141
79.00978848407357
29.091387839556983
19.597159946429535
45.22193471968558
49.38485887546672
-95.02981275647198
-17.924237331434597
-596.2965432619841
110.35370950118431
-81.20926954380336
51.61376882694355
34.03097278346335
63.95095260009566
97.98550608973733
-18.87843522159983
9.948149773333828
-38.85416044726935
136.78357590687483
208.2559737289739
-14.87033574456916
131.13992818856104
52.32305317390865
80.54270517759147
39.239741875429445
69.44340661860174
152.6598853683745
26.180199577537735
62.84951130209106
56.48154378552681
12.273550901988218
202.98278518063307
24.972892116262756
41.612203558400914
118.21850797494108
44.94172634435837
183.23112289530673
-87.00347231271758
23.493585412909827
125.48211233472011
-51.537888467221364
47.458237033337575
29.45299545213959
95.41025205289549
73.24409021700649
184.54200102751247
-84.78369818244983
95.9953386162747
53.32291737616015
163.93904775578494
20.59640922321678
171.80182325923442
59.73830749475883
58.717055301457094
83.22556000906116
60.42741438351169
47.02287502084302
18.730380627494014
63.67451262246527
-7.859974130096747
98.1629536905516
35.830550765557746
225.74332442540253
130.62489037978253
48.42287106171716
27.57562137412661
-36.371630466250664
60.44978679574115
30.584358154909296
-82.69109369169064
-100.68278941034441
55.457223994312244
99.84313036666015
47.60899068997469
2.233743985648302
41.51437629713053
9.22744390718402
62.45236693988227
101.70448547994386
-2.8232386642357596
-118.91612656734105
5.66431440330075
48.31206802087593
-15.398448603933204
125.03623721431268
85.45549987493109
70.11051870108327
157.2052156309776
11.315161801326212
79.18811719831365
-9.02548266403916
45.28129745904175
-195.29724948078092
59.63825250567905
22.295586521103274
73.88173081825835
-40.54045728815919
149.44040619506904
53.322178624974015
19.774070479562425
18.953587987411538
-24.131601133097774
0.6791280493758205
51.0217816471677
-152.3045479828511
88.03859474160936
-1.6172458919463253
230.418161416168
34.682417701727104
3.5387443111926586
-13.094625881043157
34.80591130857875
83.92033390184724
131.8226902691897
64.04516903037256
3.3530986419853357
60.339637988771926
49.54096704835297
186.1084943424048
-30.934025753636888
-6.745399460322908
102.36696861354329
-17.884280744889566
26.678639307862795
66.9530923748107
96.17013868172717
138.73665906429096
82.90643257303304
42.54625199833505
-62.797144774235605
-108.08654977944343
133.42546140814147
34.46704380102983
-8.67073140871197
22.5994863016017
35.63103454788474
-3.2832826759938527
34.88600138434197
128.47087945088106
65.96719023703372
12.5641484107
-2.3652078368922957
63.41566264985113
29.075524438811417
91.8333446794145
-74.78708286677738
18.013759193003864
15.127576920718184
-1.135636723025398
-111.91679720923275
42.11529492335621
9.588439726484268
-15.22389275692525
6.517742624916396
-153.2578389077089
2.1597993261679873
30.437200436682758
-16.910130076673795
24.156141848541665
12.668060226073084
-18.318634556507565
8.739990985646884
-102.37219476435459
72.58951144420644
68.24308932043141
41.90632185581444
-206.6351730177831
-7.516052196289138
-144.86041795901565
72.39965246297089
99.99841050757118
10.59197896276595
-103.27420096381093
36.22935940190416
27.53378482163991
90.07972791563043
-85.41749122826423
-297.12465312152017
91.1617375328592
78.89773415127559
56.384063759910504
76.32038879259017
50.949622991656
150.40396670091695
101.43875915243234
32.180427137981496
-81.30370229499385
-25.17376159328957
-65.55969485729202
-1.2910559559065575
12.390009895195362
87.50206176429441
59.897340131016335
-68.070858108209
-26.16734486179213
101.81472932990891
47.89636740948254
-36.31072884605783
-63.99321422712637
44.25959797575456
113.71183665086664
45.42384972956549
22.8827662322565
-107.73166910186774
92.4134458140361
20.054698892656518
105.07710855404002
131.70488332246646
-40.58232862578143
166.38449455650698
-277.615361782724
-30.474626149372455
5.773918168081121
3.2984207325941384
65.49237252595648
-409.20646755793405
41.08609139412624
165.2656943745419
44.86249275620003
132.58218136394953
38.622619874245174
-90.13637015969744
183.84846155352534
-256.95307593242524
-16.62843526013497
110.05331947725608
-8.936866387854025
95.7073427322357
45.89321915801815
-41.294957793552385
-89.51496746051862
-38.71647969706216
38.886625261617226
147.01192461991081
39.28387759087832
37.50553501502009
70.1432177249427
33.47516550324565
20.556738109427897
75.75280033944273
92.41327036042776
-117.20506680748667
81.72132595084236
-10.366109315586513
282.576068681371
18.100716771492415
165.10817556383745
1.396711802601203
-7.078919434647105
-204.81677079689325
97.95160572432678
60.33394293677429
8.770321118471543
47.77558602320158
18.332977027698707
-137.89800349277357
26.899996647119124
-24.462377085352273
-2.2272848595512222
-31.65676596648688
104.56483351806628
-26.320631240032203
65.92678351165796
11.249265204684406
51.26909328892384
-17.4131391974769
-188.5439891119322
-236.43375660543643
26.502318230295696
-15.904761515262212
26.334993271658917
-70.55167569220498
45.51032971266068
-2.3361134849423832
30.057116260868057
17.722679528079425
3.2925509717217665
106.62294127839527
79.77979168369916
157.0212541264723
25.744077175202168
25.335005437078763
-871.5022747446583
-38.92403249308894
21.20234064844362
72.42959034493742
-19.048774192831473
-82.76015687760037
13.741364395787059
-15.649424061256468
35.80383406827346
37.90097073827941
13.818718784935633
60.09447753281347
-46.23694383979421
-10.093938477901004
99.08702217689643
114.5072488167666
58.889045204104136
19.400612785246715
-8.582716382917866
-6.155445169788436
40.88244380740707
-401.5720414839752
-6.110846804709581
37.62513627845635
75.99150507810768
106.20949482621927
84.84620383432093
29.188592125891144
73.59731204624035
84.0146798968367
-468.9727229234504
-63.600247481033875
-9.47863450442648
88.15434833234667
55.04512631910643
283.083660636285
35.821562738149616
61.4026241673655
15.15145227373037
54.01387228295181
21.321075428701754
-88.07381436846549
-45.88463137847475
-50.63998299438532
18.74924832212463
113.15298280897423
-8.85298552649396
48.40111158132004
-43.3533324347768
-155.33822274514523
62.208262833326074
94.33161162236206
-61.36820348152821
17.53137182445974
43.15344040744915
-15.31915382394764
35.405534249312524
54.950636556327915
217.3635790193107
-113.46028319234756
87.3351549920805
-65.87448600231332
24.64003563698907
-0.36457446419727546
132.75086825141557
18.211529685772803
94.12593739772524
131.10190417123067
-6.718600045752151
23.229749931556086
10.124453300259624
49.55498294797644
-18.047022110720874
124.85178541768755
11.219835063311061
49.05722506001166
39.56192793064112
-37.63194121603486
58.27235754154708
20.41387672271871
178.13131385106635
57.959848666544985
-5.638524590284441
-7.467032821061821
-175.58944935136697
41.00197012571857
53.96167784852037
87.60523892863375
29.089634820993773
91.22178516655549
33.57775560177921
25.218805686833903
75.73666976409856
-470.7417415502126
-7.190049990070926
-53.15883245260284
-139.18356640320314
77.72148530971526
14.108403432522124
17.354293795369298
115.0140159731086
25.75445152407744
39.73234107468501
124.4136836271964
254.55862900618695
-2.3875000997297766
4.410498935691635
116.43417200326212
89.75972093802966
-120.03589461415731
110.5952599455295
104.28255820712218
147.01121590371224
9.810303165723878
109.70120968067977
-14.972302096285588
118.97245916201496
-9.90326531389714
118.32160510526819
54.78825552113386
108.1719000865969
-8.90257415754582
21.648691398486335
38.289032616854
12.37980597889225
3.4815746760955335
69.82940816900259
-10.245578594828915
11.893347282970717
-95.34623330173781
62.2381288816523
1.7528785966051146
84.62358326170033
74.67394826260005
18.870251359916434
34.65802718898864
-19.672750230937027
-18.89853869258104
29.53908399546981
23.280995711861124
-126.18904398189352
-38.176021637988015
25.206684439452374
72.16737427512908
21.991978182710433
28.581631476902224
183.91934077071141
219.46739457150034
62.930947470333194
19.373129553366482
30.699397962468506
88.34314163519184
-368.3770216266371
-16.863002330012932
26.139232717250252
144.86696086207394
52.30804856518047
-28.250342592439914
101.9135116470211
23.046188345495356
158.38001542839174
-24.881038618016753
46.995650573743205
-20.18630714739461
46.2641964317382
11.941498790072977
-27.152813533450995
64.23917361190934
-66.14506029513223
36.94076775454596
146.05317432487436
18.60294264936215
-114.83307592839603
180.77068002869692
11.401752691446802
31.819438983418024
6.220270461326217
74.38129924390574
-62.11673590004284
283.686993892617
27.863755155102808
-10.57692803704822
14.032002524538461
29.154567701507858
73.82604262002496
-114.80151307733922
24.408054603287653
-21.793199544817824
87.93984540627025
-108.32219691247519
17.32289072225774
52.02936692493904
13.568036406535157
59.24787913233973
120.30606679169478
-7.410744222860166
55.16156391009574
68.86351836218523
3.8898494244267567
165.33244166889244
-21.950162855352456
54.668915978007334
-906.276819671164
29.18549745058419
55.84297024672787
9.484482228892578
34.48258090452814
-92.39909725947143
9.869868138367679
48.975825958730184
48.25085834427012
-19.58201916264352
-286.66020774586195
-141.09536107423446
90.97666533033689
55.164854513466224
-2.7789249210107667
-60.612746810254066
35.32805924986906
54.97319276025223
69.48290644852324
116.16620815982378
103.59531688172547
18.655562321639536
103.4117993756297
-21.07571204431042
26.86566238584675
29.678825403141825
26.119109315262904
136.70828451097123
67.79279938102076
17.274224198217752
8.837646843554667
57.729565357011325
3.086503339076522
-22.98923322467433
141.4842861654488
157.8338826393483
69.67813595112594
11.953339453866498
35.930714812263886
7.949087612017593
81.53126763401974
18.98588099206151
14.22997808911029
154.3546780238073
-72.20884449603318
98.51616607337155
51.33242860643713
-299.40782641922124
-161.0821822194157
72.76733385155285
89.25672063753052
66.8734407069266
96.78415957318157
139.67664364907614
39.64557971475357
7.60008046159669
35.69968000931178
117.46825159527725
34.73273752638298
-113.28091136705189
35.94816836437269
142.09307488344848
75.8419907203861
69.91953603749425
12.106695730292738
32.295277243191094
-47.6545295364549
185.17796270368717
5.594803771486113
2.8693620874114174
108.2291669405655
170.3997263003148
-1.8928665088603678
41.33199503191186
170.6966846325913
-27.96654996226289
129.90711534957927
-41.76814396835198
5.396484774448341
53.917616074281455
19.845160952398757
73.39771609620465
8.330228985492727
147.86895330598463
-116.45209126657996
-15.561436964434051
31.09295133518208
86.72570230457177
171.86061832184396
142.1845476346466
4.345740564456742
-358.0797254118688
85.07843849607792
190.46548399361018
109.07346032293935
21.212911881190564
-0.7939345834629421
-13.720818816070732
-6.559944591835851
-19.881425316698824
131.9062646766556
-47.06472013573239
29.567926071386214
39.404685307754455
-10.036810141526075
225.9411657357423
156.7180986683734
31.522099021818576
54.984438395493356
-49.76671481608703
20.05639486761715
101.78198302074952
3.431516131327953
-58.86948521823524
24.997431366219814
57.68619002079579
50.3326675654196
-135.71156586692138
285.16728126192265
-36.12607856917579
-25.80952556836427
103.91331021484166
70.6480938402429
56.58002472929053
-283.03227254424473
36.6753289956341
139.76327189438098
26.115669737457665
-45.71379390717311
53.022935116817465
77.45270127810909
120.62380563304032
46.813257471656016
138.18297379376918
97.52817621491374
49.7119521125249
44.62633323235248
98.77828867023311
-203.19857336924542
18.449113011433663
16.499222789678612
11.960266219233745
-103.66443969886495
25.846001052423674
8.655160730897315
-89.03292631832392
26.337478732486648
72.96698397835098
35.91819728054773
62.264869617224804
-45.67964981466321
132.70855562729048
109.86616563117468
69.24649305309387
38.65538968868668
2.536855800494613
69.76639493564926
28.103347483256385
204.98977265998656
80.96309242488769
0.43757510161205404
144.96437551167583
15.311521437633651
280.06261426825813
31.469320234100497
24.414151569528705
93.13200619883582
-41.39253171795826
106.05988525891325
26.169299136639275
4.1888201973843024
-0.8285043159102534
42.2700659543499
-51.2452161200963
-940.5330582056324
51.33821162653525
-1.9428264937813076
-0.7932335689609418
157.97673106567936
-184.69551862298704
8.710760853519652
-107.64805646112532
55.055260858071506
93.2753238965447
38.858183269053626
-26.24339355357218
174.0044811878754
112.03773458242074
105.19040159089832
26.45418619540564
85.59978887567604
78.02755665336564
58.82828180573824
16.16510348557241
94.23951274155638
14.752785199597838
75.42938222621615
122.99565773094764
-163.12040837469158
38.709107875075915
-60.45817740842631
84.28321921570296
22.905212340322283
16.775656289214112
-22.587496196563528
39.18806143999711
44.05451576996256
10.620290265251697
56.58343187714672
7.852093538392152
101.119217327049
48.7154422553554
112.96378759359186
72.66139751321043
36.14985159308708
123.77618381596722
33.056619708951324
61.86133838752224
-178.99937058635714
-19.78414961797216
96.63182586884602
77.323096263543
-39.58500140244587
-39.77683608567712
26.717434175698145
-53.900632241816
5.693360338760613
-23.67445329162001
171.64439459990285
35.64232359195148
156.6635496779836
39.44666727280003
31.133648701932287
132.60456596064455
55.11510471901332
26.63130195853215
-118.91253993315831
61.343428633779695
82.44757229734728
-33.6553309675046
-25.609203474332617
38.02683646302694
-4.9069563464925245
-75.18336973903388
-85.83863633403598
-5.212847867317123
-32.443088158771914
8.593811468448456
-0.013512264604049307
41.85490849621874
-173.1666941260346
61.08821546654599
-31.895017058359294
72.32621835807242
7.841634880973974
-18.722693936465284
71.73287714774014
105.68165772479824
13.197236076192425
57.699913045208234
0.9828629031928804
162.61765779203597
8.338494262381841
74.74242526612443
125.65351135778656
11.966539861914498
208.11416761092732
-28.79547963253971
25.726892486990437
14.52804942833288
-75.87483369468282
-11.476730713615325
56.47819575160702
191.03781528250784
-3.909904795158127
1.2962334404827016
-13.54503985352585
9.343387438204445
-69.52489404387416
99.91616482407107
101.7121504711638
23.071767200597606
56.362931911733995
-41.15186767153409
25.13579095799555
2.8864551245176306
-174.3303631739136
68.20306878665917
26.907825783237982
-62.92231987986861
-135.5718975007002
121.56898740657493
-18.06641463560976
-70.42172784187005
116.91773217360412
48.67086183975688
-16.928211595624816
113.04735448000008
-5.213251936895176
3.676835784967807
35.05358806952697
89.44785659027838
44.2226544982939
-56.99166450170833
70.64713038800369
-32.51571208434416
134.3481439524096
116.33210281476818
37.98612874842138
20.74134673258948
26.738814543381242
-14.18650394715769
15.460812792244894
285.79970195308215
33.08041562118524
99.03175097103156
-27.62235195773522
149.00172474519286
78.4694955373875
140.15783178827678
11.117455696641684
49.47083975203566
-137.53878023978268
20.124396498392343
24.151570584616046
13.561830117424185
-11.868562919519718
-16.276326897634732
56.83904232431149
11.643676166459045
53.71841410616396
24.844821727773436
-10.841719803932847
41.755611934390615
99.97941273132449
115.07619354382348
55.6715989039171
105.12709965680563
34.39801015420869
34.36183792583396
-198.22655538065464
-67.90659236515376
95.19197766162438
16.389507563392897
-204.18707581423314
20.088779356727088
-50.31798296107536
48.05514008139733
118.99274265216673
37.63601913785905
-50.652902266113415
55.58516126097106
-17.34859440727007
-175.91845491971162
46.66140036420362
52.02169478934592
84.81197280693107
140.0456029426905
-0.21327209178798512
73.71851220047711
108.59694987532703
22.25720775582704
-6.771046958625052
37.743519081853194
-132.0573857398349
5.852731516647035
-62.702521838914436
-9.845666275100754
147.24479889726035
-13.002972714942189
75.93533537363288
-73.47281075743682
-236.02711523633752
58.18290034774782
-27.598003288539985
135.21571560394727
58.39588745113679
41.60145958268627
34.59528910996687
8.14656300724581
90.81566217661452
113.59456381239443
-31.9340850756862
104.15889233695088
-34.18004495530931
-480.1551330758322
22.263212756616905
-129.26094434111292
-63.68672570641727
19.275453095678913
92.49769854423585
32.091409216455254
25.43803915536379
155.22405380575265
34.60797194482028
-27.553108615315068
52.16701967037102
119.31745418248374
76.56802691633945
-19.726554956253494
71.32827950439514
28.171402565421424
60.87883031013848
34.558471855708376
85.88265887666012
116.55057515101407
1.2351718488447891
13.04445838156943
120.35377886366359
-106.44772013742477
20.130931384329255
29.6607762466856
76.90032036750608
92.58646128615874
-53.66833919542296
41.839599282686045
157.90373081361395
21.02096119030199
123.02187795863802
-22.919782818832118
-0.7927622587167876
-150.80396865960188
27.879528185185336
52.32539982965773
35.89886989629864
-13.15345439409517
-73.76962440121315
-27.85498252933009
30.535370093212805
32.140671145005626
36.08582029478694
63.820875697001156
-112.54732245308651
20.65629238569136
-316.66269478655886
-38.22510288513513
61.047507071325754
-4.730566869138934
27.878265813520102
9.351371334734253
86.82392857343984
92.69610251759454
11.909166301999836
1.0022363896032402
191.05084142533224
45.6517607523873
81.00624564559502
-7.7931556850680614
95.86150204177693
-93.76347179364939
56.4274737324734
59.59943791174146
35.86459013080278
25.655169012476943
-10.838499084861269
-608.3698012894691
-0.8472216805266726
148.55203359896768
99.11017876048163
-66.71382323810894
61.1311470671144
84.03935743058673
-55.99007970032653
108.33947152865335
19.194784830667682
49.26230445839673
97.04994820051184
97.30084340162398
-194.23976276784288
-5.885415639405437
51.774953235011935
103.98451857103646
63.955883105370674
96.00402851268552
46.333232424490376
-43.74650095437747
85.13684006046034
23.99240049772015
15.984521866028482
129.1021229824819
-78.43842650450642
155.48266042293426
71.94912474723742
-10.555519882577231
-3.2373720191049244
-306.6353597143734
7.019992399567911
123.21540414865422
27.487355746011872
-71.38867097196946
-58.95322826461802
35.78243811588868
99.41077972147514
-81.05421862479716
118.75706423026577
-123.36443102640078
65.43436645508928
51.49617006831796
30.04169298490295
55.615480622907256
24.893568068988536
9.149278903007241
57.15952854079316
142.29688302075783
181.7618923323339
79.9109558275868
82.02650601880418
221.348177143037
69.5540658340457
-19.42339870933347
90.44147645756493
55.9426607847197
-131.384653803535
-35.64964349665739
53.59772685001229
35.96629776938494
108.01606071015499
-152.4049651794703
-9.589346451479287
47.84336947628162
-40.66605153174976
-59.104999617821
56.0125168100044
12.852536796213126
91.57886910094749
-40.88310831016088
111.82871655952385
21.59522020323706
130.4614066994659
35.638093567274154
155.78002083285173
-42.93287463732797
22.431348764765403
-5.717098155756343
-98.17420790812957
-68.19870958559494
-86.00278564827977
37.75122789226975
-5.3973045490355815
188.51533704485473
-74.7793258868951
-378.5181071021125
-166.08373640977254
91.98866760821716
73.83633968341769
-123.07732325427514
152.03840271843455
84.86686268145014
65.10560645955593
26.8133793268431
-15.365652760472955
105.47464368363444
-17.861850014865013
25.16904100323599
72.58491449933098
-172.84151365046955
-44.091936209474326
124.85482240442298
184.72911116830846
113.05889348634093
-119.23831457907727
-110.0616535185477
-254.76431959910678
173.68332699009807
42.4714861712896
62.88872365625957
29.585966734059138
42.35803868372636
-88.33867619040666
104.30936403023497
76.00273762396955
13.22144625803699
52.999153848384594
65.5738701245582
61.21232728547545
-19.89560931133212
114.52736635232259
-5.321080368909638
-149.90713646330187
11.37012832302753
47.63991380210069
-79.4916050918514
-145.06748995263433
-14.774541596455492
-40.17249996068813
60.29590161523822
20.95420814597628
151.83349013965153
128.19000654349088
-1592.0735658098865
42.577670457903984
187.29514281163665
-43.17002419220057
51.81288460501446
19.567815872870597
7.1524580449174815
-3.5964279696409562
122.34583365259732
-19.75117801587325
69.81575057263801
209.6785156890669
67.75933025076847
-32.174812266855774
46.7574550026784
-268.97663050273445
-1.9647007071585443
13.557324447679653
58.76917582193494
147.5803312346552
68.94856570099762
105.4152119386456
108.25383281980339
111.66966111515512
135.7270345642628
-111.70045895870044
91.34523754165593
77.73740336502533
5.36658555841359
128.53456820977613
80.60556288942735
177.8707263034289
37.32480166093757
-19.98187372136786
1.488135265877645
-28.46940117070335
23.815114345761486
27.009920781223173
56.075133785614526
72.76102662394976
118.90233616258047
13.85245147565913
-2.667049653666684
59.15040470943728
35.627292291827715
64.32605123849316
65.32458570321447
-26.23909180888586
49.665929771966375
30.187842217453635
67.17192899037627
81.41530946021567
8.244637162118124
14.844499626262493
-166.94805840885647
18.91204722547853
57.409126076281154
48.70465098855941
-10.504535774908618
-76.83763807178559
63.464108582143126
56.214923463159636
65.18666622683622
-70.24754114988075
21.242879047980296
49.2397151895334
50.60956105732191
-30.27492971796217
27.486832512053777
-0.46889209357780715
27.83518929975162
45.428644090665145
-17.739620042127626
49.53704456297123
42.881550786892376
63.5672532659255
16.798879085947647
-179.09261350722454
19.09282175822337
54.69699246706725
17.151519319530305
-71.97202647755739
-7.261054704093112
44.39556895541591
18.85464113563028
-88.84765552886347
-31.798685542964904
213.93898506307596
31.29209021854654
26.749435271547142
-207.70479115437138
44.718551467984426
31.785138047949957
172.1374628528788
33.91767561336345
0.2826498822182657
89.97385650869364
18.946918069840695
73.84908728779371
-25.45959400500101
17.496372040012602
101.15175026228394
-90.55507081110409
-48.57332076660532
50.06738172412088
175.02459207562242
-5.927569482874756
45.32391362862467
104.92832289048329
-8.523044649443737
35.65379589413351
-9.642354865069931
-7.760145412396696
-99.58009914885042
86.84059059496713
73.82865563034102
-20.608669619454858
1289.7288175264202
137.7973110175817
68.91465878158624
34.96227656899365
-70.63986469178462
-20.247921609018704
165.56835895671952
13.357904044225965
31.101927625532984
1.2089421796672468
64.12449925925792
101.69308049015967
-37.99174279564955
75.68563654379886
21.88833554987719
108.80995350263765
14.441659058417372
50.57975470607653
69.10569655738027
48.308486309204454
52.338014222907915
76.92736980575523
-284.2835295046634
11.367537250604528
-12.72471909986325
16.250744054008496
19.96319445330664
6.191039972179565
-14.716792575742147
188.48378569169927
46.23731419798773
29.90135778725724
48.86986595556982
90.32366231053993
2.496878279847827
-104.84565223990649
66.67709934181644
136.37231762163947
143.6459648220748
-43.104435247068466
14.69296957454956
71.19897301081906
30.776695875486293
-217.40256399448026
-37.39310364083303
13.061155391956163
-29.93616156376127
4.940990825349943
74.1426876015089
4.568820042329389
10.637619518139191
67.2431875614302
13.85309375883162
-30.401053502022933
89.07963071492895
-137.25198502971125
14.112051611563821
57.7833038106412
151.27694683965524
-126.41938873401068
138.51652434242334
-94.81285501683033
-68.32268379691641
-44.1985181136381
-68.8481374419426
-166.95946430834374
153.23546677358718
-15.782469864160703
-78.04035551469178
192.9590431370591
-78.30286321408812
-81.56917015800491
83.5227882442532
33.143058816694634
28.076134120226016
5.375641753909457
21.71751365474946
-15.231025182674802
38.79124561150138
-98.80413788569808
-11.70567668657609
168.01082872623465
62.5263305472057
-50.409690681806296
54.43710314043574
113.61458451558065
22.43636109800582
82.43252156506742
4.751173242383687
29.992685508748878
36.997135790348516
31.58678042647273
11.043026308071362
35.15990483248051
68.49179758662603
0.20736333630520676
-11.178675000524597
114.75523268236884
-29.38553314700884
91.49331532678548
78.59236154120754
87.12888832005046
21.885514790770845
152.86833215448632
16.312407844710982
64.78334019571912
18.53826790724129
-42.4209527430954
-91.60652958836545
23.594565903705643
-58.37866630797362
25.50872269964838
37.346153747916546
23.999578894019024
113.29529426957924
40.04161231711592
119.41590562937398
36.001937752065295
76.21519217114115
17.023234845244286
31.047542144459104
39.80805934280261
71.02528897156526
-116.93277408863923
12.411249278094594
-135.45849728805206
-6.527125462500751
17.411981106877228
114.47263345354145
135.28793766380477
5.366957210502097
81.57658040717524
-8.377811771854812
-701.3173325473626
42.70766572453249
53.796001035597214
110.75432584499833
-14.794039159117688
35.34152191929713
123.82267028147817
164.92706333160277
64.83381265509425
-130.70016279146284
9.807826280623276
-34.86663886510996
37.305221793160854
-55.63046918855889
46.966073318876624
-46.64923514661041
44.800876479378076
69.95058486409349
36.69933050640316
-221.83311180104283
-65.0574509188391
24.371512826831072
70.72976916391461
49.47993429738352
72.60498940841399
64.39867709601776
2.2970156919514695
62.121589009328744
28.628420607147394
165.42581306224474
81.79029369140164
18.27607406941263
20.76079285557893
32.29650246515621
43.24137756337905
79.25513110619372
13.653232594609586
-6.677847442231609
40.17112022382512
86.83704296297333
-25.421927227532883
-13.40458924219547
157.17223587286708
-19.006636849197093
165.8981953608859
61.83646801018995
43.80960622464954
30.618052037860497
7.792057270464881
77.26025710745398
-5.742155749041771
124.35210394358478
122.8430134707412
36.863781860971315
24.461265219175473
-48.762144339423685
23.173926450476817
31.441763568358915
-3.2595376227784154
-19.205496068876528
53.3089828405009
36.198557140578224
64.96462087246846
111.97106256229108
212.77070043135382
-21.520670944154777
-6.661090758239323
-186.61111544191317
26.77579909235117
57.303354212731165
-8.976457319420206
127.78487156728215
-12.09256700527443
38.56682948064214
68.28726921350881
45.54010304404457
114.68447404671883
62.05133551657218
73.49734069382924
53.74855641889326
142.64787193188795
209.85165034993452
63.658609679914434
59.23552411864307
64.77937015026023
-11.660180478154416
-212.26406370657787
105.17672836386078
38.18406513345174
-57.421930928851
109.58923732352787
240.25980844793412
-61.29707327635697
48.008167925436005
-153.75028117375314
-0.4533817614274085
125.53030219467428
85.53777451639661
-8.587749975338975
-27.337396712212996
44.99129965030613
62.904509333829594
24.206220277235065
60.209608149925316
29.85637687276403
-162.27793298850702
15.230092106658379
133.41968280001902
136.3629205906759
13.323142473856599
61.00834829893802
23.406201564490175
-1.5254062306214717
61.88248950244861
127.55753395122383
77.42538962745675
42.964014628994335
-137.88767112848655
55.85621157525497
34.585156195249745
98.76885057821437
38.227851879307764
10.46849495532283
-68.58726987187265
107.35783383025091
78.07680369054196
44.52511417443185
47.050861792451656
90.90257752161233
114.91019724087755
-35.5429601862279
67.91531859942359
-23.117715426515296
17.13355259030959
-15.564317785313506
79.33662107337659
38.733183072394695
24.22444206952059
68.80608025641368
62.344465703894
50.116403471971495
48.83522679250183
49.23294018930983
-17.96978631791842
12.010044787602965
3.173956575304838
-45.904329716193864
-725.9035216727198
200.97885576307732
47.186899359016756
93.12790333965296
51.555476339263244
23.214736732710527
-101.14240082699098
7.8758651492134675
72.93292045091235
15.933146453673544
50.01869801782641
2.7362671293763015
73.5557116016339
205.34205025660913
81.8644871775108
126.46792369272453
-40.16149354680056
-75.29921304252912
86.2791154784137
64.49446785415
83.53752300121977
39.19294763366878
161.60418013522258
35.43527106069854
6.563635779752985
71.76048089030866
77.7920241261968
15.706590974758296
-44.828959699670015
24.776349245992197
28.686865466028028
12.067917850366202
26.605925161189994
20.75620641390748
40.07473609710087
27.212268550394015
21.717691412951904
80.52831037430451
-100.2220986154498
58.41759694887469
90.7161760292056
-65.54093060427385
150.25498851396833
64.28816900677248
-38.23615822899137
71.06972899438821
-7.9600422614939905
-65.76497402768229
160.4719627752961
73.04179467931294
157.9251002010842
105.68248664379917
42.519213965688095
132.63320849964248
0.4574108109036057
76.91035714802092
83.51161806407072
-124.4699108896416
87.70823060664898
96.20334584711168
18.714519363626422
31.78001057381607
29.802475909554946
159.52743643317717
17.334450802582108
39.12330387354721
61.64677230241341
-11.15957308829551
53.2480096086266
-31.966043768671625
-4.787275088772276
31.538337520852142
106.42184767540448
-153.24331200056258
-177.46993562516764
8.044473477412836
39.0046164180686
8.661199667190864
-9.43348091386952
17.77739350550155
27.040189494005784
47.321062072100716
59.189769317623785
-264.017663296243
50.753218824730496
223.5128311244789
128.62131950136245
46.371467723397984
126.30623332125015
28.575810934504716
87.01231754590594
138.52200285734943
17.091856467397285
-13.258898095024982
-252.7071695095492
73.62265442205376
19.476728894668213
39.62800048786649
78.10525260092004
-83.78889821562552
53.491036072650104
-0.27428551679303964
35.45892808714825
36.97330624687529
60.34104613497317
-244.9950897318331
-48.28031271395389
2.912994211860909
96.23553530918252
106.2365493714392
-107.30931136688423
33.071003805569795
90.45892074181938
-18.341290947187275
31.65737251615218
-66.95929737532015
82.97059228019862
50.21400171742468
-55.95440891269254
120.74787106614258
-75.59982672736199
129.29167965133502
33.23852258430116
120.0767866739343
-246.4730110317796
-33.61964408686208
-145.87314756977776
152.7734777110793
-76.09933779228504
76.74568662585853
-110.23216901117848
71.74279157352933
110.24949064371913
7.326530012960106
-182.77074243287825
-43.07856002431777
73.85399561495433
53.98582202821376
9.868686004998166
-202.24039681037175
-220.95067230568657
48.793041034645285
-14.169433082457527
-179.86968156299463
-17.22748770165743
75.6986185837186
83.0394044250861
13.05404588833422
89.82224352230787
-10.940512922286407
-30.094978839322806
66.52744012650601
-31.416802995297076
50.60958480824047
38.82581032252007
37.27429290725985
21.138871594427656
-14.051507375245365
-16.99693693978608
-20.78184836496573
102.03382055427619
52.729008132511424
42.98218720756222
-303.59402543331726
102.71355814661763
-166.66339711905675
15.96979062411987
67.94708217963921
10.131729789666451
149.8764142860614
42.086422304321786
-7.368065318563466
-121.84809291982326
-63.34266197771103
123.67429368090143
23.0724825622362
19.799731423037024
33.273427137854014
118.79788830029611
29.694017852031728
13.120721803895322
149.40035998860185
22.193944419108675
43.9010195449504
36.06765242611664
-58.95499105421368
67.14547239761181
14.674193356179893
29.13115955782972
9.916271288632238
-128.209288076936
-85.9563529167165
18.06381757879481
-9.326267500593985
-69.84224419998554
30.880570356937653
20.699040865569373
-10.139365402659564
144.24232683841865
93.14929628903678
59.12442540335358
21.087274149653854
-168.76986754915788
129.75935624741942
67.13089656150986
48.25969435193279
20.83858244055999
73.53893797385817
41.963158547236844
11.085071566186798
-6.71209101570429
-24.141856837659468
39.84606924903119
88.23369048196344
6.226834479775839
75.56136946585332
79.97541518619437
96.67926314079318
-76.00778628361735
-3.206513546119832
-19.95243450904354
-68.72107729570416
-9.257686390339131
-179.07075373132284
22.855361745562732
61.26535017746346
-158.40677937260807
253.26258969794162
31.983801453551735
41.35413541208618
49.70010919683136
10.146995676521726
-187.6706941529692
-9.930652291986917
-63.12977626593556
-229.08428888629714
91.0879301152413
15.469102214712487
245.90573949171903
88.9456583697388
-39.100615317945085
16.62479268893784
32.8246128305268
56.4753556733619
88.32083244285184
127.33979727460064
43.081161779824214
144.05499254479537
108.44391696090224
27.186932659437048
-268.54071488601767
12.063460313451174
49.60292542514662
81.66801513287032
-21.699828926061855
-272.2867214868338
-12.297922178174002
47.1860642115015
5.60916660690498
10.361139818054653
6.157395785606695
97.25522941891768
84.73270541381174
-12.912439005716806
90.2549190049267
150.58556293168658
67.53940899295958
138.86060490883892
118.37187985455557
72.66187936810888
-29.177376871834895
2.9327640546208684
15.705378060518564
12.686443038890667
14.743177645505341
105.88699564995227
-29.756338961753272
12.151111236612827
94.01188478799088
85.94605145271355
58.00145804146405
-115.4133920526001
-122.88328150815732
210.80057360621595
5.289148011065663
89.49295761866995
17.62570797161834
52.948454013040774
1.1603932066688287
92.06470985040824
-119.77456844720109
-52.8558693517416
7.476362072328811
-748.2022662675809
23.00428231702254
-91.05287176501406
77.86766493865457
127.38851793031745
75.68149072881684
33.82498038861465
70.01591935629204
-26.51076175969866
-60.75380363066506
3.8187776979391033
-108.09152381561489
76.07530409361925
181.18602786458177
140.74847308154608
19.682163432635196
-65.15505139120296
24.150756553164868
47.29410400403003
51.55119963565994
107.45730516364665
53.637142969761285
125.2394421627746
79.1869749858748
28.639305276794502
66.05557957296446
55.577278818786404
187.05578711140515
178.160799802793
160.20755008278093
13.524863202535359
102.75824750644188
75.49194552170252
67.00909500132829
54.27636889339419
60.3096802976045
60.04650672347498
21.667308868667703
-212.75662059835668
18.856200711208373
109.7065248565691
-29.8692047494269
148.73273284784364
53.72276290117122
40.005172783412604
-60.484262646467414
15.841258794425057
-14.214630453812788
121.61505901220289
13.080304517319679
117.02040693401318
-81.74235570395103
1.9127350565304646
66.84232244505893
5.165729669349133
11.83009932850382
13.43986018383589
29.47006872753309
-5.439715068913819
137.64276392613738
-12.266113491271426
65.86766904718274
-84.16050572390454
9.529957951539473
39.560665753525655
52.87553577258586
66.06525759311194
18.047142799579888
92.15102257015042
81.40932804853128
38.01817590966891
49.62473563760068
-67.68682687749333
-47.90506193546844
-78.97944479548369
-132.42292021957428
-23.448956304361218
117.38202570023986
-80.91406190439784
19.4673431426188
94.8921396798404
139.43227119870744
48.32784741920927
-6.545492849131678
-66.27733482937674
35.99873462552017
56.346831735837554
100.92563274444319
32.991091754411364
80.82319130850726
-23.193650248757116
8.784636218230169
-77.98266328112459
22.56721262730138
-43.36803633920896
39.07925238573091
129.16066392160155
-11.590660632387085
27.939592828110467
16.460455768871373
43.53045757412144
89.32833329280993
34.37151300069672
-3.0744410196748504
62.22828197422757
646.9384344737521
-6.565190035765649
64.6084665430331
102.39675128989165
25.089628259019797
-5.697786484276548
67.00464009613097
-187.16777994721588
97.26520105657437
97.19615625377992
0.5832034717905138
91.52199973684696
48.95755652476064
-3.758639550090379
29.761376155912785
23.59917129261115
27.40502945225535
-161.59283961416259
-1.6365897869892319
145.19742082401854
49.39630193488756
-11.68209862508608
33.18770013966838
-33.52100051551406
25.471924433219712
9.319547948378386
7.146494377368925
127.280564137689
113.35864664454539
12.12680827063291
0.1593978723858731
101.4769454795096
60.34875497742121
25.953989569404147
399.5970700846274
109.25225366977702
47.01008897122007
59.19761433377445
-23.97484467654805
32.55875419189934
-29.807804705760645
12.338356559112746
45.67716455442738
112.13140873149041
-175.1059911690254
-66.39450522028073
39.340264659710655
-79.46343406432925
88.38709476777149
-10.822372035665467
97.90312047061411
57.63878503326987
52.254903993071835
166.51333794497805
78.41219784118448
26.53240337289748
65.1357551275214
174.90325229437713
100.24852737851506
-131.257824484117
68.1342075258741
103.4233529440744
52.287929763038846
-2.7063533017141523
32.468082373138024
17.79648588101071
36.97436859170671
-6.2681753378441085
22.520215993754757
24.94658947097203
10.840768573708829
8.309923421698926
-15.54129670312844
27.763318788848665
25.91193676814739
3.37953822515972
-13.027620969186332
10.856348357139293
11.938338362916447
109.90128746719927
50.13326995031048
-72.5045483701033
46.78109053810226
-26.95903000958242
66.31690723021507
-11.646500182937416
-22.387632103211207
42.37719284721925
-11.537315698617604
52.730732170007784
-49.9376476097932
14.851692007656766
-6.061649063298242
16.40216639524644
56.499509658856105
24.308493864421962
-251.5790961485818
-51.39409932218132
72.62535925199973
6.293869677882446
-26.49466564508664
-733.3711700391533
55.77661256879986
67.34254874795806
-57.87309131171196
89.26085539668088
37.49818871043536
121.71088997667346
-126.4552620260788
44.29430729548551
96.4918368408022
8.47021064948484
14.930118898623277
34.855118960352236
105.99503620673897
73.49354134740406
83.10203093353891
-161.14057761074855
143.06553903573467
129.77436763482592
-136.87397470209544
106.08643549226599
87.32489028923578
8.564735170767563
71.87965154142876
120.54444199269244
-2.235812188027012
18.84060220279298
-1.4026078712977323
-256.09969954797725
14.768840851906134
168.35803813401571
181.92523777110864
-308.9557154326265
73.65208897555112
35.55260694096114
131.02210508634494
70.08778210502123
-30.929560540769813
58.05816932821531
50.133022977286856
34.286414401512275
10.385409971371208
-41.57888076109202
137.81726721670566
-8.714913098582125
129.61839405547516
-81.12548329449601
-237.83201939398623
8.331427638896237
206.94979503305876
140.80600127587468
-61.31911521320126
98.74539804432743
-7.650295273586565
62.27970043596039
125.28953776732124
-28.119226946124854
18.551554969790743
44.794799251721855
58.93666714406574
51.168860639444276
167.42825626781587
59.802126431562556
-32.426482616365774
54.29920098097239
210.74486250634436
10.739166189277773
12.30582114650906
-20.495040082467767
37.66579065788536
-1.8199314918079292
2.18446328822362
62.435608763471464
176.29338584938182
90.98938511040637
-240.19651742217957
137.46497056072985
66.84266243489813
47.74813009866189
28.306085703406097
-170.16389287364927
162.96277304838236
14.420661181211472
63.23559408030415
-591.6999896929622
40.383819428942054
127.37398261718954
9.291063161933366
101.17387612721245
125.34151671709174
64.62299240751179
99.34008212799574
13.540798729364258
123.4728403167926
-245.24795439596892
29.044159572789233
108.66132940194507
-375.8494095058842
220.95473797049635
-119.606193483678
111.95444860188036
33.727355691691656
130.71466921300816
-8.174040911441324
6.201451798993048
-1.2598589718754738
-667.8239743138146
63.73751273284262
-13.141415623509602
-115.28414214220584
-11.398986111124941
56.44483740565576
46.232482049281714
99.99068965197648
218.8087932306662
24.52154789075452
-90.55608208572058
8.991693354617462
34.821112388161055
99.53890730715511
90.97951892962374
55.01715838829023
-112.63024250336093
5.938059977274085
19.987183441146044
45.57257943407342
-88.89907041466017
161.00367967563943
84.29849859090947
23.493202705205476
51.37705284549179
-91.12620703961784
-112.91760350612549
308.53216470222196
69.70059494205668
-62.817176441984884
119.41008573916702
34.18614637896974
111.83734534310565
47.31869160462546
-133.64040172212117
53.145167214503545
5.231920070936039
36.28802919689923
57.932225930079085
-7.222010746625207
2.7255129460188563
-78.30663781900694
39.21017458386835
8.373507067222363
50.71105600736837
27.138508540805283
-58.77962692105348
28.07115214323443
105.63276924787874
49.638053510487055
-20.180789574573918
19.279420042646283
149.9601385110161
-3.8742423997273363
4.986679490108145
-48.62104900806207
117.77148715059684
-187.9394151683964
45.12456400487855
22.913967282313934
50.099951166414456
98.2996767082268
35.43421080585641
87.36970729406232
282.7897440102879
13.530136169161162
4.68791221587319
8.066743534578109
43.1075270305555
87.33596430709758
21.06235893214357
49.916841216917476
-2.922345352302223
-29.871786299940048
-22.01008683543045
-38.04492541900527
90.61382615047137
3.86144531788494
66.23344479043476
53.5432602248481
38.73874685618921
-27.254721620124684
-48.12377775034429
-108.02268556208628
-65.65388746516373
-33.50201808043403
61.76436648296511
-63.12209416186579
30.515322541917357
-3.323517631631148
-1.3993023890706675
22.988737812541785
-193.24345713310652
113.20948127966471
97.2482468618955
9.338349869402403
90.24505519101285
-9.402569699439681
32.5217439781195
295.49520747945735
5.746662138038975
41.85933341357713
82.18824879510646
42.3260479245277
100.90037948373856
24.958210801686192
34.86318136281261
-30.981419272597122
14.38340448032246
23.79460950730754
136.00577185101974
4.959530580966926
128.28642643149033
-2.790067772380822
56.18331310048143
119.2836956888359
-95.19253445884897
52.81524620663778
70.54889448066342
56.85683459371353
179.79175662819944
80.95734351623864
173.60714148583656
15.180774927207043
-97.29461005663279
28.34893430975137
57.66252494701695
31.22010966063226
46.31187005437252
18.15192462846926
28.751283522921177
92.9109274186103
21.391251069826062
1.8757607099961635
21.616463378247985
70.1422289180955
247.50985333866265
127.11568521541994
-10.422708248597246
84.90664600459104
23.773676627971838
-38.15972955896359
154.08888011568297
-51.90331815477226
-307.14871180225555
25.48888994673751
96.19048692792967
42.00096528286804
-77.36668925746041
23.057351761366515
30.22664808889749
74.94920813677936
17.049755123770172
31.65260537091282
7.593116299866965
61.03073693520764
10.794438429695674
-35.24703528637798
-106.58327460065273
-12.564703850385285
50.02108777326219
74.05317636315476
43.58132615586601
-112.29841322543098
108.24626168532677
14.425952794567763
92.84853026107612
53.521491399518254
121.51257420112688
128.88035506096026
20.725207382298734
86.8378399182443
125.30194638544435
-2.7064059076792546
44.429899833927266
43.783887659540994
203.91750207257428
140.53920244297387
30.603036973331836
80.56294677282631
-9.04678924498014
73.42526473263567
55.83020334530711
38.12892045154419
34.97721242629137
16.69897533819986
110.55902532375057
-6.381740292491713
-47.31941412093506
198.91359368850544
24.87005236299194
19.917085028473537
-69.37533550344278
-202.1908712437671
77.96619761307318
40.58824391665354
173.55335886941566
-253.05141448792074
57.9130375837521
2.083930600113286
-25.871535377630607
145.9850229397914
-129.59442902436194
-6.776599908749176
154.42277920690162
9.03038512706441
47.15544692399476
74.32633580776064
-8.35347060525055
-63.63700454750722
21.666622612511674
55.56436131102657
25.346626084450836
43.02671386581033
50.70059573066095
-5.6408100136217065
-36.789411932049006
60.349189490715105
-8.995513903343863
52.72659903602744
8.243308398145928
-3.3175717285539577
15.647444715444742
17.84096366452193
41.78873791417299
-22.63397892789079
-25.581474706988974
14.276054232584102
-1085.7876343329808
64.66703670983077
46.67243847157529
18.757394782658334
382.3639426029181
103.40044705125501
-173.13134370958733
35.00712339361871
-24.183778545495898
-35.31611526402212
60.46197257428662
-25.569388255666073
78.41175350865683
68.45360363671583
280.7149562713521
-9.478827308261343
53.702385840858824
-48.27195443825212
12.021980861377415
-24.460607777051564
17.06533011417937
36.757977477644644
28.78879293506168
-19.84125969968387
-139.1089557088576
14.926338424462655
-125.21037358479771
38.490632550160626
31.42921152974247
42.94961212677208
18.764511517832034
64.04038727569872
-83.60786789844906
65.46767572923511
-0.962751613974433
-56.76584308674654
-77.83919640294334
138.20251684642517
9.103491380377218
141.7024723588056
29.14831337535187
-191.3642629878932
91.02488839831608
74.76865632006013
25.372157555657534
84.39128630986761
9.883144065843165
165.0211735208045
6.932719319252505
157.50813815817673
61.25647576840649
23.87929175543866
9.581829817949455
153.90755304619915
-14.041878407388475
-14.24876086044469
2.104052723325305
-2.067315354761263
131.6463580968134
4.616531708811635
-160.00729095959286
5.094648158171638
179.7088390283452
-268.801618137697
112.95499305789917
80.3299511357875
151.3022830359214
65.11911599784662
-5.8809936145985375
79.60020862188821
128.74445069544208
5.446759555628511
-80.61028120688388
37.98262481688328
32.50016014239732
28.973247184163494
182.08581021227246
63.64104365915591
71.1012863947376
28.034164318989156
15.570705596399684
7.761464041925421
69.28635271874646
179.997378072203
10.264992535997749
126.58773269500989
1.0897004106154946
44.03853564775182
68.28931472920021
81.18728502831243
10.521921299471309
-41.11713095596042
43.088325620798116
66.68000121513143
-3.0414266357893425
-12.355498874252135
-61.96376990161842
-80.37183682047907
-104.83140694087888
-47.71217131339472
-1.9028382118379201
32.13786916848858
54.270036503199435
39.03215104930063
-45.7966958506845
-20.025962589462637
108.33202836586497
45.467342039990314
19.302365582181665
-14.307675227099509
-36.74268927556386
72.11369842517479
-139.2349493931697
-14.798466152607222
0.22901779745585316
-1.5466251654253649
74.41709355170178
45.85257908221365
30.227836942466475
34.94599224177642
22.750492346005274
257.3368128870952
12.644883789505938
73.06267067149793
33.926549729762144
0.6029521381607956
-39.001514270218706
-138.6902615127609
51.95338329474379
93.53228757574925
37.11022297724038
216.3830802977418
26.094505287952583
-880.2166449152483
-28.813034932575192
68.95022336445345
-5.497577071566648
58.056399655658424
31.77188899150724
29.331742122532187
-56.99063773819944
70.78454515940365
21.875499920429935
40.479994386857356
17.27269274608959
105.24111702904429
64.02301154475185
89.49017663980135
-122.51429624621869
42.17435192253254
87.50822093600675
-6.757929155912734
4.539105929511303
34.80911181898627
-80.73153638410167
74.3530495299924
120.72064891179173
-3.0548411899425063
28.025713051064145
80.47359222190562
16.713846737105996
33.55578079086928
0.1538565096311686
-7.805619640444984
156.95481441310358
-14.158799949789767
25.401456560063508
274.0794167399026
48.40144764245542
29.2560975420083
-88.12297285313343
103.20066354033406
22.877373644039366
-99.66732843915543
32.21083180185366
34.050587117013805
35.34083919218969
-167.96250814266887
16.94495490899977
43.79398187321816
-12.407643686059215
12.73621683020879
23.100820090277953
-233.51269605563039
28.78403576055598
89.27048943782927
56.11924506960109
86.4595018948794
15.822890090300916
5.6651776097334015
-119.39365743835333
41.10020275491934
17.344611397339122
6.409446730276613
160.11089484643753
61.5250132087547
118.38020664852274
54.262576343338594
-22.079406328413597
19.234365215329937
94.61302842011946
-270.3709458850926
-41.921494201014866
-129.4161154849462
46.105391069018424
69.50203270658051
14.972926687226497
26.864158194927498
-355.6402062569696
136.04568835762825
105.30009630171298
38.70258914093438
48.833064670986346
-158.3305883302828
-102.71551234610888
73.35589950594209
20.65814798659074
57.154425132106326
65.26363917091052
82.67604402625511
76.53136546340511
38.63839935862962
24.107597238803837
-29.890293302667903
83.7619893110159
-36.17306146332678
105.7027008793259
41.2139249478885
-6.665199041262541
242.58564697125712
-6.836289178607586
28.220490539066418
-155.2255370974458
80.30455944587789
-9.849925250078044
109.07290638453242
-8.64245371576726
27.477953017693025
117.54239009353716
67.25436798137525
-22.89745244126061
215.25701427815284
121.42960225633988
17.09693773543061
40.651959671533405
-625.7437495547775
18.1517706009854
14.326798691384447
-12.284642559115248
-13.00883772621546
40.538844774313475
67.56750335669989
-18.655117914766997
58.74472992625433
33.24877798496552
1.050018394041885
43.811697981188445
124.91197849580749
71.54033872089383
-1.8830424062171005
67.23019097037081
27.642195251429246
8.313470612663139
66.53408030593141
118.21594810742727
68.69331638700766
59.20789475670608
151.20760670699156
84.32799596047425
27.265489700966555
94.21300879563046
15.18988734660063
87.11016943736558
20.306350384641974
-206.5714122121226
-93.82877428160145
-105.48943342101074
-118.92304715246155
12.256232629724426
-207.25602386150558
-4.904172795655764
148.3548326623909
93.34000789924494
3.1456994728187055
-22.99314596213435
73.0241270964193
-146.69398517722675
-180.23184337189832
8.427369421827557
30.07817886357724
11.335402156980308
50.081049787428924
-0.5610901011223604
28.477299611478436
-32.75678347943904
107.81921575510205
-86.79892139632648
63.971148617094514
-19.93364299236373
-8.414382920693804
-0.8180623867110903
39.15613325987306
-98.3280857622749
1.3077240042943301
71.94732580535663
12.661587806558133
-81.82262722148971
102.89865096719086
77.75287563146958
-62.27038152664609
-16.650269417674966
12.01367375607719
78.51128253439128
103.02028368446645
112.70146057074521
62.32150726147711
-8.086148748683762
-8.5659640116628
193.4364831331336
-11.08145683038174
-58.06766665262694
54.678083936613476
14.01895407071197
1.7510157859551327
-17.67386047765115
125.50121113978366
-11.144055922764014
57.13805272801619
36.866324369987424
-16.149251452263307
-13.906805944107031
66.36759965858937
-28.88374654207905
6.29113830606892
13.895442323354601
61.099156389859445
-202.5699936700903
36.30094928230983
39.004182420861824
-231.6852622932497
33.91220149456037
12.376928990075674
12.654898461712492
-53.37700820254755
49.757011728334874
123.41122931263612
91.05919833312532
135.89511357349556
19.418421594592903
10.640973801074482
-28.60766044053298
99.1711486951449
180.47984747456076
-17.71956712632697
158.35499457803508
210.21905301620654
11.128515113900313
128.0704638795487
83.12594296161146
22.4473141202252
11.914797554482448
64.36201886220931
19.44210982578357
-268.97630741451303
227.69942445849165
-76.29790769166448
78.34431443024948
-193.7177572437813
38.44367350426916
35.05919598785022
45.67673427480918
135.84378729891318
77.41981464082255
46.783210187679366
8.903580078989826
-15.613872226481817
-97.5509992384882
133.21121826484568
20.6964359969914
-128.8508056392293
6.084724773817925
286.1893423704
19.784078664424356
84.9537160592331
13.92907851639578
-234.97630739272336
31.773015915298565
132.41104836715022
-151.01819119389256
131.54961322651343
45.22441634806637
-25.282829948302606
67.29080494640812
41.41109581304187
6.718370089555705
46.14045324761901
-53.8993856076213
-55.92018982914942
-4.5393631401828785
104.80024503934601
36.12124855264121
-72.06898271702812
-90.63941477342178
-209.65189843510143
183.85801165592557
20.525352671565997
2.654428324728145
-27.038662495741743
53.5571591022118
-25.11681247987023
-3.657358250329993
37.75260546915845
41.81891840631397
14.585713993373133
50.46669241685626
16.92755420544816
-9.15277194549435
-74.79394567633062
4.2632487362161555
63.00755710968147
121.68133237792426
24.225431400557106
106.1168500142785
181.76404807136896
13.079555067832347
-1.3755989484793645
29.790983164787324
110.91215564877984
36.945225564160864
-561.3183477879367
87.78116580767883
155.3564486329974
105.54379679097417
6.064410726678489
-50.251116370507134
-171.20721436791806
36.2141283252752
45.03498807598376
-117.7283575230249
42.610685964897094
-499.1009521590153
105.9569539830427
68.0004654026493
-74.22936549719189
10.671261262000371
-149.06017193742946
3.5751524503952012
159.3341995453884
-123.8506553253601
-44.13086423492314
-23.86730042331909
-52.34758025132336
105.5720277935884
79.15548236475479
109.4122818522749
18.367664349070502
115.62086858554721
152.7799190514761
18.600768431807683
80.51751427190084
151.55918505140767
76.59025846119312
167.38130201713147
27.437704806470265
100.44127234295956
81.31928774760422
23.34013595553506
-9.8604312908106
-36.81955372173677
-19.50282202326798
88.5013098428359
11.39702627257547
5.6505558557019775
230.72047705537398
-513.5276010766357
-5.295827779082512
29.653327560604087
90.45728778030744
16.692773891578188
80.00738355633985
157.1148583032832
76.85084090390774
74.393047603568
127.5749494752763
149.72307284425415
137.73895868147247
16.759294929907355
-73.96526543657865
33.53593339128588
111.67605837380097
55.548458958526226
34.599283914877454
60.74239062733423
20.057815887615106
33.868491865727606
39.858706283717595
-91.96146545229703
-166.87653496473513
81.35819528501088
-32.97414067072551
44.20895464319618
-22.074897803344737
53.493578857675885
91.34939687590247
59.21075394375475
94.11876854095209
-38.139093950067036
-166.31306748524366
-3.1876212565995106
17.172218090239177
37.63852129328069
4.758515499110069
103.11949972505681
62.95339944545378
151.36348428395468
66.27262331855005
84.8920896567164
41.15303460248574
45.57096133680852
-144.55909626318157
3.1298746631777803
-2.1542806092298714
58.79260784478379
115.4189614928091
-275.6552072254299
71.2180620681761
-133.10610062117894
59.190516385137926
-134.28823952093035
-14.105455824360698
85.20987709157896
6.685689061126141
-254.3290272184795
18.92492033415481
-11.277274032519937
103.30248888945061
-163.70211405230657
-71.61336599806373
-146.87922138465365
34.069934569929444
35.42093640939855
90.11703274497654
-66.99161905621895
50.93844747459299
-238.9988007936554
68.76305935257491
81.65716415743282
44.88854455504021
-23.448454294764353
30.201542255657206
-130.55297963551197
33.803018001759256
82.20585760763925
75.02638971862143
-100.90952606216403
36.69651037116276
9.11873427814703
-192.36270394549865
-21.848046455785184
49.983050583987506
184.33493299995257
-21.082869905073792
134.427518397908
41.11645327431319
-12.698196127992034
99.38482125678979
65.2939354424438
-68.97033774083047
16.05105721677228
66.55860188850875
45.9385759319357
8.847666201958582
4.376278016144312
49.214600246142254
211.93728810824223
39.40500601920097
-38.18204702215144
65.6957999806582
30.37287489036163
27.368865168316802
134.80586378335784
16.778612612663274
162.09963891891675
-384.9278228266394
-1.1810695655585208
-28.529285519849445
43.89830539029438
-15.887323737812949
41.78247333595511
59.45719567085072
27.666232537115263
31.304774632931867
0.8837493683263347
-11.032832377916293
-27.402141225881817
27.67002697633557
61.966441043092345
33.905548677856274
183.84295288665726
75.28489753439526
-19.45879604546144
34.41108158473294
-229.9104680372775
58.43397484358091
52.71097387990994
-102.15240153252262
146.019008865331
-27.59700321667333
-39.51144570549059
22.044955269396148
-43.066727470069964
64.70205029704309
78.8618023569268
50.029701324120865
12.953372025399222
102.27889409739737
290.2108930619802
-158.05741802698594
28.52637157013953
35.97985702654903
13.368687851919617
-107.03403462068945
13.909143789220533
26.00574569760124
-409.04530329363206
-11.513545411569993
-42.48572261091847
-99.25343760747576
55.36161170709263
59.28970178274972
-138.22447309348627
40.48877050740703
-12.967208282636193
35.914120898542535
56.04343579866088
44.10694630828288
71.16683330300657
36.01207527670845
46.13381731100014
24.787831156475477
136.8407218982502
50.61279865520038
-179.84512867348832
33.25816462554705
-17.456419747897456
37.61363481260853
69.55290623920473
-2.643531371516474
20.02613721583582
76.30371519019062
217.3821669714498
-34.84333036705448
82.42082402914775
-25.521144902020296
30.5398843029457
74.99199387938097
-4.256571660887796
75.95215939854234
3.346506839841035
-71.47099165566851
12.462271512497125
63.07184251219729
10.126730807294548
191.28885110846295
-84.06603831822349
-67.06770373031664
26.962446355048804
118.239085663492
7.925583223923904
29.955114328098574
47.06259803907756
43.33432536494726
8.214425065391254
137.23565449531236
38.322800832955224
5.109969792892798
54.53165241657868
24.03041896345036
43.90067538831261
78.25356449564728
112.8752225797648
95.22167009068107
83.46537554722221
91.11420737676372
-108.80513563918527
170.9173963538351
-18.247555170446216
146.74236378840396
43.10893845972146
167.10910222658413
107.72216850477548
152.35896339556257
66.08719391451609
-37.02195678890939
73.47805061787403
45.10498739934678
-36.95482751110194
-298.9681168929428
82.83310332342307
59.6298029514337
164.41517452994185
-74.88758669764229
45.06884088602126
25.271678926753964
45.81501534050493
-14.178745245041227
109.58562297900426
12.195143727536585
-279.82544594063074
66.5460969862956
11.621119123699444
17.223068079782838
78.7107304248062
-24.92035125955735
78.59281574594712
136.55246160861861
106.02898734153041
-192.47773979920112
159.75303363560624
-71.90484871771241
194.2434315456585
-8.782642185706543
27.805526063579862
-96.92323781952791
-8.306523413411561
58.93210405262825
-140.29255184216072
102.54650329582728
93.65445208472158
97.92130137689082
82.31912813775844
-6.2906060765863225
99.50484900489437
3.8086676607178056
86.32526138367575
51.44340723970805
63.69740029970433
26.383310981503364
104.17910340663775
32.76544983570784
-88.0042245603172
171.98989527256754
-15.025783469513044
35.46251348228043
16.743046817704766
75.5983962502105
-17.18904108108393
24.11971946168518
133.45621456158528
16.03456662614283
73.00593205942778
97.40573595874946
78.18041340142554
71.03808662231154
35.4325590972453
40.77067559230032
41.01194796799098
192.2560843704223
15.569180044212654
19.23515611290795
-115.11045703145737
22.376238028418356
-1.3475071886964636
-199.50461747280224
-257.4922841216967
53.00188167974493
41.9043275878158
4.920332896857872
-187.54570379604684
28.035072093251074
54.31221365444412
32.78894037163346
47.458860435491715
32.133208371800265
114.59510984930955
99.33985646051161
-90.34062884864034
-46.91960725150582
37.04589868176885
32.073501708599366
19.7077686995392
44.89500879648699
95.63271013265876
0.5930384363407535
20.52906281956831
-15.386906379742868
98.62931297308069
0.7841310196977282
62.549957311942535
-3.9631915813340766
36.263696742316
-0.6102390667510917
32.70668014812861
2.791758729249892
-27.422868950561224
35.84657251987542
89.91576883019752
42.68493227050415
-181.44081147978432
-40.46154331157231
16.38329333622983
99.23149622131984
96.59188513944252
-31.632052441243104
20.50873802923161
183.39262274154135
-47.647778276397275
31.90788788217037
-187.0145993497722
-7.0958271002642155
79.3336566525985
17.161000386156275
-153.22613229690432
66.1756195251055
192.81412806813933
18.23930183063885
16.168154713576186
16.73507936208817
15.866060326893042
71.80605804131142
-9.549030262064718
85.44652035779836
103.45777892525712
48.93714738842479
61.461798139392215
4.958504108143643
36.32330768679924
14.39618232841184
69.83776205509861
162.40616967138862
90.1161928894453
16.094490295358497
65.44151522449732
184.43683158749081
37.54807763629191
8.418002150317534
21.646558822293766
76.84548306897705
11.900083266430297
31.25991752697425
58.870175042666006
-1.7029174513795624
48.493387266240376
15.994434256316495
58.03031527123679
-226.0894599165913
48.01348770062168
51.80679458652639
135.89905261064132
72.26632653948286
75.10119688388568
68.19330673116633
5.299836072752322
-51.65259284273918
62.6459436890043
-65.51216682895483
39.58214272308852
-85.99603668258396
45.048533411989695
151.74430578528836
-3.6950327954383795
37.76783370722962
192.32855691157783
-34.891362221746704
22.09709859968973
38.40041265625983
162.17425353255385
20.922320746789865
9.324473191272673
181.6965557673243
-122.95604761746335
-18.02938245092355
-31.220802685328636
70.70872050724392
-15.94814757765213
67.10087249097609
39.15457330085155
192.33460465164535
12.34044571675889
-12.443817227953213
72.82771752698864
-93.64611660267292
-15.48719576149987
109.9380424719534
-62.496710241667415
67.19238714261782
1.1694857425680993
105.48039876249413
114.29171321640342
26.862223343289486
16.982264554143057
-2.26611547088487
8.111222791377259
-81.77457249771169
8.3661011447021
43.91619552183451
-206.08126498082402
-23.95685998496947
178.37807408283265
-173.49270985740623
21.607910814203553
58.65473785024574
65.13461609965617
61.48232096280117
96.75586370259316
-120.69628576452942
56.30544698209926
26.30813003224995
-176.14200277296823
21.77522061673097
-75.05075941157338
85.23727594166311
40.593662926160505
54.47898271368069
-22.287667004333343
3.7519068376712994
-60.11596028364861
20.229890390606013
39.01882408754778
20.613856167113447
132.20564457938872
-40.73164389904584
112.15783582590802
32.52666605234934
85.61382378269656
9.162649646588962
142.591640512308
-5.627621281576188
38.02952438781901
-28.983145512932424
36.56621268540565
155.02328331126864
-234.67046601767925
63.95063279378519
70.24318456893411
-182.8971424321726
-339.1869594331587
1.5960115827770842
-5.646175026548402
22.99928564162252
-7.372746425185596
-58.178856656772496
89.6480154824369
83.77016493809288
98.46889106699427
0.03879801671868677
16.820102024700798
79.5260868477344
77.28125904391385
-56.518984482547694
55.50410513320034
-7.537965715039718
-38.33830119989307
-354.64265404909565
74.21716629975458
1.6466087571064671
16.28408689860862
69.60439923841068
-219.38742903666798
32.99872147707175
15.447453009879528
74.90805854858976
-8.431849326543158
83.60538264271008
72.35614443084035
95.62114109204731
47.098834392550565
-41.96255035715876
8.060925982413439
80.51415907048522
-61.22010838072765
-203.42136679294435
18.57375234826941
-53.488056707717305
-7.55695993368991
-85.02098385185946
45.27152164635634
116.80890549338574
-12.055168400932416
32.980113608748866
16.391867254022145
113.3727741970572
0.8506835805829951
75.66390031010064
17.769990769657188
-212.53731701048537
13.885251797737961
84.45863574842042
5.1257406313029605
135.76827758187574
74.04371907412093
46.407338402659946
47.52972506682656
19.518090639886623
-10.260447950835008
-126.82171947431698
166.7445311478623
90.65275367954382
268.9087492617127
-15.911080549618502
31.057859664458842
15.466748503136522
187.4044619175179
58.80628198783046
49.65540934104229
32.992978266454884
115.94719836283457
24.281182547561457
-40.643474057367484
53.67177699371133
35.366038783950984
67.61773797135001
73.32305081926552
-242.7407252552739
5.944131980911351
164.65832212646228
-32.32290712232464
27.21897580961604
126.71759189959425
65.9268568405821
211.78598299505302
30.45850557308131
37.86358641996064
-173.31151911229517
-62.68994327883756
74.71950541571869
-27.780185428734878
76.3830765675072
54.844304834888135
33.57574109647794
-344.5221159861753
19.04585611532775
47.125998547407164
57.17515834745818
-32.91851415529163
-129.2813786890515
-58.71552389450244
-105.97113494344194
44.108184533272265
57.65847791006321
49.96350522026848
-94.50669944063839
26.316449090487367
-74.35611960349985
71.1911316448253
-142.58567826407216
34.928134124850814
10.589305018048423
88.77282483678937
40.37397743289253
54.705713142850186
-4.789662121437232
-167.45603336684155
99.34493824821993
-199.55260459159854
52.59490995479261
45.23373831240773
78.70303388476555
-819.1492900759931
73.5480443632697
70.47357619729132
65.69280525365275
73.97721055515308
109.73899784122364
114.1123043448788
-22.141476838755807
142.77150541419542
-35.21192113737925
-130.7605988338828
104.50468073907405
37.004417226864454
0.9225906624667026
78.67962034443735
120.8220559894944
174.85331407558215
130.96882559086407
-234.75672895375874
46.142157671937525
56.8284299322454
82.53042763015748
-157.79279218407942
-75.12385305700354
30.800518764760966
-85.28791104146164
-36.913477409736416
-172.94258653985253
25.071228367638284
-246.84390678001182
20.161078914535764
84.34394420963952
33.4553457911702
48.16235192653738
-2.7224654201580503
57.84446919832372
67.18205444123782
0.18801209838784416
44.75086192417834
8.937272348879505
3.729694403665608
31.151901092196567
-25.158397081253742
34.80037231728875
168.8994950750448
127.07285947045557
98.81373033271393
-1262.0587422595247
192.3037365120831
-23.596094859205813
47.162391761665276
-9.829011085473873
-25.535708999823328
-5.706303888583534
-40.77540872681436
29.123874580724458
-7.355129305086848
29.450321030687974
55.69530939796507
-5.194404015372767
36.45903076704644
56.09727908510331
38.37073050826573
69.9597636830681
11.34674468460334
70.37043958707173
28.892216887582933
-12.27293222245953
23.2222709058733
79.99048503232325
8.990732406769586
-16.274065603022795
94.49572750212405
106.5847720986012
111.17239367175307
21.181924440789317
-90.0496043028229
43.5412101584255
26.794941899906853
68.24076059352114
73.30316608754902
50.46628252918481
79.48332475727193
42.59624981780962
37.0513461593991
-13.515734551464902
71.11201714438783
100.71628989966052
163.90323905410241
64.31095227982314
-5.575486505813296
150.43690319973712
67.69804327650945
12.780500017403188
-11.268039555451187
100.60701527823767
12.155735592604103
56.10159402346562
65.37968452933316
15.072125465313867
14.55894300920545
92.31617408386455
591.0641759462037
0.9545990096656851
75.0325774840644
33.99925471028246
48.079672803468384
162.79569194339228
33.859969515175464
3.8962078414228927
22.439813009014816
-30.27121011296913
37.31688550007772
168.59158321306813
-15.5298171578099
14.581505146174072
103.30123961452989
-31.578549006327577
-60.94209061750371
0.32245373231675717
137.53132074681207
109.21132638551035
19.940799431137748
36.274481642790306
-119.77771857976677
106.29656323351219
20.873779115077802
80.27022031994193
55.35629944163624
-15.080487551102262
40.01097406171857
-262.0203579871877
87.58972845890003
1.2915847296322909
-321.73670083469506
11.944563180079145
10.973516730011852
33.460148772039695
168.0721394654022
-7.96463079839922
57.460891758997036
-69.58414733761992
26.72527676079368
13.543092545322907
6.147165574544488
116.69837597460196
23.548332219053123
-8.153337516660372
20.188939998265596
39.66261322223712
-16.719152278137074
81.63018381698703
-111.46672137165751
38.60668979535901
300.174022085087
92.40308267597311
-207.95313945025555
97.23259989341864
134.06626891808583
58.028882123852554
103.62015079507819
107.3657099536722
-227.54556729963815
15.819112199319775
77.23489485716163
48.89818684596685
56.43630661957292
9.726254284139202
-26.958398575219967
25.354843864360546
-0.4291589698388184
1.1067282674554695
100.32892103204358
73.09886404713097
-6.9277819121669815
113.46461433967033
-153.17365390647046
124.60978230389242
54.63455644896817
140.1784385149349
-49.77857181854233
-9.98187954343018
50.030029631223215
82.10234480235022
52.12000493474079
-8.721714692112982
307.6739300144882
99.54997038587135
57.485256029068296
-10.976169296074659
54.162737372288575
44.359358280766855
34.45995222176538
45.76292591152105
5.908796039885908
29.449685312539078
185.7822906334568
16.78303079778944
-12.897352680935155
-8.188516729778712
92.72706599182811
-332.1084117572709
5.918442190646581
49.93714721567903
56.52720766001361
83.03448614752824
83.30219879454853
89.4118296127699
-6.564252658868554
131.2346973030194
34.55711001870441
-1.5864545179013994
-93.77830569728349
34.32487153625889
22.935747774757147
-83.68523489690733
32.78174624344096
57.55833183132245
94.21321504876983
26.23446085878392
0.0351354476340405
95.41316441081653
136.85949675731854
76.12394910002786
68.14124637332372
28.369882834600652
118.05797815421079
98.32398846048864
118.43176057431583
60.92998490959911
98.71077699917464
42.45161909733383
-132.8828243291191
20.856897876314353
-254.42369242038356
43.611376952218905
27.420048172921042
239.83902394341385
-219.39955591545095
-2.786136409958999
-8.036259102784811
13.907413988738657
141.803480776765
2.5558648714545598
-247.36943623445768
26.018671371665604
61.0621873997336
-164.6225409247404
4.73291071990138
21.33585536377093
145.85584524010028
34.62329031852766
9.866384179599628
-75.21256498274306
29.674049642949285
-148.42166555066524
246.5132667535745
-11.78115473690027
15.414462572830416
111.65997795260637
-5.328753302562291
-134.42307259571044
-174.8472610515937
-36.70377759818393
41.12913468963356
8.543501957205711
-18.44942134161389
54.04716779521836
65.02644421395598
58.36194342906076
-35.82661197347093
59.934282529951474
207.86675115823482
4.454229284912267
24.305773658775404
437.4891824375409
-15.130111597084094
100.01798739231117
-35.54400004755962
2.841687274629392
22.419908766571503
69.0040981085846
-175.82549966772194
37.706653100073964
-17.84270887640662
-37.78458410682913
68.73050346637812
49.10048725344359
189.33279851523275
-9.486864367563612
78.31040650796089
64.89427732198135
-23.920799257461113
18.17008792769866
-94.16109336566478
-1.0254675282844539
54.99520662869535
21.24142030823714
24.56633788283273
-187.96211197805042
41.594036863542556
19.869057416432504
62.17760586021183
131.85189782814177
136.3797009988757
-11.816438505525637
13.282438535582015
-2.26270193621167
42.717316375755786
57.82886369151811
-108.83762344654406
121.83224560586495
-39.93785744695742
84.33607826539952
81.73068552897666
100.41893542189746
53.111711324965654
56.664506322103534
2.0926286193389387
83.14721037678837
-5.587583516198908
159.8084559375343
102.39926316873652
33.42773859295547
68.74653621562754
66.23784490770846
66.99038784201684
19.738452672128005
21.774590091627005
33.42919971141032
-61.24410615089164
-39.049713203642
78.4635606926719
79.93821772829301
54.24269213388635
-18.438467265711886
26.229835933058553
27.409085994414454
109.15364828148842
-7.587505731183228
89.13724909738403
27.431900500459506
15.617322417838295
-128.73911492407387
79.013437965354
8.854934356058347
101.9694942378876
26.441008609923358
60.016538279851886
7.6713178773470645
-60.364568052777486
75.94366415169566
-66.5394865556841
9.501734426848998
-222.33463774206623
-10.927274152357402
28.94783132930661
49.160369287278684
5.107978528863615
96.6119077936728
56.943421711967346
20.71929303064948
34.58441441356888
-146.93245725874567
14.998127446577797
34.78290715105089
-88.31686601220946
150.01300134446728
2.831922556423735
58.579192762307684
35.89845902899839
51.26657966238551
74.61419858582792
2.2181621657119694
-70.7456232419172
-1.9047615743869244
2.607763208437518
186.51387705032062
51.15645534650366
24.930304471178797
133.49384240367272
-10.572336746225648
35.088193591308254
-7.402642545980466
67.72508791581299
13.621370132707462
29.993387025374975
28.868772188588395
107.29381531161334
30.81151248009263
14.157921439869734
58.93190122503472
-7.233498312419579
93.60892336234838
-319.69893093487644
-17.264609148478563
50.3484263882292
34.90218393696978
50.516749816346874
22.11856771888662
132.20036437794988
300.69448340684175
-78.95097843969006
115.97647723090381
47.454076741012955
-139.1265581190537
14.02667896960935
21.544283615882705
7.752883538314849
42.30007567907887
171.5625199190199
19.973760456678974
-49.17720551550701
101.21799798520635
71.86725093250061
-106.17981897475966
3.1766131970483684
72.39957777378334
-26.242629577903152
66.15464472278472
80.90157448009302
-117.69495635097792
37.13114383888229
-8.228346570063971
77.09185823930966
-0.0006524946435793044
-99.04847462809175
12.179971512007437
-3.250048682673878
16.96881497449761
62.44280990942161
-111.50029236716591
32.04909731353149
-19.89962831561732
-235.40917012743648
23.572365284874902
-122.13407745441418
-3.907795944419454
-56.1312441673972
27.432563155084463
55.78392594450793
-7.57124246646481
54.902376466063146
-26.901863869719453
25.097833545622553
105.84409848516043
100.4368601888691
-43.280972721918715
-65.62604473912063
79.91481752789645
44.59795914522435
-14.970929174691719
136.9105405731916
21.618708886814545
31.441039042605542
122.26915688621466
34.83672237825952
97.56905902189283
219.38148904294303
103.57801835871169
76.18726387198421
-50.59160981813238
-192.25096356463837
94.37888111615388
78.39414477950953
107.13757663536899
123.53140314024995
113.21696300580516
22.73945405046652
49.238219679064855
-211.85284813994258
9.655905780816283
47.98821731562842
113.83741532851946
-94.16317630304093
29.17280398336572
90.49756020648147
-60.81015223466602
101.68200456173554
-9.911473122217558
51.165288354828384
30.639444841440024
36.365995351632534
129.87896488125716
111.78269027918122
-46.29670093778236
-33.65205068675663
62.54413931099839
143.7183975084008
25.02136063119722
132.9277939818321
41.57434087858863
7.769401501437791
52.19957871350414
-6.848331452340301
59.555705378280436
119.78368466393135
53.960430758256166
42.336029451585546
0.35251891805995683
4.320425892256935
166.93579762155105
17.20621760050267
95.16407297464548
167.04794271948595
85.04879776337248
105.74610274326528
7.728379387881375
-55.7242904512068
-72.88948293822295
70.12385484711683
-80.95077656458261
69.56048352243761
-52.26855112880412
75.45598914378672
87.07500409347858
123.77759742426088
139.45604039178488
16.10547168972674
100.83726980331267
168.49357480282788
24.540538686409327
70.85483602551403
47.99140263273512
191.02058294757853
62.35525140284972
45.92404310667361
12.565976786468639
30.549355061993186
82.59671723014628
7.684677742409296
100.22200088826958
-58.103379303944166
102.42865446493579
68.44156434653269
224.54188451226946
80.0391269616407
-25.962013556627426
115.72379086357569
10.208365545195718
9.736389951474491
12.19419530754368
22.475342025964927
32.383141810222014
-42.64967930043804
34.34096117992245
47.0312021952329
91.34511866088883
10.491447201583616
7.761562610725832
35.1036351843305
-161.43934571563568
-79.41578805138579
96.8687987640559
-24.305175301019517
-47.852414881956975
48.70777377639297
66.91268627578157
46.84162783538679
51.82275102449012
-182.8954689737725
8.268531668513454
68.31388852868486
13.417286193383415
-115.81828959948189
-392.98023211572945
44.343920241435626
-24.62688227351256
9.941668752981466
19.132475764549483
122.91263792936797
52.32277092109223
210.18694593966438
-89.58281600925329
17.591223575288105
41.39641819842382
2.46508126791457
93.19685630115191
-110.91578937245868
-178.01813755545663
8.31505224825537
108.1958152742261
-4.553370660044493
-26.96197000658958
91.72129948568363
-2.7810751314905247
31.18061544745484
-29.432400677159876
67.98746675059397
63.559766383444554
114.1461526296489
31.289958279025996
13.203978259395456
42.472269373774566
-30.23553050313899
20.755312794169814
73.45454534274904
-41.27595838420416
18.56419725622238
86.60589991433073
27.708953899768403
5.062208647551623
-23.73325181009963
72.82338286234005
37.60625322246602
20.178723294734937
69.72407396801827
1.1996680402216953
13.168076926851427
8.484598371417995
93.94404722301647
99.04862977379503
33.3911413613989
47.37196077272576
39.73847513654556
-125.59449514944208
-10.675012032459774
35.96984990577779
77.86131347662399
77.77266041511882
97.5029533809311
-41.372879742652145
63.64157317847685
87.62309972366023
41.36133886284108
61.222491312178725
9.865724290526863
77.11137811063418
115.78129180980864
-78.4612308860701
45.74370434791513
176.9530370147404
-13.648780907215704
-4.018291940161006
-0.4020888784893025
64.49488898238751
-12.775003664076243
37.0918723436006
-8.674707677927486
22.32346589527242
3.116036481890916
-2.5044342614414243
18.978642139213267
130.7848199607888
-7.544232717718633
-25.25967436021591
50.77393740465601
-61.18422877599278
35.839459058066396
160.20805531762426
78.1796945116107
65.7331198973302
44.320290134298375
88.18788697986565
48.83526836592219
-244.88296561309198
140.41734560579334
5.069251290852662
-187.80698306719478
-15.106991321915748
99.83039570790015
29.385964005130518
-129.56098634148384
95.72958893853706
91.61366206372031
8.703920442608208
-102.39854979043139
-78.99561859759433
24.334722156400403
-158.52473939605443
86.51996986760827
-16.019950241267527
-241.47096910643677
260.1058673656471
143.8340432788491
47.48172084625742
81.7430399566656
33.20516468381993
48.768596230598405
6.358436748345412
-51.9702711217742
53.819873262948136
-230.31896463589328
-22.4776350261468
-66.25775181696372
2.1859696896476635
159.496828106282
72.87433696798507
6.0479539971380945
-45.314932368753944
197.18665443385362
-1288.4031179430394
83.88971154969624
279.91857225417743
68.19494101827468
3.6705478116568884
-5.91604860495363
38.8268916379011
-42.732696950254955
-24.87863254394958
52.19123210929102
3.3800771621837384
-175.50968100104637
63.4533082560215
73.93973639016531
-35.11968021110046
65.82541879710598
28.23458021676288
-145.71848183068505
71.69218631981008
78.11790150044817
-11.294944691044236
-109.02124452323733
32.11209607578746
166.3523161232447
77.32008859073585
39.13126310828031
92.38677683638136
26.705881988104466
29.257581194725706
81.23929178537537
23.918881967475812
-57.687952318294265
13.914065346329721
113.11183276064185
28.497174929794582
-19.887151126892604
-37.35346083209424
129.0505795702893
33.25885996052183
105.45477111943092
125.88733700684156
60.273383956678174
169.66553727956352
2.218881894574679
-47.88249603825767
60.019935332723946
-26.865409797231678
99.63035525785926
-2.719234917631411
35.69892157431332
-85.57527233913788
45.88592200338965
13.354793044144571
72.99203122502922
-152.662075126972
-32.13085258037063
4.809727438070302
94.79816838315932
90.65177062668977
107.04377930130295
128.0257111674773
-6.702875550842251
179.40289153031063
47.59149609686497
68.77938754965089
-12.732569232081005
129.4410989043954
-74.09664272391274
24.059168102016116
-134.50177213018378
-24.04211132872087
-197.00477417651746
307.7312138565039
-62.760163498476686
24.63788862797992
18.05935348658892
-2.882932480800141
50.64841938112977
99.25084137179579
0.12376633906130068
17.655033021674218
39.06429069264654
219.84499098798096
54.363221411214454
20.416674945857533
82.38726519375632
52.935318343033885
-8.309902368480664
55.311672117619366
41.45407988135937
38.5624826870414
-107.04058305263061
-150.54956329923516
136.11243199927867
7.736430401715045
58.19968298291644
49.908023126073886
209.72784690031676
-63.42800418053139
9.928757708582602
-48.12893297122582
146.25873365555162
-90.32801683309617
-159.52187433839495
29.351353941562593
14.70095567137328
39.83328614219766
26.325885745040125
54.38096899419061
3.0261019475761044
-176.28600548093027
59.921904067166
16.586648145816525
77.93482253815722
39.04772770248701
-147.92619458023637
-44.19983933520416
-6.797504303182392
37.17833801241609
192.90695291464226
35.75216958257715
31.828714799071687
47.82675417015372
112.63944419899713
112.65885872358285
-4.237540990006743
-452.8444114165775
45.37407424345629
199.43445295823108
-426.07262248907483
112.50287217844061
54.700078418432085
-364.4361003218319
109.63935781106375
45.88560188654549
80.63326144830341
11.089555487509585
-1.5558402067237922
19.15047234448275
-40.388697211464205
22.568063120269354
33.56445736809054
13.983830308153026
63.86966666077251
52.25699216312569
-190.28402713325886
-127.87257707616618
-7.829763164495013
102.54234054029439
141.30449899988093
112.33857169144585
63.54887885756483
103.52248664674698
153.07908362983198
18.876168720736587
15.642531631126424
75.65689890816998
11.179175207189928
49.367164443573984
141.0327523189976
43.909541465669065
-234.0552500186459
19.696459611132468
55.19897942164346
78.59893546573673
-137.75470677704925
183.1129463542493
-1.5623696997130818
-38.2620855366622
-90.65501034906356
53.47637010552489
29.638657110879947
-34.400142305963286
138.48437633638196
112.28740013377455
34.42050435287001
6.708093155544248
71.56534422246409
28.496586082829594
28.008517257855488
111.88457232339078
-3.573071351121093
-213.90816560766416
92.54871415843581
-16.804766396032228
76.15966132181893
173.67398372560115
178.43112246028068
70.95652717096618
112.9445535300024
122.3215247456219
19.05790880700117
72.49058612970917
184.30907579549148
-11.446475306761235
108.0899653607089
-8.172612331230766
27.974691455273373
-551.5456019351022
1.2419062748049328
28.405198073525355
61.50066450127264
50.907869300277866
-174.70987489089254
160.94427170756444
9.074794348620344
-96.11249685618168
20.607554857715762
0.6706456873531863
76.27266346909346
150.22403543166138
77.81723319242565
48.02032375094991
13.634765496990374
-100.5719669947385
45.83524529382193
97.66923787607664
81.84271837192344
48.80691859151135
164.5633938254707
-108.58207101708422
-262.9509756704647
1.583278344801073
-1.6758930341911764
25.22711504926292
-180.72202167205796
173.74080414616105
55.02477936648776
115.18550550789996
49.8960416266016
85.89745337669137
13.824608347688216
-112.84338430774005
39.85784890562879
32.10994876039653
146.2048705966995
161.4949666931916
-248.0703111460989
97.03452583495846
174.41190076622843
-37.98659888405146
-24.26248361364794
-74.08058504895371
46.988739463131424
15.975915462033583
-4.711157652934162
5.816344219060604
37.12714077624042
23.067578428913862
78.62519193630214
-20.010212636924734
-184.17247624691663
36.49835723365533
48.58648030968088
15.59045589584872
85.34835522201547
72.75031575397793
129.09669313974155
30.983331549559793
34.705823650593814
44.33797005263432
40.35733551770723
69.65726580311002
-75.69905268171351
111.321902225744
98.88527323044082
11.683525225177535
72.22667622064
11.083064186699065
5.686817927942439
-55.4715733997478
28.88925028145855
-169.26644100408794
10.942874570952652
127.81843708488236
58.56199376005823
184.65557405239315
-111.4131508157925
-10.822426266205376
61.24866281560821
-3.771753699901114
83.44661880620151
20.731489082542495
152.41590139155187
87.14218798170214
123.8679496642676
79.01783077213395
-10.531554635621205
-484.6266700611159
-18.05320224901073
4.9664206017660035
114.67500214416259
-4.33604985154085
-509.02561033024904
64.0105516421873
96.36575088400627
137.6616622726965
44.37061970894365
-320.8389554657856
21.977568884863523
33.498619425296056
123.38564785558083
57.615775161664565
82.84520621983683
38.58286806752284
-188.57092265144547
73.36744098567132
38.91418157211206
101.70775369180637
-139.36841469971478
138.1040405063668
-17.231778695624598
53.507922198155086
60.35359624268559
30.107260107093676
74.9550517724141
52.30525444849641
83.13151243280072
45.5660634355645
107.17820294535
42.04444743513033
-105.56770758749735
197.45925248739968
-2.7360901734832623
114.99647397581589
103.19812172597233
93.28959414473633
-4.119172612147155
-178.42003807571973
32.79430939653711
38.07376022421977
-26.302099513604844
58.09591779628254
41.108078837504074
135.9345251918444
54.737731890620886
-14.29723619316519
-92.34573490779258
51.972953296778314
11.494924927093017
83.39569136547789
62.90775838236141
65.61947294931997
10.591879430066463
37.949585918470994
65.52841043620765
90.14154588917336
-16.393846155102437
-93.21810213532672
38.30151046141464
11.29539981550936
14.452504854021448
132.46878789853872
196.83466545348847
-13.33998886588597
22.984536797086548
96.89537537751926
-4.005896830671627
89.69153894510623
-26.79244221256227
149.9186523283097
62.98654294945072
12.658846555556625
114.65632020339058
14.206092610946195
36.775948392449955
42.21731103533851
-36.48048404911327
56.687560399949064
34.817520869213695
74.63662046920814
28.856480651266818
13.587302080951398
-966.0940755894134
11.941794576028782
18.328349938899464
-12.927301836487857
20.536521215058386
48.46252777364995
63.77554191379443
137.91961550507222
131.8675979914392
-56.85079915169581
27.43058029836834
-61.38025962599448
198.23981752117334
287.7862827520312
-462.9187650219794
99.27183208387532
93.07808190910737
-0.4254967343349563
81.76027648025524
113.48887077234542
48.613090322020646
40.572922111568914
14.423991028470866
70.37610927611126
38.15351142980565
131.85401267226825
11.786669810326657
129.9785546755154
-43.34725626695899
43.8360295779137
16.298750717772343
-162.094286682634
-8.313449530986441
-34.98780921683647
-331.1887827315977
191.6792885251557
126.48261958011562
23.355354187562384
42.66638767459297
196.50055794585978
44.18921679652158
-11.129865146689916
46.56036765752665
1.4305019181467742
74.06819946815574
-4.19352151848198
91.45955527319114
144.9590514798424
198.5749355699404
32.24387200424973
129.63548751120334
44.86467879223707
56.64205339258035
34.4305564844164
-50.2519876669063
107.97320910134522
57.54867121355551
2.7072081391100573
58.262044598180594
20.01779847396338
61.72047545919713
153.5564791216816
107.5268669617601
139.57535566473734
-39.51291256938498
95.61635770662815
-1.0659974523979143
22.296866643375086
-5.849547122257718
-58.98034066478294
81.01903947222627
170.51496890376006
79.80062099598894
26.535396519878816
-36.0887153862418
67.7397491143322
154.3145211699757
267.9288051070089
12.765339196032535
6.509755689588768
-10.156190820950656
30.520269512608593
-17.98326607083356
-220.34494856202764
-60.133600169827275
44.45952054261886
59.92490080288843
173.4901520749363
60.66406567792205
103.70043755664119
21.46811201645572
9.51467590134962
-124.30664492338701
192.0458906514341
52.344767589861334
61.59578702664291
89.53738309745995
167.481790357823
56.730899242935266
-0.3686732956984997
95.61677720017224
5.516528695848365
35.99067982387896
28.835068492924165
49.73751532571419
56.92131142343487
-45.679453704899714
-13.176115580754413
70.3642068065169
-30.16956408823944
169.84460273851641
42.804686371369286
2.258860424643899
15.718204528154198
-396.29206462062393
68.72811168189497
-8.22881645186461
11.527623087565871
105.04429475401639
-190.93910928912646
9.760961189734656
213.26394896018428
-97.06995033793373
18.67325628473095
121.33330005183348
1.2251200956188768
60.265654290157556
64.63759602116124
109.37042057251847
-83.53533518064796
48.30489174519835
-172.07145277833843
13.1082560658935
61.786561364384355
-26.2857608105046
354.82422619638965
-8.878294077689134
0.10099142776886083
-31.28915852216497
101.95671533772077
-30.34596856874805
-50.01020027224058
63.71278007284127
225.8150170483559
-102.41392083968549
159.88140758252575
-157.2800987755527
189.3649466741631
5.413954994921502
-228.83075820381146
117.5601738004757
-39.230125222160886
68.68196396610256
-258.67904411633754
24.224162087509512
38.40061527042336
33.23029463588185
118.56916509395887
89.42926197190127
143.96334333713548
-243.6062654348234
82.95221712336934
72.00789246429258
-21.621598343812952
60.52598029823444
26.458525573184684
-30.291472873005752
26.041094376946777
-5.150246115242801
67.73722613407375
105.4513727095482
-2.2324046803430875
9.409449438558903
36.42449824239725
81.31017292128695
64.39342763842842
-42.294889517023876
154.56801074650025
89.45928068265334
-31.14789971488426
14.866336043106516
61.92062973729986
34.46885943806441
134.91270227858013
-29.658419040944864
54.58321915581375
-137.89034393206384
76.54043598182872
-84.7725712877218
65.96157994532582
171.88579020054203
26.576015537664667
101.1807888391645
-10.1757147025681
-23.802368297533576
-11.494422237770568
102.7797571542792
18.66610757711669
15.387922756332046
25.93401921500299
49.38314168095587
101.86322670470804
-204.67528363356905
12.236656579421846
-147.05535271403187
65.06826699166847
62.84774227902565
-4.708620228973819
15.193577520349208
84.59206107829641
-26.197908129756343
221.8720358653868
136.60693572542277
34.40382944346399
119.48985111315687
86.35850794885596
112.73741945346592
100.80857000173205
-158.04249984084527
-91.75303088300461
48.29275610907895
44.05069258837841
85.46315497089586
33.820243902797074
29.086104743016087
135.904122446394
132.18467067501115
-17.962875532208727
12.331799227506508
19.224474595330776
-19.522287054003755
51.14868349558219
187.973798440132
19.603854189986407
-3.192051386019738
65.74488044612696
-62.38922764247582
-17.238819046848526
18.506389506876246
-8.291107870886094
-10.716815946181926
15.115353819664499
23.289146625869815
-113.52647828853424
33.28695030480412
-94.5273393772377
5.420905468236015
80.01481844275168
54.27827358306746
57.69627874711671
91.82946488713651
-32.143346986881674
63.78435449924348
73.43614274011452
21.98119046005695
96.13683256548256
8.034784402053315
-14.623402394570288
-29.256939866645553
-36.68875458966201
188.8684392752698
127.02151700507966
93.51234112878865
116.17090257885548
31.289733314398745
34.1409867523337
63.244304101349826
5.119337540639208
184.3057214231676
21.48516212321283
-244.72441471189632
20.504376300525564
130.23724007906776
43.829268060668085
52.79113403881274
68.30541990457431
22.192625271317368
50.09347240087709
2.464019547137029
49.268963262255625
164.86197752831322
89.02812790420671
29.18423318903513
31.36915625247211
130.94304145972683
74.5793134411183
35.174376433816036
-4.9757546892676405
43.91255725392659
179.60564208577853
175.1248872752376
63.83672244214294
66.90664712750959
32.45525413789255
-20.769419724858988
45.40193773458702
76.63341802317836
38.65405968533116
80.24436587101582
60.95728560770128
12.395836514917088
-315.6128669273703
80.89253627407606
32.74526117149344
-31.11559647354318
-8.536040767638497
56.1660981719978
133.0814712075844
-23.88318905231108
57.684395943547386
7.258345092585103
119.34662247016672
11.664339247118278
-11.219032225051706
71.9677102218875
-262.85767773370435
11.423920963287856
-23.346657983568548
-85.50258991565079
72.11460823072866
-164.934717768856
16.53510860163715
97.37510444523059
93.20685796042721
-16.4637677629662
42.787501695969944
-58.77083397877095
154.19540525800176
-10.25198261276637
-11.043545130224857
-26.48771249479205
177.8348391860486
91.99789738164537
-8.455474340096998
-45.90024138843547
-165.10305862455425
13.37867129881051
103.00206432007008
-42.76258905356995
127.11267618554757
34.37139279441465
42.56237292981106
39.72910211470162
-23.607544030604426
54.365754355983654
101.15652277330923
114.95718843818486
37.273181182760254
21.17906168987429
62.78674343964707
88.10111877386726
-14.3368664372429
199.9744414454476
19.420388724391614
174.75213531444274
-39.173249907367335
27.601829046466264
13.971361512655566
1.0551750747927289
60.19759879614685
34.217891221254895
-63.43532359538807
63.045960429852585
19.21462827208188
-124.03518294725791
124.69317194269388
58.20858106140531
215.7371153346162
-29.421524937405373
1.9916654883109004
-88.03412919294078
37.07374412153948
-17.895755228115757
21.913641033514555
-4.637732159549159
47.44394214613112
166.85945349944768
-11.775852663755874
39.18570599821682
7.6238904447426314
-9.517720361045438
-10.806152723457444
189.5101017320876
113.90812810779471
57.45642334847321
9.686138300557566
45.73446755482187
55.31910772137326
-11.86191571583052
59.4740197310164
39.538880033381425
-317.5991173368352
30.805917563480268
-230.43677209357975
25.337213934950682
-38.16498844045293
-374.94646249202196
46.38889965705596
126.12637624715376
124.30456288217238
50.69087604965762
-2.6468318255419945
-184.26747459877333
181.0227234227391
29.15085355717352
210.70630601930498
-57.83431438677803
-57.80171099992913
3.34467105121216
77.00470270899541
-277.4094830920494
-91.05575699370183
89.36240418083605
24.596293957190788
187.31428273143547
-10.260663917534657
34.4124172280097
4.655015694126191
44.1332248397739
65.3910796816374
-55.813519254842504
-137.46085040399612
32.28783739767663
120.2153957888595
26.206920300971518
-4.808926172790919
42.94785625056827
37.596886094938775
98.83299675959961
107.73407606268165
115.29393827262152
63.81510564490073
0.7245795701755924
49.18200763354133
-31.411148518181335
125.17731098830882
36.26947783622444
43.36619560017107
82.6310569302691
124.94715897990659
75.41741495861004
52.7134306246312
-4.404676922724181
124.7912646649911
38.62338549511242
108.7716430706298
-314.8656763391873
70.50944564718611
107.67906346804784
39.44097376047148
69.5419128732749
-3.8864707160064995
21.871847350126046
-430.03043243920047
3.4995803541020223
96.11489818942005
44.1292377674385
-60.43834671110744
33.73865624353086
24.638646995336046
5.769582312376226
54.55728884736237
15.824111527127663
-7.0424508676579025
198.95989563063267
23.27729660928193
1.5969127160562797
17.694087135001155
108.79398212290289
44.093285965966274
25.769104284302184
1.5597241043774375
53.8916025688236
40.56450276703913
133.06362880480833
61.62390016406127
103.50678103781502
-20.924248344051193
114.10708564007291
58.084420291545214
3.6101813319971825
39.018104414949796
-14.398682488074918
37.28840881109637
-378.98480858479866
-15.82012195817424
-303.8256636630153
34.83438517380368
58.911529841938076
72.53049592462514
-175.23727139274888
26.9396866457908
72.2390217443749
-6.9700147247620015
39.22767366237758
142.18612870870902
28.02606412069786
20.715488215505978
30.362290304749656
-10.348269516985965
51.75158974363103
232.38994240252578
64.27029315795608
28.049163755472932
178.1441054699826
24.110504349609613
249.51997804000757
-27.739724837444555
-64.52993267178499
88.23437127043638
-66.97092386690338
-64.57809303345994
34.5584745249007
54.76886108838821
131.73555860267152
-120.13425550762167
-10.334347946569324
10.180043473743105
-75.31486280203762
-148.33000852113764
6.218029210273016
143.941608721894
61.92754887309411
36.695236918511
75.90329596847846
20.645908576270642
120.66843054482842
-128.14466501373
84.50209702775044
23.413958253313936
-68.53397081032654
157.4864131866293
55.28080955244769
-277.43881526770383
16.77710235454677
-41.179970468687316
37.86177302245154
64.90514353508797
-47.88525766404382
58.190866277969235
-23.094758864543202
88.66848157890536
38.93719090923588
42.460507999663264
38.59780572823946
0.8363251912523992
-4.658990641322532
63.934694191936856
56.705674490392084
-16.796433849198362
47.56845645575676
10.684014092945336
60.52209565635939
122.80938204802396
138.4461495627279
22.09034989780164
23.197046951233915
46.3759718145119
61.80376532673287
-51.70260129761391
53.681038494279306
29.01672430983207
1.6315637079525027
78.20408648345074
83.96573955203439
26.7256117119038
38.81396306329262
119.53789155082973
79.60718270376947
-3.4734463249983922
65.68574772680995
129.9729290797045
21.717423842341294
34.97115061430294
57.80333237492127
26.410234938744452
49.32501452418131
1588.7471875563378
-9.357578515716341
74.10768157335882
128.230649162565
39.82404686616697
3.926618564275941
64.37893572822759
-46.87517964428143
-27.095150202415425
108.60765632229754
47.65443085815673
-799.8422595065222
53.580953390169654
67.70171642641759
51.222660539706794
83.927334460569
21.525014957200085
24.26052541794037
24.81554394528939
28.629447258642656
-57.602385836316444
47.876604585332984
-112.2711698008693
-479.3977018447359
28.567960401548888
94.28943537746159
108.2916159474621
-21.688393508462347
19.444923106878964
62.98991265238328
-25.296042883394875
109.37849930398602
-85.078913759976
-118.63388689115163
38.57038923149354
139.22204864936248
120.69288286315441
11.37988418636587
126.25665090827943
4.6047987688130485
81.79894435211935
46.299242434863885
-87.07944360634701
82.91988051187803
63.83770532308836
51.67468837897604
60.17772966405846
4.711696117750087
-6.702843814985121
-35.19330388783382
-8.85126063646112
-23.695619791276293
-46.7472160948505
-20.587954733929564
86.00601078723889
-24.899552635155818
60.89369202301794
122.76684210652365
138.85717029960688
111.05250178185179
112.3881769586526
32.790518250304174
16.503180777513634
32.98690145526169
53.39994876796004
197.688564921516
-94.90166009756194
-22.27226096730219
28.6873285706988
37.49178449182182
69.61597481555737
50.62962962201118
-17.983036304854068
56.9516844347263
75.65521275322908
-273.7800170859282
24.779041544036772
9.72368032324176
96.52454224325811
124.51187506613678
89.43748997131229
-75.0570979653609
15.312173281722897
29.94103487047738
27.02736705942628
136.1868767855051
39.71417249385149
65.62781462480174
83.53302586204518
-71.97040768824445
5.1732466092911125
57.268995225930496
53.4272340123962
159.52305499761906
-199.51360669755832
49.24204624169781
17.614936718801005
-20.034600794244447
15.80735014093197
51.37410823510737
24.04673466931763
142.37038576694158
178.55940729504005
83.40149980143343
50.04524046075559
89.46112433868734
45.57865278011231
103.79061830439423
-67.75722009224864
56.44634712024265
-253.8821071351431
172.0462870635156
100.64237500845138
154.0877036310212
13.475091071053157
135.90815843576138
28.478670842217525
-11.918338239994995
-69.61711167882072
168.71909505926578
98.18016340838176
49.51429660152676
88.21061414136483
58.40106698752925
33.9377504213289
141.32749346036508
-13.508559836720451
-57.6246422441493
64.10710380566579
87.14191901999993
-42.174603025882995
-25.98963113823629
-146.08783898739148
23.443707850593654
-75.10375322841719
-88.06161565691218
-188.20613315267747
-103.90745922265705
231.08220424407864
-43.41831303272693
130.91667156421204
-23.921495421202287
16.67667645950044
-31.63112329045113
-0.1512078067650085
60.225070094420914
22.59701165266286
16.157440843044764
45.79101844091201
149.6392062956927
-62.83338568168074
-116.02509924364495
52.777950351740046
43.6614516797606
33.291512581983824
33.671349521085965
89.39350781546162
-20.65396708521865
-50.46784880826415
-142.66800434913512
-24.042755049495554
126.87662368502606
33.44563636055488
46.55068317229109
-61.927507424420135
37.579722693348465
79.48262845780954
153.19986455014669
44.308152176643546
25.09333958399975
-1.5188759907912424
136.20427580013893
-38.66708387380585
53.00299164103535
52.394541852730526
107.5282053661731
-179.4746945452589
85.78739938038328
95.06924203798246
55.600073657607865
-76.21329484565467
19.97009031466667
-12.020405397951981
148.49792072988203
130.04328389617694
-0.2838972397031437
24.14797115400662
160.60069487092278
146.98100510439735
95.95297390237033
110.35363087647465
14.497444514947773
14.782300487249813
-35.7560743046222
38.776036077433815
-75.4693801355179
-65.36758673729992
61.193727047595985
-8.515965570521514
23.9040702613749
116.53850925101142
89.34947435571934
-26.382273225446543
-227.32031588169048
-45.426908284471665
41.479502515075524
85.7795034631165
-4.338368772495524
32.59247162550311
70.14868195170038
62.50861456516171
-4.9422361139781605
91.33124650113405
50.2269483450439
-48.21312830114766
58.79392345287033
143.89103493759467
-17.48893633470968
-176.4621410255795
135.3764032967565
47.614307757027746
3.317292683923885
11.313976114012114
24.9252774392539
17.049872706643193
112.17029561676372
41.220656164719124
33.29261319073251
22.48861381679336
9.760526480402755
46.314675382880864
-18.46511056378904
17.074696387384876
-4.347254830882071
20.49749044090686
-1.6701943164238733
75.19526115087638
71.08675343870334
-149.66667792498447
-90.42297767831406
-458.2235746726311
47.64478750292096
-1.8105539391760377
57.717064649928574
166.83224739177695
134.67194714374273
78.87239803106829
57.168908930422276
-84.84398449823811
47.05827094806033
-159.25823728772912
85.52823623727613
47.96709444173939
15.561268176675872
19.33538192900766
-66.41368089917341
-10.819174579050319
68.02576007422975
31.249877625332537
-67.8769011519571
26.526859138082695
24.667962781848004
66.41970190340362
116.31781662047229
-16.954705643929618
-134.09538850435183
60.55424044386427
78.33504248359577
-25.3376927460972
61.757980824443166
40.13717897860306
191.16006714200103
21.754439111343018
90.37115750840383
59.92994453023903
203.1051998927055
-63.60026650304562
61.0803566253565
37.52799887370929
-49.402950366031064
130.18368138610685
67.23066195030117
-58.38496776001086
64.56241099806357
-191.18794195210023
182.29319900896098
68.662427236296
51.198949083210664
63.82889088472419
-12.785449823112486
166.88932382280223
41.07379187489721
-24.261261315759498
-10.68433634109874
65.714817102198
13.17883875679047
-8.18963032323223
102.00783141682086
55.383185084955926
0.7617452989965007
21.08532968397435
-21.457840714951658
215.7011893598392
-16.346887878264468
63.99621358613172
44.80499029840121
6.471906151399139
81.87885206758358
-15.025867709761535
47.161335207732805
70.03543951461643
135.85593764670784
37.011080482351645
-206.45268523497543
103.93359274950944
-281.732335231918
42.08763223377082
1.8232884779087377
0.09102884214138418
60.313906869867424
28.691719173104502
103.6415682119507
-36.63086587666208
19.20846693251669
107.7566988179376
33.97059476891991
15.297055050654393
36.25410368736432
96.92421353515113
-6.498773366423848
282.6292624136022
-24.08901469936154
144.77781299199523
26.904254707494147
0.3480996952104666
141.38174204500535
77.95851371405217
-32.119312328452
62.484555852761915
27.482033272409808
20.590972447127882
43.66186424789021
145.4725854381495
10.073755214399565
24.75340332260254
-96.46585043441576
18.772000624803113
117.11909859226898
62.30260461843318
17.509627039570386
51.118269602662195
179.08489606234025
71.37324826545364
5.656432611293557
24.737835919770216
-31.015174582226795
17.589361909457637
-88.01669802926153
-612.4242750453053
44.17319625379852
-24.83608588394236
-152.11974642168025
138.5987807739084
36.09126512844628
-0.9011182075436537
20.8855489377344
138.49131720558808
52.23753070363307
42.48010044797547
25.513802326798213
10.908723492725262
-63.67396951256255
176.0284495228061
16.25276422630175
55.10385364826632
83.97402191831122
35.193976542393486
-129.40795084648107
91.40288958171868
195.01964722225603
-1551.7339984910977
25.039193796211947
59.872566975295285
87.53856054509566
56.2715951027991
43.28529068029664
48.19325897863417
-27.59250647325962
213.78718290013512
39.23520956342172
34.949880781406954
65.60705074604721
38.632862322363025
25.25391399848137
3.6235545526762345
55.06434853047358
7.3270246720862815
143.71982302376728
85.77882690475963
-13.038050566778253
147.47487909348047
51.01420117806356
72.86612245787273
97.37640783174948
98.43298414166202
21.004752342647862
-27.76541468012101
42.01393079516159
-67.39258951709962
86.17668365900727
40.21240920115628
133.18959320194267
36.71330945634014
-8.70549623995933
-91.77943777723976
-22.70753692787457
-22.964293270501344
-17.18098902361686
43.96664637053533
71.11005312128975
51.18825152097412
130.04825224894603
3.68890964721456
25.969054384509302
113.42431919002922
70.70646908126443
-198.96628376228
108.86616706419818
8.828811037860184
41.01346563717095
-76.14401147875469
31.062727954038195
-8.459017389449869
10.584155262094555
43.14007314240543
-11.407296411722655
-18.91835815732387
-29.87322689566963
155.72799296284165
206.1154789900438
-159.00854023631518
28.850826909960972
79.79749688992797
97.80216583110837
18.350895776526748
149.5239183094518
46.25394347972468
-1.5726742015252593
-145.34305795147338
151.6719043399903
42.164153060510216
70.87841817872479
42.59993389375494
123.41045464785111
96.11404305258156
-880.4897597576718
-168.82167138938348
79.54833302116548
113.26665318141545
137.31730005027293
84.30693437601036
45.39833717014471
38.71941483529515
-7.501323830289493
81.7951824853009
-61.22171358464311
174.95818657751443
-87.81023515500874
-166.00557044127527
54.275736013073654
122.80623813861234
117.96797770576495
112.9188090004833
112.03512460478441
-38.1317521923479
299.7597087391023
-158.43416882703968
126.32815831424318
56.23525914792703
67.92077992276822
191.55503184697864
81.80750743260705
-153.402691157753
58.95480286380456
5.194435703358188
-18.470475103692635
-26.150096308718275
103.37586318194872
128.08509219319922
-153.69266284235528
14.9225546200035
29.69067622517008
-0.6289242935267794
-111.28434642702693
25.477857642672394
72.34599671237206
-26.720175010851797
85.53632205416298
-69.70694112091905
89.64423836675002
73.68749841632143
30.3965057985436
108.94141275051788
140.32113869438626
131.79046407761143
-121.55435416855516
-10.770986889410779
-141.65776178904707
-145.95621909345573
98.1783778856593
91.26064336783202
45.22297956249943
307.5386742391429
53.633674415554395
52.48998022269461
271.0378685960277
24.40099089267133
5.107607197681041
-45.21332983038792
85.60308754400467
-184.4581551081228
117.32929739130122
15.087485836809265
26.285610803388153
31.674852346370468
27.188194140294733
34.80186764427318
39.6314054605682
107.39499492118148
-2.6494982955614432
168.71203424288024
53.28309628252555
-17.414560448425743
23.30276840261511
72.24563478466206
-88.20995406325346
79.07716214637185
144.6404575799943
148.31377380348613
83.83150157813225
-40.59270826542024
30.033752564605944
-64.548015379552
111.95063137392435
-24.33398943475686
5.9959912422311294
-287.75360407291464
9.042764205948327
45.959663172518674
-180.7256995790085
112.98929595041625
-81.76566056387492
36.36502301081464
-13.823670482628266
155.68728669769803
-41.98683000866913
21.708178534823816
3.46183673414128
-44.83533190037565
159.28077973408108
-13.992451280977548
63.07187213772015
-30.98019684203308
48.84831877411011
150.96098362818816
65.6488495189219
-93.741567755299
23.794669105594906
23.062180492944893
-20.387972792464673
-49.44054601019006
44.263473136842265
122.27754434721373
-212.8189295319762
87.833259141089
131.71199124838358
200.45919708255497
-7.117186645113293
56.62251012090701
9.18655998497772
262.27918880901143
11.801746832200532
131.50436374245555
107.83733168299204
19.939531090399843
157.8870143639292
153.0550341019607
34.32152955492832
1.3102971044536131
134.8820749728984
61.79251697153425
-26.190037623806855
117.32169477734351
20.699731588266573
52.493570219355206
-39.136339553975176
-57.64032217573346
153.8824896144822
11.539936358717009
30.514892564289287
26.392597057913267
41.08248228871139
-11.097653376367367
85.73672973047658
-0.7087115058593562
51.329495788281974
117.45326760331773
-0.6309067287620103
-575.7365548742096
-465.4903456164566
149.63533260247823
-37.818543184650174
-32.95210947131909
11.249898647335204
124.0987768404425
87.83486022449733
101.79979359719846
12.700756264159487
150.70938521034805
-70.34532379425173
194.46853106421895
-2.505567103895828
-178.79243371753137
-199.9293951298397
49.329465533939185
72.18543173346984
88.71164816781311
-10.073544270006426
-26.733297634867064
156.29738369936558
1.6715017752094354
56.33868166158787
73.56222246504967
-2.699968972194256
96.08879433247284
17.29304554114958
-100.00501057935617
67.63597902588333
86.63256475551293
16.825912281348796
82.94563554125625
130.6690324974761
64.62172248635159
9.428705920719867
-1.694066295828656
14.232955930758056
51.7268362605206
-1026.1316264215739
-133.6622987712708
58.259836395205525
10.184954042095967
6.348670153669559
100.76547564879729
-106.36788087934974
247.51016018884638
92.41220010751113
-20.403438942739058
30.227104673921303
-11.712594535643484
358.54325989378503
-4.30967184841779
71.30096840758374
109.28790308070484
37.295402657491195
-43.14958722231404
112.58790868064034
-154.073707397024
-5.362777587788287
-137.30970740645807
66.38292055378378
57.823239270355984
-41.11735604005116
-3.4293214770209173
82.7259294961168
51.06925666855523
0.39826897445492615
25.253536165848995
-23.64558044948717
58.15621902280793
-123.00088105217219
81.43298088652477
-127.19254903289766
-70.5179691928106
1.2118961912744841
-1.9667096753417626
8.809075160082472
30.09395279387308
79.35070959044111
-88.38701405688198
-8.477556343021295
9.125088768229153
-16.876151450558154
10.931912280516372
102.09254781688242
33.33200575193132
-25.1903099891598
135.3502930374375
22.414802663916333
171.77224271711293
-12.153934083961339
104.74121116531796
-340.8467200858977
77.4719946132293
-56.129869595044646
174.56612627859704
-101.75693342574095
8.663083592601934
3.5792230860993186
44.51026113715991
151.66925306940902
52.02365052519655
41.40771156958136
62.39137639428964
60.37607305962439
-114.62641317718771
108.36054575938078
138.7792739710535
62.680710437051346
68.48425622919268
95.03753794035708
-31.99979171270718
5.522610235450116
10.406385712510593
-16.09703027302298
66.70014265080454
37.609495145869005
-28.95921921207082
3.6549672901232952
46.2175299500783
57.919134748655324
43.81310529329846
14.674521873132164
-109.87371712657313
23.584830758049975
-121.13397574459577
65.92590187355972
164.21030550721798
99.48061133599049
77.00740610939408
3.175029669135526
11.241139220263575
58.889390314220236
98.78981262964862
127.14344461394671
100.33848072905016
-0.14873730003833033
57.26536950255149
-15.875233984370073
223.66742498253188
54.19209491341554
-281.0224151410788
35.7375746858479
-24.298760945025826
36.55191079978576
53.083821361567516
-309.958063843083
-170.63370582374728
14.22429198418902
-109.55021817638404
22.55933726658917
10.10483758613408
71.47891048464317
31.398331155000278
-30.20855692146675
-56.39907638933528
101.38923398849317
4.726284620816841
-178.6977608116017
71.14570631074125
126.42536687795473
41.9221695361407
-35.93015953234999
122.88359551429062
31.965576652791064
-465.1322458368695
89.4955541252798
57.24031830954174
36.33601760905323
42.77286891812457
-202.96186702661998
-374.2369379557649
59.35374930480748
-25.02280526181221
13.704782791752677
70.0156739262182
-80.13683179365489
-234.95645715583453
67.2253834429207
14.417154872930041
74.0740386809056
31.69172612554351
-317.42667410936065
10.693163252409448
-788.9675874899826
1.859343057937167
74.4085150754126
-14.882856682062084
30.83965825439376
49.48674905600336
72.2696666969066
193.61308935527177
48.49131074027082
127.19463938790341
61.22331052598565
-38.148643726926366
122.25870544877898
131.28989376430218
19.60712642913651
-638.9699066380535
88.44753242046318
22.245713175334075
76.7052121289903
1.3976116640177807
63.589259185107494
176.7192714197122
-2.315012706761381
55.554043793215975
-10.633741950999301
153.2169118137531
100.83908887389043
186.1731905655938
-17.3830448442161
-52.0343753697125
10.995191000526948
55.161332278730555
-40.295965998256634
54.372661822938426
49.71020045911524
-42.009909717472404
126.41256123329458
36.11499921905579
14.617141556585292
153.56667840682098
-295.2014761309274
33.55431960572432
-209.12955249813422
26.310919833204935
128.53017983447012
18.993904343578954
18.00659986144079
-1.902499508827244
118.06301157217467
-35.1506056893269
86.80741726017959
-2.835888674775049
206.0670364089019
76.6043614647034
-18.713134462680863
38.22497236905565
92.35266195113377
16.062483004748408
-45.5072258041223
-33.859937184696264
154.48870577902403
56.672268617144624
99.607814882389
41.054037771993904
15.334406827060857
18.752843685418078
55.720821258164506
-28.19285703888363
103.27197335356414
-20.03922277430638
173.30666936793523
-46.302357680789875
-70.68361227265632
-7.543083823476991
127.75557348707798
13.960009978349714
-103.1942008412052
0.16621029580892355
57.4955088275874
-434.6059191303511
137.83473208923442
-98.126931868891
-210.07130572435562
-78.1745642928754
24.164056198774325
49.72968503760262
-265.2216781059042
27.310969715889797
36.009236547208275
3.708792342227783
-98.35827293447846
55.02511133131793
33.2083998706452
-9.513298057622185
119.64683821905737
-20.473378261071716
-41.654216879577696
-99.02571488626302
13.094232804149158
97.2215774257063
16.45511333456261
-86.76879074583621
-19.3024559238047
-147.93406495735144
-190.26952728386595
22.77984760633379
68.64364534571155
5.789659050656491
77.36325752794107
90.71213061162098
-340.9860534874688
77.53823835099774
-67.20970974214742
-87.79654134678276
162.68131178968952
-26.75387223726193
-117.60376779586386
-77.63171004444932
-0.8707465775613041
27.773220982110615
95.8811978460717
87.1658019701822
-219.77836104218505
-24.713002137461444
47.377471119920756
-33.54813433787362
92.01915175480644
77.31277892659455
132.16836142134298
90.24034484752156
65.74109726818142
93.73768775474605
-5.461881650670789
-66.38638943577007
22.657739057660283
68.68475366678143
-100.27764376419691
19.23562959077168
13.050870166792455
118.11331763928592
-65.93582882185538
116.12993173777431
175.1577433699158
-421.548431061231
44.27760985645785
62.664553110938414
55.76227798807804
-219.56493394137988
57.46115255708128
136.66663729343827
21.157730350880797
16.88799202185436
162.31075066523226
91.2618784100082
189.24604913060148
60.805404129240166
52.048757021534016
-0.33448058007888903
3.519451318283157
-93.64687319362838
33.174341280927365
108.19793506193196
31.119228073888962
59.162839240608236
14.269613321553143
52.463487762897884
-64.84914598798241
108.18947017232995
69.17842565831734
27.757091797287153
69.28280692762064
147.65019525026423
29.65373958895122
72.6835374134647
79.47922215408471
38.00460614722647
14.579011700943738
31.422717467841924
-17.234201388223518
10.095550492860184
182.5656056005755
36.166775149202834
13.28537392627111
87.63407025477795
14.12772621961376
-59.95791882656067
76.19756095023962
-220.91895291606852
-9.96524662341335
100.4228184076361
-38.040001267137086
158.57954186251573
-47.54233232755337
55.191615996741234
110.0709374866749
90.4672235512835
203.163216471331
43.44890348482796
20.86542961806166
-8.642506535351801
73.58915620781681
71.06778143188444
-3.043081610321087
96.09838139306493
35.39627003201815
25.184735491821627
20.878805078200088
120.326971596985
2.628529056363732
83.42710951704703
39.42157425061214
169.2179750151663
-37.37920794164053
-24.193129109268863
26.995145737304256
16.029053886867047
-44.52605700233926
27.83643949232419
46.03146032975428
-31.73197025450136
126.1143874007073
-157.60300378996817
144.3491945872479
-82.96440306700606
102.94227731761634
178.33461092565994
15.253929945185064
-52.18494681475431
-7.1778265767498795
110.7137041605306
45.08594008729142
8.89729154995831
83.17573982836461
34.57779337011135
138.1348641230977
119.0510746833479
-26.63862844225946
-22.31558797905472
26.44410891893388
65.48050090066954
215.81684383213087
50.53806260932561
111.66428764283819
53.87628854193349
30.847105415117248
53.73326671357268
-7.731971296307036
72.53112912013148
-3.6554763968119914
22.232928311688575
82.72174354584112
-11.824399875410542
48.94440852671639
9.551779032170998
47.835425474191716
36.842997024896555
-233.34217857415933
75.80427520124931
28.538710423271368
53.982402843555064
60.857288546044586
138.89570276922268
44.96071682137858
107.14715470663032
11.19839963363516
0.3860869567850511
-187.30191449139875
87.06560228643423
11.780043620865001
-1.858511350918327
125.43790068931935
93.65785986186268
-353.94256854121204
-6.500557555817068
9.648117175666473
37.11445997107387
71.01703447243978
30.572810764163023
16.963408375256904
118.29089267455629
7.999806481184066
-25.46055452676501
-71.92465114639481
-44.37102990169342
-0.3364527289254511
-240.9055835997783
32.31297247675688
-158.94583841923122
25.368754665182152
58.19608238688292
68.92599357566809
-19.60055422485353
105.37894328105858
-21.046592272594694
-5.115404192824524
72.67503073314265
59.98003578438147
7.135819949814521
-153.69984140559063
86.66734473578981
118.83166357039812
-0.7526932432460853
93.23069687377438
74.6561610402938
-34.033267545792114
13.602841204263687
111.2735863091857
-23.82095741925403
129.22306851533654
-5.523894191109321
-108.30712420211239
28.930090376993803
137.96361391154096
-66.9762198956148
-45.437872391625206
115.56066926212475
30.125649018798413
0.1453965757983455
77.21054498077592
-75.3320228732093
-50.04641174285916
170.81924146487654
-21.377723654613956
-110.1645136130569
-70.50564696458605
226.39629977838922
19.869732770396606
-9.748015786843059
-6.665824014252739
-218.60195726814982
87.27157629066141
31.883128797927597
82.21022308625288
99.07161171498274
90.69266492799761
12.150616615896979
19.81311503569941
57.40897793754863
5.79293901001256
-35.736516208127064
-55.19378400631467
-34.35936047409041
1118.0765196184143
30.31814248437422
-86.56667169965704
18.454169111991177
-45.45357552581743
27.441775024619254
186.10156811259412
73.98087664760325
35.34806426159366
10.3072046865781
80.26109914922768
124.46697107075852
-88.52210834543212
-64.59939190840352
-18.636358014867085
119.56032882978752
81.9016598492758
2.2933948401841917
66.41537147309288
55.71222281597048
42.47831624742503
53.06141285374382
-24.023785381950674
-60.47496185612417
75.86845939848808
111.11871227089387
-3.126561644171403
11.595443103980166
144.8888193786106
40.86741301537677
82.06972434933414
134.8255870268797
-6.677328451229187
117.75540512221431
102.66611987428314
137.96571943586787
22.172026556610035
156.49388953633616
35.518975503526235
128.9232871520387
28.409133863297093
23.91216574575219
-133.8751728269508
49.505273586496514
-251.36231791355794
25.068956671400315
56.414682398112745
50.70014623463919
75.52874932818759
166.89213733970882
0.7214416017314638
-20.859181093280572
-1.715502100436344
58.14618983620464
-4.95340480665027
88.61773291977124
-33.11485282111016
47.401539950646814
24.23045734292441
0.09587029189757246
96.17785491500672
-119.83245464637503
-1.5203437898407586
146.78198674773648
125.4548304769146
67.63367510110311
21.332095661335785
22.08498938488856
15.006557900345841
31.733183673253798
-1.3951516508868274
56.241547377755495
51.84707158938454
123.49430106369209
16.475337270675045
86.73141942226493
57.00693907430559
39.65274864957405
-14.283369634640906
2.956641711100138
58.2490655171963
-17.368094353421156
29.824698074175217
102.25064522441244
191.1271821804121
31.610178854222223
-0.18797058228441177
44.69047483366285
36.84274575922999
-15.771576701286769
63.812440055015486
42.95973692357519
119.86146625210654
26.737692596951437
8.465634771269638
-53.77971141063867
-119.20753856963984
-62.711309891155814
-58.744947964877156
-5.8968544353228936
-281.41216316255395
73.48553264307748
47.552040309568724
183.02763819103257
-72.78521969476105
-4.449367525416619
134.49446937337507
-99.78971457100806
6.944193775404236
-53.94651502628221
117.95988039938447
35.70968348065944
51.480732197530905
34.1908034516498
32.547600715261524
20.882022000678944
-42.88259323806824
18.316500912068125
-98.32633092718652
47.0117844244005
46.78514304976203
62.09676798279301
34.51203334691956
9.101217158149666
39.690863627079125
72.26005859097131
-13.982812784674024
68.6399434525878
-997.1353973899622
28.474816822399855
-136.30037184787807
108.44687815092323
108.26481900800854
22.88908349264957
-54.06557784373126
-124.69502957984241
-16.001058978593846
81.72489951814327
27.42168392355501
-19.59437660256117
70.23840871784614
-8.502835545454218
72.90218092542443
-79.44312108191752
-8.187687979199382
7.297434140749764
0.21963778419066848
141.8790551227862
-12.653774819019356
46.663032457140616
68.4546994730515
-180.40299098626565
57.71722194228232
92.6791922969037
30.86881448871095
-15.91090515838414
7.33158855264747
53.87919655253609
-16.39905655804887
24.103191535858326
67.64063885683072
38.994568195235885
39.96028299486018
56.861286314203646
-34.20017262441681
23.654845046035966
1.2639936524008022
88.76878274775481
100.87990002666038
40.763645053911134
-11.702393144106736
-69.27169724375653
47.24517882733517
36.6070471296468
80.0948733338459
-66.35815150127246
-98.61763590424107
-7.3679369234150585
24.076884130833605
-0.1777545533684588
44.476820596841236
-46.70982948812762
178.68808047045013
-205.4852750388054
-136.19456459523553
-64.53821286098173
-98.88903530193966
5.408049881873502
50.40810868881272
27.051035790267036
35.564266257432436
148.38979357766993
22.014349395978208
101.37621153955843
-91.59432523037958
-12.101828168130739
67.10779154279084
56.17511816505359
50.57895407340419
108.4696378038966
-1.9499881776835117
-489.1357423011559
78.64031747913668
92.18123855573754
13.0872145332728
-36.758913928385425
-14.350651257880145
147.63579679459372
-132.78588290267453
-9.71142532584956
-77.99507234696011
25.022254088217863
-80.37860213949216
30.900546128367864
-24.61763926632539
-104.59179541780304
-1.0924610029678483
-9.128486201317328
3.950329887295993
31.125121736917343
2.877293919383674
88.01064558752591
-18.851366907758724
-3.339631247391396
126.96158117232426
127.19080387122312
0.12047572784808835
-98.60566515677147
95.97618551371397
42.22019863369542
37.707651475509245
27.421848213422322
158.6872152922524
-60.435384877856094
3.43941809525157
-17.68524711236816
86.08716974415637
38.05644029506038
88.9865021260257
190.79855891886268
1.3944679076084867
114.61550143331715
210.78392875342433
-10.977756468456061
9.321863661132738
-53.264291286443814
60.76016267989826
-68.00233432689674
23.498890402787925
162.2029874384234
-46.849165781156444
125.7370994646003
65.92460720532677
18.433789993115397
-70.22501672771111
8.079414486120243
94.91444006922507
68.23498733250744
24.418666764766506
54.14332296960145
22.408060861386453
85.26373613857572
-282.2939794798963
144.011429555223
136.19586227349782
-39.46015234266826
-99.9869838781724
62.767969638173554
-30.290663596123522
40.950903972853574
26.342648286720213
7.957201497095588
113.34293228860224
1.5652456470521798
57.85422852248291
25.68782090735559
84.13041929539429
28.30025972054414
36.21464448477275
161.2979931908635
93.92845423976758
19.09862193835579
-122.06590525593361
-279.0635065340157
59.38525766549742
55.320951753241104
27.702530683978694
-38.33337433516772
260.08384242262764
51.83387374333472
4.568796217274446
-67.42305966812546
108.05289182624529
95.92332455896911
1.1301642017941158
164.51661505978677
-51.7955605953407
-121.331523196327
111.01442111787014
81.69785641807448
43.84153418138476
99.31220147655995
25.952530891414426
103.61828835249526
120.29012588004116
-63.35732718940335
-567.0539950714111
26.783308523075753
28.661967725989513
-5.8738071527677675
-241.2382751846335
71.38515863194414
-22.698011095215406
-133.09779999154352
-355.3591072133404
68.92862235684811
-325.2391960366158
-32.733156349335786
-103.52991086102065
21.793520432270572
64.65264004104392
3.413260082692187
44.90004177357332
141.03283282105303
110.48345845342055
42.882195061941275
24.193427397685923
-74.67789942941681
46.523304618886286
-141.81723262137075
29.80929249860907
106.01034991022061
37.80691364000063
34.73670912633925
-23.247468027886896
57.13075948353753
18.249541284421667
-162.98882425936426
105.69021293791093
2.456212441852872
68.78010829091295
-9.19940767917069
95.50165873590072
19.38677484622286
119.50637604856911
52.8395579528663
6.06916233923539
99.69767418215173
-49.45786231838974
29.867481401887247
126.10864680752547
63.16912416588639
7.339215172542026
-8.942586809698696
-136.9771159535631
111.6171391257385
-46.8313338639241
-70.17019301793516
104.09927324335922
173.77601029421294
-520.0674389621918
62.4637958168496
70.34224487859217
-153.85953583957598
35.56133582163632
45.73586526145423
204.27895652559118
68.45068206308508
-2.112677264546619
-31.058973390910694
3.6993538733241245
7.368299959242197
120.63061700146136
65.84522338874626
115.6873871971111
74.74334075413071
8.84233493072725
54.22224609032696
81.67176741849227
77.45343193049382
-23.337539010121873
28.433435435796298
40.83427574268717
134.36287808546035
59.189296218247364
131.73731146098908
93.15430586165076
88.16298747116304
46.95983805483122
-52.272302632725264
-11.799082773650314
47.74327335274009
-223.42112885617007
50.82949488026533
252.9389961764523
-2.128384361550374
-20.528695698830454
80.95824387934877
59.270890319450245
20.719000808375615
15.70841483442564
23.03480554026284
74.8821131077857
196.03996362460703
3.709634265776913
-248.6267459544806
26.196120374162618
21.42315962228011
117.39306423391508
-47.63831159614007
-20.92794617142863
56.72380860859401
-12.075930954547662
91.29587111621004
-7.652400468832678
11.39612542883242
59.64848430193683
-110.23978867142023
141.79767856542003
59.88491966102208
0.5318867996629706
24.617376063308914
65.59937340808762
-85.82100397177419
25.677336369913064
19.865375198267795
-194.23334059616082
114.54028370845072
121.50733821852327
138.81615872637212
21.228697692870107
-5.781653866950592
-1.273804159712263
55.66711548703461
67.76630385901726
33.316979959720214
13.99479404044836
193.29863651272262
23.55973222338571
-51.92706125484028
65.91082538739528
64.10742400222398
441.9227082389498
-34.249718594768176
67.17239238808725
60.20429265550456
-50.774551474212785
108.99448210337368
-24.53716150927401
28.751762619590636
27.132168866834036
16.328378680853916
105.36509090773393
-30.305953505202524
65.04080920922411
-7.3807619959118576
61.27504738928303
62.427534576302435
-25.77471149925418
3.088366208732623
67.42086159183572
159.15567899020107
20.734132455851977
27.487747665255426
70.12070471188372
66.5059774254355
-16.764737584059233
18.148304655741274
-21.39476906448317
98.17082570167372
64.04092534154147
-33.88127455320771
-118.63559145110958
7.678010597406822
100.25937448742184
-37.372531139676084
29.339975171032002
-123.62984676872247
34.83602827488585
77.99731642280676
9.171701619807209
26.276690303773446
-31.58672259240792
-74.19499541567711
-32.35119821125672
30.730209714144223
-41.94080857337485
-44.85214815403015
11.802290333027102
30.985412344818002
56.48452691890757
-81.4567085368235
58.24624185189441
172.28611697712086
-3.08230463821079
-186.95776454243605
90.02935996212864
39.96908079235709
-17.295605739239264
39.230268908903554
17.575425615623764
73.97750080814626
-22.890415194391608
-12.190362152534362
44.309077940069166
1.5981916950100867
-60.93350077625473
-83.33637661327975
-91.59762946558203
-176.2404896739763
0.3264344378528377
52.827981738782
143.8750053684912
38.02941082057305
6.581701153021613
30.1664966962976
64.9901511586671
79.07649236551424
-1.3922069165571482
108.72295909852619
40.06710008299551
-16.128353026072258
107.33301148622115
-162.53457018717063
96.83182897101369
34.333543507466246
233.206589257391
-74.54988309951341
98.02538630293202
-52.71389261442942
17.52454206080438
-9.737187966676629
10.8267721027309
156.81352972395484
9.11433784575047
-133.51090384160216
-274.4224638014721
157.20630377553516
33.99386239718369
31.787421456682708
-141.20798150863993
4.889518297349468
-103.7947075573256
87.32839978199627
35.35409330226391
44.556782769839174
23.801854742653187
36.37619634186159
61.22654561133552
81.44570534898736
-60.433154231830166
88.8535690634917
12.400218910885734
3.0547887026134504
51.77379427594829
70.52714145852104
-12.643235372053711
73.11883814280736
-33.689585860736315
127.79943320635357
11.234069628949612
17.71572317962807
28.893825153559128
207.43181216370067
86.0686640236932
-7.9397159250020195
123.27872799489023
-2.3592509974593363
137.31110627159842
-4.648061040563334
36.3224639794189
-83.21626928522255
-17.860516760671334
92.40412438562589
70.87100870949052
-27.37332549328221
26.95560371706784
88.04967707857327
-48.063487863380544
-124.12994603492871
149.64993204106077
87.3020310972529
47.82254986023087
124.89460269408482
80.8942682744928
97.88850621029064
9.670249719768634
85.4744983456917
91.23033277560538
78.8406414455958
109.1925893857192
95.18495042994107
102.183873817414
19.12467491914793
42.89122483164575
-51.52306996061725
28.8415642106039
151.66650251969327
31.486656272967572
-183.25123546668146
7.362708053671668
63.4909234409903
95.66482252494006
50.907647390652016
34.61045751835485
31.221933798675167
61.03073034754422
-20.727304172511595
-117.7608787378822
43.935926280816055
61.10027368468555
67.14960670648384
33.21597098058787
-10.806426203412485
117.2715318713623
69.65336418789968
-21.09982956438904
72.25734650350478
11.839270180236099
-55.59534164134129
78.14937427730524
-116.78511576170422
79.98869885242993
90.67895010955829
47.28431984797977
53.215777352048875
154.81376456510907
-48.271092952934396
-64.22347837380084
70.96879962727826
102.16689558405119
-109.98482508570066
70.76370075694831
14.63163843941561
-52.14128687895999
-30.087012622602288
-110.64172657959534
30.980325971303955
39.538838225999825
31.231980930478446
80.77009771774203
-2.5663527509413613
183.78271199009077
3.3585861803349815
50.91546530419055
118.90472258871523
-87.00766870737061
9.323854811183185
103.86720771641421
105.8508935466607
160.06123828352202
106.83470476976981
68.8101281050494
-21.843713893309086
-7.442490895824903
46.56314291626529
95.21020520348043
61.12911639572212
65.14111332953212
33.38827699822342
12.632819819382803
90.21973590821744
109.11937858015062
166.12593479445604
-277.5234098425426
51.155328280779365
33.382177170278226
170.32022777405564
27.97664837933189
105.95836847238712
-89.75109849166347
57.06347673094331
27.5166823889424
152.77206581925066
-209.13192356244144
-31.468500701871562
129.7305180663875
13.83866100889716
-61.039617215893486
-17.940076384879866
28.450896822698837
-44.99998209112891
31.009612809240014
77.8052817496241
-0.967907525262568
108.56167566525164
-340.18423153022286
-18.900464932430623
130.85207948422703
-57.73120884928176
-221.95252605612131
52.26400168378677
83.82511714816292
46.16262842684131
46.74668234511903
-22.939807604106136
158.01484153744173
55.498886322397674
-25.80780103964662
-16.019448920735872
-208.80522010419008
-10.160087647472846
178.93738852608203
119.83001379140569
70.53057141358795
67.13136333459585
9.030052272207866
65.18338004278098
-10.310684485974662
51.310053373890696
21.27422690081994
50.295618651661044
12.925506374785726
-34.053374491409215
19.94272804707907
29.352897684696046
-18.569313140260356
3.4357961893344164
37.636303591110845
127.30805705005446
122.98644778548169
37.4185007935104
-29.560726894732397
28.82827307307103
18.70046546692211
-361.63979915889144
-3.5289658830918214
65.54640645475924
98.43288037560058
-14.606064268861072
140.84577375536992
134.13431681715974
121.4855721155717
60.20534896229583
-79.36227306925684
137.48386291659017
-3.7000321103458034
33.088932289375535
73.52096158425809
-7.087015940714478
16.194357588189668
81.90513168541793
78.48851661276588
62.14175212328723
33.13111275583901
67.75240048475547
-19.02300506655517
86.65182641023927
56.718851274997405
78.09744350826622
143.31527236719194
40.993001506821905
6.654012361366043
46.6464905514528
-38.70846688379733
-5.358265661324367
8.68235750130225
31.53114405754448
-67.86396056575374
12.462362710470188
12.960198144129208
-107.76164453098954
-309.2693491456623
176.22605523523544
-56.83279431706925
-28.03148267459528
67.35980614850087
155.00454987980447
45.81096080754469
163.18925137983888
11.425914613363972
29.36074047349848
-9.910899189704153
32.392053738173786
18.13873675897638
80.8328590781922
109.40452520888107
-32.10398244076006
84.3904358551672
3.90994324446703
121.72845417000121
-383.8842115502621
7.5192868081410325
17.170319623886826
26.317544350732533
124.17367614121281
56.18093207903979
-337.09030822916793
50.64001589287693
-1.4119523265338347
1.2857118348777057
-125.92159045721564
-11.239659733785942
115.20918703957204
110.2386089775814
119.97197850662224
-36.37104634373932
91.52201766159351
-11.601004635600697
55.165511520233125
-1.606386126309033
15.409390731719794
48.46308435376841
-75.21360722180589
94.57234772242055
29.85430689470421
-73.17418620762328
-29.15642788156401
71.84801287245728
-39.58608877252438
103.24079203839005
54.21865156223542
-181.3385427264575
62.04954190014055
-59.09202940396034
29.623088717961544
44.31246403802896
-187.9164515883317
206.64634312376938
61.71658329694901
102.68144941427147
27.36849857387244
14.153794765409389
49.93961280746773
-13.558874751377516
16.731352937207593
59.46100601331466
61.892878418622104
135.8296915101505
52.54481503063664
-7.597273655736899
-87.0488700716616
-33.35717201095334
-121.32388723954227
95.90496144818167
-144.297557062715
31.079070238574182
25.011157188418863
59.790709266472774
-19.403278032575145
115.93799241950592
-16.73883258036529
96.55965445264019
61.926933590885184
6.345563040583784
-34.10698638021685
133.94571429670532
-509.5079131536386
143.01560071538552
36.758373666242846
46.39211486448563
-0.40018944325932276
-26.51157404137884
132.591722480219
21.90955854457107
91.43855612988057
25.317239663569463
45.273231135524256
16.34938432660556
125.8274806229997
-43.96671021087377
34.23808759628808
43.574046409996754
16.823377009333647
18.869397217573862
67.37450305260177
52.25895410182197
-5.256240618163622
91.40680058512112
88.88497324300215
0.13571327612830764
64.66526043806562
-208.49294191762965
36.82147921512399
-66.5663901722719
103.57774760292887
187.86160615925473
32.45843669480921
55.167932565177125
-1.6690877401299404
-84.11956743461144
25.013050177542027
-15.799936672533931
138.7752913566701
137.44455998574813
3.2462341964205734
41.88261815943818
-11.314824649219872
4.736942183631678
22.804177180957595
1.8979346477329275
1.118162810754096
180.35480614691323
8.620104514214745
112.70585404625945
73.69671799709855
-196.46592272010002
-151.5846892633126
25.529672442625756
19.178938903826143
43.89167969014495
67.72215587220626
37.181416450933284
-4.260750703457548
91.0731322658662
16.664626755716643
55.883336420916976
56.527243868216374
47.24589792368988
-35.893726654391784
111.35644669218505
-162.73786404567318
53.53922311573592
58.206027422986445
-105.15819940802464
32.285759292213704
124.00607620516121
-0.5773785885431022
43.10020185556287
62.79732745994398
122.45470119598849
4.67203834548483
105.72401633754407
116.14791956445515
68.71277086983628
8.611563804797177
44.563610922371026
74.4155361860885
35.76279192780602
-1.9937219158991866
-71.08070068976122
-10.348480632026988
-121.15688976495403
-18.53913350123503
-64.55915918222672
-157.80745618680066
37.274512365352166
-7.809249234628169
91.83527539337865
70.90338325611083
22.92018669818693
40.16912930793569
-25.973600951660046
-7.173922918364383
118.99449686492426
55.789449584989825
-122.04071078381774
60.4218300332559
-15.023969839050888
51.182633376319245
42.990329996589594
132.90632093965723
94.22417398270954
16.963144257134132
-19.410278571695926
36.29044300242798
-7.395834528590498
15.91721230145025
3.3607667310707257
70.30176196416264
34.24507476565941
130.26806801452904
52.81830580524411
33.93320956571596
-68.77806020006346
86.30252390052738
119.23116500354536
-24.85528877670672
-175.7722882219241
150.2386895896509
41.603383034118906
-6.515128361183421
23.01031712714093
40.41097650053655
-37.32090169103939
-34.0422437990801
4.92748318468625
34.62100636381581
104.96045259967161
142.61521974346078
34.53609565820122
-4.312822814331412
16.60915090315325
40.64863338665751
63.75617149381557
89.98826407402703
92.75930348008205
8.683141217361253
-21.38531544056059
26.058305821827645
184.71366292288985
68.69786996118319
-64.06960081987222
-22.47927838308392
95.5030568385464
-38.934821323646375
-147.30753294877877
136.23359182558193
-39.3780531264465
112.66117342185726
-68.46786468806931
82.10134685758749
170.73329296780548
35.58729413557892
51.29573887869901
11.22098804701946
88.25241573787616
92.04330564401243
16.77448176160174
70.57443222277402
40.1245605928998
-18.330810467617468
17.164407970096875
85.8239208233772
74.34342979588678
21.358108847376343
225.1265414920108
132.06970069720683
45.76108882722383
68.1366769072747
-143.14704271049504
-231.19333733460198
-15.011090128032997
-90.3848408243457
58.89085360967647
59.07371224265171
56.366176469102356
171.63944222265263
119.60992744418013
42.953707839084245
53.18996397682567
-135.2977525937563
35.22433649475965
-50.560295588055915
78.25448201358998
-15.89864808618296
-33.14460173254156
147.8881289273686
66.7889270665114
-13.000094870517842
-22.986958125358615
49.66111942685029
-231.52227231046106
-17.919655996818165
14.801329953250942
24.259249149006962
65.3007678119597
84.52649677062846
-60.89543896501065
42.44429739498632
87.73333817533168
113.37746436285511
11.92522907795563
4.236384016046715
-6.536251424756047
2.5073010054293263
-18.966794644063157
134.26829843268024
19.93610163242556
49.173082031727745
93.16458881816743
35.2610357011217
57.723379789880255
195.324914400941
73.98747420538416
160.04761462005354
-64.28138187382001
-54.02328347978528
80.6656624757949
-33.90621312314806
125.8662894396075
-173.67576109209858
-56.42427563705405
118.84425323054984
145.03461390751
32.453496134582565
87.78548857408578
-51.45857174041885
118.33109182825501
104.12232014069241
191.27339882755132
-70.01317909822865
4.024855454311364
93.48370666454707
-114.19459438939475
-2.0361079178728687
21.707448472955555
131.71604780895404
22.905685171275945
101.23453242943214
-49.74527821726935
82.88434001137921
104.82983069295074
18.005392879568326
163.31411247971255
34.75491269604849
-142.46384017519813
69.60161871155219
132.2844600887688
56.77637007948451
41.05850138352537
-11.07397494477891
35.60425880617049
109.0216534695628
-197.15767883818398
102.13006751731928
82.11946614880128
24.62586773684452
62.14112662506108
60.765245653584316
-40.65456685111758
-3.956848703049051
126.18947658547586
-197.77367637417228
113.42151932557329
25.87799244465349
90.21110590319847
12.983719293863388
86.2229504911138
22.11587538880278
72.99838022009862
20.02061172722981
-23.313567571491696
73.72428604378138
-32.495475992177205
41.76226106094873
-49.066724945621445
-56.35773369000435
38.37213351873776
46.70606126492095
29.071646628327528
-48.883393562316996
54.357273088083275
14.527000092632866
-58.48203441740397
32.39999778575134
-24.425517346833658
57.64871391846543
64.76372131608319
-31.620318061306925
32.79578487752997
63.43726397784857
44.39789078543643
9.984436994127577
153.5726576824827
-27.050423141139618
64.85106964500523
144.76740676224563
34.70718499596744
171.37417865776297
88.98849571284791
67.85404667729836
147.8434934620027
27.25521878730777
25.9435001157573
-10.981373116042505
104.79929298111983
14.39025680586714
-28.627925157846676
-11.387856843468853
37.89058788264265
36.210418392000065
25.92461293801479
41.316782231140245
79.95619124097357
38.60776129818214
44.50896868275595
49.811628844207505
15.440526341233635
-54.78442550151203
129.03171376287423
-122.8502927734433
55.53701887545344
75.79789591748795
35.232076858965684
82.15347342029008
33.03540909027424
68.03576757510655
161.87130072197078
86.76210368791021
101.12623930378845
-51.34703535722292
-4.354814314737234
13.12803388099178
101.89306934431852
3.182090046874615
26.810203483707028
14.151750222290445
0.8136371629407222
-61.39240545834362
102.05786736218192
67.34525744631598
-240.03924409382216
-10.443227598664894
72.57247831721179
8.958851626215846
19.77270063817741
165.02486940387826
25.31934485524876
78.40154627090124
32.667307728981754
60.421246705115664
20.366051046487485
5.848524666656147
103.57808613244947
-237.93922650690547
-33.61811921633932
-54.02437028590248
23.92207536453654
-5.74193594655294
-29.07249224434929
61.053000899891856
55.20591950141426
39.16480033322182
116.07962817218367
19.578419257006246
56.728371359989524
23.979365410637428
25.630121443488406
-233.37475848948907
98.78670305443302
97.11182467548542
114.90089713629277
151.24183048589657
91.64943638109798
26.18507930917501
17.389134069394604
22.608491679004146
-12.628515717847154
-23.13347521027432
109.63063767886342
59.50625233126311
43.10019441946125
155.31323103780915
-342.4872912955825
27.41924501237797
45.72391516247694
-12.984215192972844
94.43057867060315
196.2709490442203
36.88965886002794
54.15324177075786
-138.12650037244384
175.11718576123212
161.10222559735985
41.94055064241292
66.87949401366352
31.107574481771444
102.23641770600807
-52.86089517264827
59.81713375870811
38.214881068384784
11.523014872304689
60.81026065132619
23.98028952561799
5.84756958654387
1.2205447837538514
223.46035263532622
214.42340689446064
39.74535120410269
77.567936388904
83.64977085982781
78.84087337719905
9.620978511666504
14.965780499113862
-896.216387594375
-70.90855116643252
93.7024853692883
-52.662063461564685
-211.7601855503422
-55.60958160008522
-33.59426009794655
13.771660283345664
6.40233037318626
92.94604249169697
50.40733103415455
167.57158884100318
122.83844695136986
68.93701092317679
-19.734085636901
-6.530769340616189
-51.00711092735432
106.07373259140422
3.256778194989109
17.792734644241165
-260.50539048394285
4.490095474930399
-4.054892572382336
30.58981007763135
31.77377649006639
15.275079360689311
14.093511874900312
134.7612513724207
19.6263287378364
56.55872883508448
-45.799758976301746
17.5283534335707
154.52133457199352
49.999124986645256
16.104898678009704
30.181037034885954
-14.265958322090142
-106.98894419670614
107.71747135875557
43.0414647044619
-25.64181944649583
43.33040163234888
63.034617733956566
80.19658058604583
38.0703554308663
-8.631778822175594
-29.108399811455456
91.1413832550952
38.995785494853436
22.116399438080407
50.987211056815795
36.84763268213101
20.729029280722628
-22.126670850951996
11.14464779631203
-22.067523962262417
131.24779758232899
69.93379790645122
141.95691023165796
82.4760231674338
18.340512291045542
56.02741073906129
92.69010183018963
74.89277934313685
84.93353610282819
54.96209979624882
24.70963264145408
32.84359287989772
5.227124857261106
38.969280069508095
104.42659398659907
38.057220660747845
19.58046613729516
-41.152683030556545
15.205825573522453
41.18122061935128
-99.46848415764862
67.85939621190141
-70.66144594553566
65.70955971037256
-119.49838027109854
11.75648325033331
-60.82222238105112
-17.502865544874933
-99.46753876159742
40.80846466218645
74.94070141729526
232.52822135966017
51.03021132854704
316.19607123489095
30.532670026540035
-9.579757597018292
18.76499020013976
-132.16585352833135
69.91946898827018
91.29103295830737
203.26378712125688
112.1552583509357
95.60964145701791
82.080935404319
100.65583580346197
97.09030598078152
18.016755454989454
129.65929971467676
-39.96911642872914
18.326495671692555
-24.78163965528489
17.336141961104797
80.61532071804982
138.72195103428385
63.63069986467275
108.70662840171065
15.510519291851608
84.15259575229038
-89.36868331926553
10.179263473396531
62.33755652203445
27.100452833514737
113.98507613631023
-332.6378156745127
253.88415563017224
85.41682942680791
55.27630020554852
87.58988056716089
82.68702303875318
59.279267496475654
76.25546574598548
-93.18847134058569
98.66858058468733
48.52174892536732
-9.255765735352725
17.399513897170724
-216.15804568789417
94.67738079154796
12.236801676830844
178.37965166398226
3.962245304759108
31.79915319925442
120.37959132971764
43.185683839925105
156.55873595380035
79.17066878752905
122.96454125936566
121.40832817291948
65.80974344238393
98.3259427922685
87.28959286182783
49.38967777987608
176.7698561606437
66.22021214580212
28.41776493251612
14.419969140835407
32.75908224484738
89.32343161970584
10.359791624989512
-23.445938847921752
40.72449909864527
-31.49387827542796
114.77857223421199
68.53986435177774
63.23046066140898
12.079392722765313
107.9486568328648
67.51448628710156
97.68817648308823
140.37399002078428
-140.8636749825887
89.18481977244073
25.080194647454057
50.23550190022871
-9.40183359538969
58.30668811771665
-12.06468474967437
22.895099347742985
-122.54209268958039
44.4902440763006
70.38487419748512
-204.97298378948653
-18.354561932915203
-71.04229915694123
14.894523474050402
-71.22146447983414
125.30688510974676
-49.15145778264514
30.329595102032506
-214.28812414969525
90.46050365189694
-0.3921221336213421
-177.33743771107856
44.027948407863946
153.94554454204854
-199.784735694172
-26.679022147706373
-120.38350564419466
10.837757303039757
-142.1790613952253
51.50364375205163
61.457022809522485
66.76899963930462
-22.523945292918143
68.8227884572403
71.54273618022171
10.320499225428739
12.615335568892078
-95.36763114255791
181.69051795009
-17.709809949684313
174.1711332320906
-167.91964268042648
34.54264670970741
71.4836965823817
33.17932230960532
248.95105488983927
37.08090713083902
-167.5379211827435
112.22457704510134
-193.95830629037687
21.683683122002698
77.7424660371189
76.28690103507142
96.42928044341295
164.00941145738307
36.183296069402274
5.8390614884820025
42.26487300128351
5.66175339496931
24.843865695092973
80.73366995246869
33.17828920178181
25.804210643526062
-20.458967994751674
97.34732651884588
-6.034430189507064
12.503700431144262
43.890613546030806
214.23981822545602
-119.47705597782988
-1.6195520405868775
61.947366206037316
-233.13021289020344
18.219916017330174
36.407689303062256
-78.8949716489069
-42.80251884243911
23.71582023839656
110.92923414475104
-15.661868885633682
151.91284232732005
-96.37947113621112
65.11291222576756
18.750774114043573
37.62372431744299
79.57607239196153
49.430227885343754
24.362031517107198
-37.08038204704002
59.72252357672096
3.0304657844080896
-13.71563087693459
151.37200615144184
-8.35960729682278
112.532542635975
100.2606771278472
45.640061746687365
51.01337875928823
160.70342053114246
-71.02915697176377
-20.5197754991691
93.90675120842752
67.97747621603298
171.43109945112792
68.01481796974576
-79.63951849408386
102.92198587567577
60.96917251761715
140.71271161525465
88.36041866283267
36.242039352960404
151.33421519823878
38.778067227126
92.59904534449015
35.6131658810077
113.35086401187527
-35.281945882441505
-16.057006536827284
-97.34725689740753
-34.2419117729537
-35.477874739561685
26.8262253806122
19.17023883916874
82.08257510101271
142.18511343613363
52.963408821899066
135.53684362226795
40.3206586292286
47.018998222029495
-53.453034619451955
11.123194109829278
51.19619536907925
124.57800603623468
8.695601880827418
35.088618054742994
77.8161096764652
65.24904972907542
-51.16951268520961
40.81387962528515
50.84459235816627
23.212128118888756
-605.6782584592808
130.124154072578
-10.83134332743839
94.00460504237651
141.15484699062972
-118.5168148650082
-33.87050456719885
65.85553090683987
-15.034399028905227
-149.40791089068307
140.5408198791365
119.9768815132602
22.402290140318932
176.63298724863625
41.006358584768364
29.762225356118506
36.46076693188297
40.044370931071626
55.794046776686855
157.09086986225566
30.63385901543643
-72.3812536076868
93.55321773346031
137.3323977658972
-37.189490247446884
23.829884236683693
129.51166232997753
34.25801937976689
68.10442374141135
45.76593175836297
67.8861432418195
-319.5511534440657
200.92252668581796
-167.15832219281037
2.138067580879903
113.64834049391197
-153.43466222694315
55.88027318204172
112.40812919340624
104.19451500796595
272.9396550547963
-220.38077768030416
17.72685834836651
-955.4502449473284
30.214948509733162
71.07011659212958
59.202354372534074
28.12378351476127
-92.81385246761283
1.3061405454820345
67.81063726186812
52.836909049789824
67.29194397548196
-263.52064266530715
42.856343096988724
-28.722314282270816
106.9697349871858
96.14811818252247
33.45312445666423
79.29599832657352
52.537196625995875
-10.634594923871191
65.69873122341056
104.12551577085969
-49.07430987270891
109.88142305824795
87.037917441449
-34.460888774499516
11.25707998274811
177.14788156349823
36.987341615967196
94.50068115199974
91.91437880130565
-1.6169376731575518
87.91098167234236
18.49824029543896
108.05062061679166
64.33605870006704
-23.221858789240287
139.7076406665201
67.62197869031388
30.39875541507982
92.67389447768528
59.92933692082579
129.62572209645896
2.034089619615177
100.73250124144943
95.87559811387598
35.378834606756655
66.50744888748267
-405.5144238900561
63.024871672278096
-41.34339695493691
-27.77283799183012
58.9969413419779
40.66514302722226
84.62260886007425
69.2192786079554
30.00441068876237
-7.480886622663704
83.6206348940018
-21.26239523367433
-89.60324386603406
29.473307028616635
16.223754758144686
63.14477326702763
43.356012746876736
-35.19150019584049
119.01537722603825
-153.6669332779157
-3.0419916753630787
45.28181006962785
22.361775390369615
36.082382980915256
104.7929468356262
-2.680531383309724
-23.451237817404945
103.89062997273368
-9.658050594007635
6.165550723519829
16.493103453474117
41.48787239178057
67.05579417113086
148.72399959002018
115.7725236432052
99.34028569068778
88.52541623603793
22.07379048066454
-111.82751077182911
-176.63910754347262
38.45932718680046
8.87476093502178
86.74445459399158
44.97724563120028
121.8021779978169
101.22534480484615
86.76956112887558
109.5920895854888
25.14558638454423
117.86416980468857
20.73976100033367
58.62582384071993
-47.2390696030298
19.409331636605756
40.16546778349385
94.8839220030211
76.48773948669441
-87.87615341871805
29.72295089921169
98.54678918836998
35.06382509817784
103.28747180684445
50.10718860903384
168.1485976439658
99.89595485093787
19.877517587237232
126.11519468658685
-206.12934388402846
-153.87678268633135
12.619145568530024
70.96676052044893
64.82266486948629
41.43018041138703
55.565743346893115
71.51634902347769
60.46720420505744
31.750540193964945
-159.31860252214756
-22.200089605652963
-13.330210271766095
13.498077011921636
-37.035999293986606
-9.936943754307492
263.48968711431553
7.646030554032547
-221.59814313476454
-9.302618647953295
35.538656991914195
-28.16603209084451
57.75964747053621
12.639452207891736
100.17743421041541
-35.85296303869245
-6.233695448520393
11.478453712254577
-13.32287179686622
-42.064036714310305
-26.622352900014903
56.06843019679968
10.609294696183952
70.87194603945113
3.2405886112738
30.441148341156257
1.6456183529888408
57.150220021032055
40.96278435579046
-33.551010521216085
-103.2792081119572
-38.625481236373446
77.5333563185468
5.2817291379984255
-4.997063163807724
30.537370673857822
-4.51871184319176
328.87620350762654
-47.04553359385045
28.09873574134592
44.06583618104969
93.00849350694784
-62.377944902582385
126.47601584401855
34.06469430311154
19.757721469160035
1.9448327105508056
-29.431560664490625
21.98976335269313
-24.319268539488178
162.31256661867747
10.48562248426368
49.39720797854443
144.51706663380128
5.078342451857679
24.63131609291213
-7.13157719204877
151.37404985486273
1.6941268235265108
102.990276867185
67.15407296100523
64.89243497865277
1.9975695360928745
70.49383061832827
-137.80559432565178
57.98749334683362
50.38781308307762
8.929409682420555
292.1413276576068
-32.86522195969124
-33.247166468113846
-176.15038945436572
8.324165790000034
8.376995391160248
60.686591352459345
30.354741823970926
60.40498758194995
2.319031716491736
117.79709960880609
-22.660428118358027
-19.65076685022177
156.8817502433535
56.867827407181494
-7.951574389236065
53.61056387099305
-0.7384538282485451
4.3605692811473205
-118.9706522315928
114.84836563483213
71.84351239231069
-9.162254529015627
-108.77874194599781
-146.3448606909801
-167.0852446938934
144.90489723250585
-32.589765589492345
14.34528180360555
72.31848101882457
79.12860654450776
-116.51194097721373
47.65979216697042
72.25462126984252
-18.813140261862372
19.171200925763202
38.192086029856284
61.4049827068784
73.96937808986523
-15.5861339857247
25.437921525300112
56.168967171072126
110.01974960197708
85.87542135912048
59.46747301960386
121.39989336296367
-188.49886807367875
1.1664043149475218
24.69741730911899
5.112158134705364
66.2358006874806
166.77357241767731
28.407415230776408
-3.4780458945097985
-104.77687570329499
47.22207434084072
-77.66805278811762
84.02632105993507
-38.117010003904014
29.98262838892515
6.346834554469891
127.26190599209258
10.532131239871433
2.153043291334143
-135.66707823802972
45.152700389087386
2.67400031463772
103.52247505979904
35.64289751326426
44.686339636882614
-150.4299149819671
3.1364180330560885
7.778065306522083
28.571087280938002
135.81649045177733
-54.444206669925734
122.09102951976865
34.63003223193339
130.0666969210174
29.12538362460191
148.21727386243901
-0.26768993479474545
121.54170682427184
23.87814760523557
230.67943711512407
10.189214472372896
38.80135737493149
-4.60892247989932
94.34583765282105
-93.1289663921334
-102.92043552876748
121.43573540018042
12.56576814481215
37.61604663071727
-24.784284405610308
100.54876587760168
31.873448918919195
-123.6470573723609
-167.26876536774762
-201.16115252753207
-158.7181445824608
23.293623954869418
-338.61206502687855
-97.54909267554876
45.98465255816427
24.86640216127853
22.058280492158715
15.828879824007604
45.965965724266425
19.021692175093605
-4.990002920592967
-30.544792837036052
47.77082816583538
75.07009655088132
42.57992492879487
51.162275422757105
-53.91301816847454
-161.86775831784598
40.125504141788866
86.6572901709718
20.68374638816598
110.80287514788097
-56.370449914110225
114.71689803432855
-199.52496124554318
-17.443289119144538
31.678865805110142
-25.699389381554234
9.308416616290648
11.09294108439309
104.79451605186432
-7.832723691142931
14.261772622711785
125.64172345878274
116.67956024843625
23.938240980438653
94.28722861192318
53.05240947399516
-23.496409325555305
84.19039393907451
75.5055398190442
143.97879530618184
95.94855444427208
-1.7907453102645892
-139.00193410432985
251.3530918804472
-263.14642266711326
-121.79463898415464
-33.78273625495058
3.973774291991166
7.219290333520479
68.27580679772427
13.075246015121593
-1.2606342198153477
2.172703289189213
-180.00449178765575
-262.1352710297533
78.29833631592675
72.14151546970243
60.22589174906767
55.28474152723912
-167.9052054602539
37.64431017369586
79.00422203719995
-110.89760030158504
30.501701524315514
83.74276481855964
51.3573356241659
11.759795599307699
-0.5481006607083059
45.01542525736568
25.42005346378229
61.14576196561529
114.20309481159438
-10.503608323375829
3.2519206493893265
84.18802254996376
-210.54020799449881
143.91795553802285
-716.6933885909548
112.7134608645274
-409.4706197863661
-10.506986160063422
138.89829304900513
84.2390367538585
-44.89415594121101
45.688103374554025
-795.1647577921465
101.82445968688921
20.203574678686515
44.56342259581288
2.736287354746673
64.7351140830151
-30.714931244828165
41.08642514743826
18.3574263773317
-54.035861250010385
224.30543176897208
137.87555003673288
-29.888854984556474
91.51831580658438
34.86546598978339
44.27327029670376
-171.6278347567004
-67.78657922491857
-86.7758003699937
-370.8621884547729
-8.609218126672658
74.58965351707229
99.03819472936948
25.58369004008431
-54.32149263992278
26.098168133037248
-68.71204862317882
103.4550629805675
13.901931208950582
-10.718863170681288
-165.54009187021865
2.1779587452642772
-57.61177123408925
40.43416561267668
-5.509603700787396
147.63157993993173
56.12508106895834
96.75778302430854
27.778993201347532
244.60221058984826
84.51929938683429
-89.02949747715547
126.47288660220329
78.35462488282928
98.15812853545731
3.0048805375232908
142.93779713341291
29.112859254137675
-43.30114328776199
87.88651790591189
18.468790288430487
152.22917968726915
88.81107421229422
45.98633046205509
64.8690863691381
45.97951465561391
12.135972372619108
94.6600840410124
55.284060547629906
-50.534665062647946
19.962359042281605
-12.91864798088045
55.889078054697165
36.98196582124241
-29.721859167690127
28.8462036506139
-254.82099843848482
56.217090065408684
-45.1942001424093
13.199866483572578
45.00282424636025
108.26391745157616
190.69107828948518
-106.62131015399927
17.224934334488033
0.6448024186829571
52.138742997594626
130.01619614835317
72.33588554643518
42.56853545987157
11.767354326895187
35.62833765485642
168.41241974076956
-72.92420466613476
64.88594673054831
26.2735817812786
36.380801610650266
53.64767337268255
44.159288666586235
15.5366285853815
98.38733920692493
45.42006583038892
108.3111643001057
71.403013838285
53.98605562016464
-51.56039481200878
-61.63581520948128
41.73293819223204
64.67353213607366
57.510024775100334
-26.778063950142744
-16.66012859724906
37.575837757976785
-48.578106612656484
52.409069720948786
9.461453047694249
60.17518697303785
148.58031732834206
22.50832498881308
-161.38307961041482
126.49689617961349
94.53067228568443
-40.588797850984975
201.59411016887861
83.08006740417022
-102.47144016837683
11.958508989337187
15.902656427280675
13.441169437929561
80.15639731004194
1.4494209910267273
175.0741125785894
33.14374968580932
217.5186565192057
94.03773900779106
-149.11134871307286
-109.13689394342646
59.50547803596919
1.286447732338729
45.85826984055825
83.7723800532446
48.28305549917232
53.41352854557773
53.90008877374112
26.84887489678708
47.5576129586849
74.00443914042333
-15.716180023741344
62.80838460618588
34.86859012383678
133.5560694497608
-214.63696044194694
40.82308505316769
6.186286664863246
23.580654863858104
6.529748455019671
218.12410261352534
369.47737257428275
8.38331701936899
-70.5068103685644
-74.1159798747999
-9.934065602160445
-4.98016439014576
-654.0850137949466
52.24854420166935
-22.12011451701119
-176.48818623458192
20.445456451824157
172.68247286954465
-36.04742388134173
70.31051950128648
45.70801710266622
184.80394531940692
122.1228022221826
-7.615054110046458
66.47824130194721
60.326557162543025
65.95293013255059
31.027311449581532
140.4517703460133
-27.47766322617742
42.07688359531073
52.52748175517104
46.88619430126312
5.762695679149048
9.79061528510312
-40.79351794037939
78.1251716225567
33.4934776939981
-112.47977621628388
-76.13554209110407
15.87550519872749
84.66515018948303
-113.88446658681642
20.987120402744637
48.335774203245535
36.3800272749929
-33.585779526887436
17.995941250841962
133.8927410749343
-7.719588123380618
-115.66669876826927
179.26488118204566
-10.308923638052134
-405.94586901058665
-9.213973552336752
51.30772955316115
40.452467974036566
68.40851112097516
45.18561127987116
-148.2629057709769
46.98738199283187
123.57156739968377
-11.636754814240085
27.290009100546285
0.06662967250883867
74.78593541234723
181.06140082186857
96.13746928870842
77.29217342165498
3.707251036287071
-0.20798909502525378
111.60247710944941
-114.77290403132656
81.95267131626187
107.55529604177309
18.00241338138797
95.89213196803337
-1065.2252794172337
45.1421307900622
-24.678720156222568
-4.238377809574558
17.884614900972423
-183.6077381272139
82.11859228813114
147.67450011673736
31.46805936946571
74.20920113511471
-6.514982645062915
16.27284814081031
148.99814879757378
-50.4780004531711
54.45171094398742
77.05435540273174
-32.607694640712026
-34.72342804898062
-225.41824387086035
94.57901587738388
-41.261876520031365
39.46326656633255
-3.255123516675667
-159.1555664011148
56.595151314494615
141.80806002248232
-30.673246327698475
102.77571129677563
-248.95113141122073
12.067321794883867
85.54843891856581
-56.204393881466494
142.30401036398825
-994.5064624083153
-8.216008061403386
167.76494047566302
85.85357337951103
103.31267824401107
28.91246268138684
28.44561863747731
-118.71110491781064
-10.012254218343514
18.57363059562192
71.40979246253346
52.557882456668494
59.96808493478488
46.99459277656848
57.161609319835634
20.493581052830805
30.71401742906528
46.46450468523858
56.003659428932366
-42.32148550261445
55.33345297080177
21.657470358025286
-21.925768929708283
145.1509189949361
-143.46413275173927
28.18591301342233
28.80521433802266
-113.04054217743305
131.28956944215702
128.2516585795379
-2.1225132552954165
65.35708423686776
51.39535678417943
107.55745583140674
23.591506592380483
41.085066507740294
-20.42293380033311
-252.2761466385087
88.34684908483632
97.55893836546966
20.771905801826847
75.66883391904582
150.92336778805202
4.863476224856186
8.44159816396683
10.856823183733923
-103.7126763617548
70.23572371563205
-38.17824363068621
52.579707714382494
-55.57229373442988
41.90854106276447
38.26172168125006
89.57861307932097
92.21238600717629
41.94731814464467
-184.4160968689639
33.21662486988499
32.575875262388536
42.31492688895713
-101.84468786702564
287.7276131345284
-71.54940514331065
142.79254625219858
1.8578190084704147
89.02568848506507
204.91080119252365
91.10289404285868
87.19740110815263
150.3120177332421
97.93036487633299
46.85132508122771
234.4713646401283
22.323919646242302
26.523293995244536
-20.065734094136133
173.45719197223707
-55.14461038583795
129.3815344289619
107.25807980479203
61.225350748441166
124.7076442047262
4.896076797218715
-0.9568091896153419
-145.78242853236452
44.11374460492789
160.68809569338055
1.0939397395759443
74.53204872452534
101.02675461034733
-120.76411162876684
63.16596400275384
78.02214109553461
29.258233456210696
10.149613321930877
91.82861860244373
105.01018119504374
-209.31991011697392
-57.50360181987162
56.20015998041849
155.6045139344651
-21.656643128912037
52.734453980811566
129.55130560707403
57.176450897356254
47.24552920403403
18.02438745776277
-28.906264856449077
91.98482239055556
17.013721788942668
45.04225572559068
117.71702814715468
-67.88038520960345
-83.25285202159648
42.65893543354014
-127.01477281862844
66.96823550692051
-122.88969541728511
-12.740000720327098
50.907953128114855
32.552377639760216
-29.4105460780047
-99.49156017896621
17.515934779686507
106.53634887637219
37.006008947204705
136.23412436203193
45.471646515233715
-29.845473753498112
20.837115933920813
89.75351329241903
-10.108271733517995
-451.9219786501071
82.90270231935091
-26.120078237215115
-21.281120254879134
14.958246064018283
-12.35806232916184
-7.230122548787222
-124.02598922798825
30.10908594723505
-89.0832071759587
73.8120950567971
4.282116915346309
20.206991357643826
49.1877115905545
32.20613285747913
15.848191127645025
38.67874615569888
14.22756526312105
-106.11351355921488
5.574583132326279
-15.883248462309671
149.06865684808508
92.97252440994637
-110.38467609190566
-32.02555383362164
63.990084810530874
127.63653421005051
165.72765466303645
40.11026305218218
-55.304572378533976
28.41903173519241
-2.0181789649402884
49.01298266571348
-88.50375905904048
159.99102131982954
-44.01400003886868
66.63569720075111
152.85277369907772
42.1666360976742
9.968097642275897
47.04060939785222
-108.66811103078577
80.51491846418861
-57.582415579131975
28.88555215349998
-21.909595372121657
-115.94561970838367
45.50865847054865
-18.24680208212112
40.95841729577495
87.4900846126342
-122.70379321305882
-42.46690103825605
13.305383422524756
72.23868507176564
38.79624410702189
44.23362761277849
-19.753314039261568
-77.86757799753559
45.78521311734838
151.81186807321683
0.431502939087693
57.65444847530756
-15.38616864072143
19.585799898603227
206.6813956538458
133.98093613486253
213.69453614535087
-1.6252396721554805
-123.4839875665707
0.30452807023061723
92.8126804997753
166.06857985143347
110.42351717309373
77.38995823158979
235.53398594541068
-11.635389272846623
39.0545491844543
-50.43388300025708
115.59007895444392
79.69084667246057
-312.84218678985144
93.6992168937204
-618.8882627611548
15.563039132896371
-4.092769915696455
-18.653238954129314
21.546772305684648
64.39436024182532
23.042194992627163
131.94078937742756
35.40344504137147
161.7350593346032
42.57468431135874
-78.12543348899362
44.96977858582113
-37.73387518774399
15.184999748960422
-3.82213409815718
112.55393311360604
56.06463622380582
109.27691052130967
-25.05230190484501
-159.80186296788088
106.26792379773087
15.068749989685564
22.04120179390884
66.24313179363139
-57.57414620052623
-105.70430355313692
51.441030914225394
-79.37969421244406
109.67891190817636
64.99764234570739
65.93868478145157
-88.54831263755068
-24.44373505094154
84.18596938444477
142.3904752687381
19.411082957208237
42.360628594522495
-1.3555689334580165
25.79093796744431
4.681330924211055
4.178824324801953
65.00676731535987
-194.32215391700447
12.3038661129163
155.34994608819807
-87.88406995202422
62.238712004517964
273.37790295993545
34.66252543917929
-32.25765260166281
8.522297004683878
-23.24529543644508
54.39519718477686
54.80125936677928
225.17676717199447
23.854683072619082
112.48206253847457
86.3152823697792
-12.534236817583922
46.52611128163447
75.86885092145292
13.971527409337114
59.1416689883049
39.16601493397443
-40.05786916724264
96.10789742993438
-100.08831371524184
82.76419073032002
-34.920930403790315
64.74296877341817
105.3871523052685
60.006584358268526
92.30388232462155
24.90969838821144
-0.7071099043863001
5.9604314020496005
-41.79517889387239
61.71845961999463
29.30169865227723
13.142494608158064
55.28572446716959
112.1295985634647
47.46022636367161
-17.865208113616973
44.0908592514206
97.67320489239046
70.90315736036769
139.40136557761343
49.64224745402643
-10.806360803833044
0.6292402783098368
60.475138004432424
47.564850344693696
15.209538349780132
57.261408446978535
64.35224461867375
93.70681328228375
72.6920342817566
-30.757553424480193
69.72841293778401
-27.695794340685097
26.327772939298484
95.71479212094596
5.168708938505194
45.123908307820784
-31.40554144856469
22.865631886149153
73.2995718961879
11.761850044764515
128.95172174898585
15.419511253734527
70.3283920945272
59.499756669783324
14.146596560145692
34.888041679669186
-60.04913481519452
139.57322850633818
23.00296300480204
179.54287311044754
47.98614956824561
-395.9755236688061
45.08606215162748
132.77413414539114
-211.89767465650812
-7.971605709394528
32.307503073155885
148.22927807378733
45.26223408500209
60.99505873276166
16.167195027198815
143.61106967950764
-5.1503209047032215
202.7621952612576
13.690741582394269
-1034.2180601221935
31.45191650230174
81.3116814886281
74.34528325377352
-0.3254802992080069
-75.61077138970086
-98.67312591214568
21.12151112315053
98.05339381494377
79.45200195225334
-13.777952376882503
24.97216432788177
57.597206472303654
-134.71918500840957
49.90079074993348
100.22556142748283
-27.934655708876505
-57.610508156159085
3.6619419864254312
13.275604841152727
147.40705163604935
40.74471849275974
87.92466699863053
152.40083874090215
61.191005893759296
30.22828875867227
6.766906169244778
119.18434537489111
-120.44700879581167
-22.04430647606473
-30.34560142485134
-2.8933631446511754
-30.316399600092154
-34.54513920038471
49.0306669420058
33.238292518765775
-3.1561778998639056
-13.607041529099206
18.025465177425314
11.43826650123122
12.704344032946324
38.79648107988359
40.108651960057614
-44.96086659615048
115.83351574292692
34.09490363892432
28.24400074180553
189.89306499762824
40.773040294629936
72.73728213073696
4.241356566672721
-38.39134097458849
118.97070740413847
52.3596176561428
-31.412785693846217
26.78016374994513
78.73861182754268
-9.684605276073787
121.65866196154457
-8.76980259520976
37.300035627149555
59.237055691607566
159.31836335305957
-205.1256577847494
29.68058719798688
-34.53590226567212
39.386673974319365
48.953668192083626
75.46701430991834
50.52331657797026
-4.939063111368171
9.791891731832038
-18.28787740095231
-171.97119755053336
-259.505127524184
9.726287109106314
37.68140720175367
42.26428221308893
34.37380925487355
104.75284155118243
46.14822262170236
24.076854574638674
-141.88816939408252
100.12116850426241
-169.53662463917044
61.09322589429621
-21.49664817610119
42.259047688519956
45.340455349467796
81.18884983149519
-42.82230610906072
28.58102286297344
95.60196420026571
-45.296944802362304
-337.31148944457624
77.62532847526518
-20.667086167642456
22.673365852824148
24.446110874717945
-10.235694216827538
182.13056309910235
12.738501160724981
75.89253351522939
13.337206802305623
1.2965712040477229
79.3739680992278
155.6137772122927
69.67697399116753
39.8775398967864
119.87342301718672
51.52534136105281
-139.9939634275106
-427.51769405805794
29.617167806297385
-52.6242593947577
-77.10068778134382
-192.5493121080981
37.46067189777966
26.262187728175807
36.282364848661416
14.356804952677594
96.435846084775
133.3449976446982
10.383621228967344
275.0677195213866
45.740595997763094
-458.84453590333754
104.0254752386486
88.43245352387157
-55.819720786348626
190.20998207686307
70.8977106631948
59.51217146921226
12.71527683448926
13.535190314692395
72.70429495541612
251.12138750859503
45.63621280442021
62.175596631285
45.82543535898935
-79.88224003456617
-255.88356585123802
-2.0800110953033983
-8.51802912485126
129.97877538477496
3.447895380486443
24.741439609315876
5.4786317225233345
109.73812420624427
-37.393536884845034
-38.96149330000344
79.27196569261389
68.84270117911055
69.08165952974375
-32.443759823468284
-171.18980130568752
38.68981527906762
96.01422162509061
37.11638647540667
68.5817816971553
134.49520888736697
-64.42103973126859
-4.741729120743457
14.446159966257346
242.78738559958038
-84.90559577167582
12.547457031304333
136.49083575984196
109.69599007636845
42.22965889256977
-32.23368493888184
24.60833040664147
36.79783275929944
21.595479222631187
-54.68758123523685
-2.935329373829518
74.10952570861718
-549.5765557813227
30.33117897400423
-132.41250748475568
-89.2547565647601
-19.513419262175624
1544.4730938876492
10.786629411676586
20.505153538486866
27.65963908610412
69.2566712651128
-65.51608132665115
18.14660433756808
172.22591577457342
-699.8160412662661
79.15369779462924
17.918168923619305
22.984476552803244
79.28267670634841
10.133210910199807
29.24905668546243
142.27316195598996
67.38245428470054
175.66127558162225
-84.46627961826448
-23.853280769858497
74.63748382458004
18.577167980648937
17.748547202697374
14.606927007939731
138.1492469308937
61.6075239490026
-3.8737565084870766
35.44875947691007
93.42658440092009
52.656412397470376
7.343416555157623
38.51648629697047
-130.0443588674616
-201.15139892085062
-6.803559992770715
7.410820335916583
122.09419673849652
36.507837866847375
-59.42593015387183
68.61457445505152
63.11476361093537
-415.0217793900558
86.08163425556927
28.941246318432142
80.69167649751193
-102.67974002380106
-16.325802629326752
-11.755415977582722
24.05411116230349
-99.1171182107646
-77.78087870737
102.4046542551518
-153.78399932338925
-85.74415021048844
24.500847476580475
-111.58035540103538
141.33254787840656
21.2753732470793
-266.44765940949765
206.436060316747
64.67442865185717
-8.142429478643407
44.38553777985737
-86.9639468863752
109.83369253635601
53.172616791451674
70.80670302847057
89.46084526729146
-69.55665442935924
-6.786710667562147
72.21762927658892
152.95825601207434
45.66928651650049
44.737942842201036
81.04103820700249
10.800673710052989
-136.91792190664637
98.76087730409654
-138.84574845460656
73.90578125029936
11.18896875889487
45.3829400650819
-23.564233509420774
141.24797800693045
51.109421831796254
134.89239279149615
19.686663411438285
93.34149040853072
50.863610897281674
-8.387640540101454
-26.134749796390395
-2.720839772266798
46.41249000233529
22.548535799346453
-3.0031298109442175
-39.410023980988626
90.26311365071888
132.97497202757563
-55.854081688828614
24.51015321187424
66.0317436332789
96.4442795251066
7.381740513967998
82.45166001593998
9.623069262805265
97.6006530865676
24.59862486014208
-243.6960152630054
-0.36497603979205745
109.41303721913891
-355.89284831623064
6.210910425232441
19.97045321640735
-10.457672239050574
-14.687239198867616
-274.5152523794436
-48.44472354346908
51.62599498780742
134.62553334497716
-23.961374144164438
36.990760195604906
7.352450723642805
55.46913660810151
83.28468319248623
40.318971127376756
4.713015929804817
174.75492714374013
29.82211076463959
66.0558140269386
55.802306135720755
36.90860361943459
86.95969546916007
-26.88337412492956
17.28378673177142
16.185428541088292
-7.948720347150193
26.639537433097548
-25.102155965701286
130.70157845589176
2.3854942794305316
272.5519249638796
134.2157073589624
158.2472990889646
9.5611644782339
54.001202987860324
-86.73372977309148
-8.104709991353957
21.740851187578635
24.9837270800399
46.84290888465466
-155.4237522909325
23.10738794272162
-6.7805691871167255
46.34239647760887
90.0995651765773
274.85994005379825
100.30877012623978
63.358441724520006
36.61577242387966
24.716864558875386
-11.513655715622136
117.628360904886
125.34636935533126
-23.621749312473185
0.645794759048965
-273.86911054674056
-6.040067691615182
97.2667333372375
-40.932122486316985
104.30736593556435
54.88894858941234
-16.772788279246864
54.997141227104066
26.36478087123534
0.40747023223320866
-12.126071411398243
91.43121821046361
68.73633167083472
5.255964146665974
-17.506056885523943
25.27108141952249
-153.39767535487135
182.59432716222682
-1.7631760912598011
51.37186920135295
37.03041207871987
36.34431339095892
-10.978527050022649
-36.323378362743824
-38.827798656577215
35.62568438810812
21.060327365589018
-8.464115537649231
1.3071438676636287
66.21285354418892
224.04495946938187
14.305895061435654
-26.301459021904822
136.87056149819819
70.56122941024842
120.95967258993142
52.74105812772268
15.971600631328007
-89.52957138151032
59.624007408730904
73.9062523657592
111.81002096596194
-209.00051034776106
-47.58163853793557
18.09843113343752
17.059174745203734
68.99457240692705
-19.15684107934071
-11.545570578343522
-37.91011184324361
38.31399835297043
15.136591260106343
34.12849782286821
73.76345384780552
-18.117404409886106
92.30740647438824
65.55892084094376
161.606078595094
150.5836195712991
60.159193094917555
26.8253110507585
-91.80943887743797
27.37870253007857
-144.42789920372343
45.0384168125387
130.67281264244525
47.02196665319116
40.45714423220534
121.05816909733676
150.68127235045176
-44.650561912396924
-30.243814190697787
61.26833115690533
12.031260863282421
-54.754689185070674
19.37896522447163
234.6601549148013
24.872565620206494
112.92989208508675
55.80663156872659
83.14320465036417
57.604147805231264
-35.062203993046296
3.7779460553387505
59.42994147209228
54.031429777857284
-26.62646596340081
74.14979558046889
-377.27475757479874
116.18854273355691
-40.35193153284763
84.1472701534957
143.8624890691799
17.63105747212046
40.455070938942704
70.29669707701947
59.937457106382595
69.19358010549013
-62.13095324211281
139.79706536828348
11.800637107560256
-120.30233246632088
-30.428043865482323
53.7064768647881
-0.7222629199498485
66.4145527011051
18.60411572680799
112.53182249934798
14.404905730412295
-196.61849332161182
28.85078373537344
-480.19144788749827
142.94238314869813
187.56367600312979
37.13563837083211
47.05160112505837
39.71254607091714
2.6526898265206835
-40.743043707324546
-12.768979095600507
112.11933105240712
-4.56942020668655
176.54170305174648
-113.05944751144534
-245.59408679603894
39.91502040397992
150.54929484707054
75.52018104397212
-29.677664024145088
81.63432109120231
-91.11732758721337
18.106168318907702
19.86048804073776
52.62118780683909
56.984152231467604
4.426982025390792
-130.48421234676243
-4.122518963863328
23.474236554066078
82.20013082593107
151.57291672144402
66.28381378524932
53.69321488731312
14.2458372951794
38.75507466119187
155.95943028205193
80.08455844075232
46.95662680657689
131.51424923065997
34.150005860415355
91.06873189718391
93.04934137461876
3.0546576738755213
119.9946826477908
-49.427727088766005
183.40380915349715
7.696070525358903
155.98045217906292
42.762788620435344
120.45486198963772
-41.388476322207644
12.373503163656551
-45.38647320746577
40.87004070862614
61.45324413282151
201.08835664059916
36.188485116267884
300.0810652012651
27.303924357854385
21.779977706650094
59.320224601522
20.243993486732695
49.322204116454486
78.58741741688982
-7.088088844103448
24.023717839459724
-6.42588682042601
34.66420919410386
14.4988857434426
42.3076721120776
40.72356300031416
140.27730043183556
172.58118132983736
92.72058652049861
-669.95735927021
21.900610384616357
71.74984539352792
139.5856226731646
-195.68273535590106
176.7785929394986
60.958004331559664
22.582851479689353
-6.497320247664902
-42.11159519062059
95.76116193730832
-43.203427780044876
-29.416324159791657
-4.2384286379912055
107.07417002794602
188.9186765433942
94.19540790784299
41.153327820447316
-14.45555011662632
39.26910358523992
101.52622010362381
-143.19825491789015
-135.5260874186938
76.3641486327956
95.98003397478442
96.90000416878661
1.0835210079370299
-13.20468302747804
-12.156301177294552
117.95235251175836
-40.39496100866836
4.423166662270025
30.925026384741095
70.75190202469048
40.97657788338999
54.88191714393736
38.09056108410647
-224.7384772411233
137.73965882150833
-0.7430424907273747
45.94997592337086
83.52578973434072
9.953118098927137
114.22504984582861
100.65842282802714
24.591298870871498
64.05103065579993
-20.674308668889807
54.751772352278294
5.395476406512076
-2.508032309178795
-16.942094439896707
96.78009339008622
15.640464946320208
-4.350675998620318
38.812436135316815
33.216778268519064
74.28236141067319
121.70296383353707
28.49169949146905
190.63237465478915
116.11177417573117
-21.840627188349117
133.68038244507306
44.86458869187966
89.80115771468536
49.170017318184826
-262.06880078795734
-134.91843247292582
-185.84500063223277
44.039322111211504
0.32602511286923885
-22.113704736815535
39.22332602482238
106.7460007783983
56.382944420488
-60.40376674620433
19.30755200696974
19.914810105273432
49.08090681866602
2.6071047337698534
82.99880232418303
145.61234978061952
144.04978929490153
148.59065694922197
15.879261867371444
8.7681339498439
62.21687142673399
-10.274604811747338
31.133619818053376
88.75161779512109
-512.7989411023163
-31.254201824246948
-151.67459134665387
170.98053110380397
-56.97825777473645
-377.0997162892095
-82.21990107230022
-24.72835665313254
80.07010591326997
26.913408564265524
33.39160249584506
83.34195833315891
25.388206127822983
43.540684202950615
123.13012179829366
-68.29183902889531
-37.05944321046718
149.4225083821325
34.003061145956465
15.824418665021089
6.869883195357943
83.28704536763894
11.803533869229
16.054544336606796
15.559521059954243
-2.061563118531012
54.20328625536354
63.707442010674185
81.09981158974892
-180.862588207136
18.77838625127459
54.01243406132562
131.90375804482483
248.06724845656572
34.36077577313889
-637.4186627100444
102.81000031544261
32.47819095394789
-5.171369152380339
157.12132729896666
73.81367415129122
32.22052090573663
28.632375925836584
-36.24068391843838
62.71708717743195
74.66331724429301
36.832610576404235
-118.97865157743763
45.00379852837523
-226.19911630235856
70.35855258735137
26.250832101620972
-55.88811743287306
-45.97719459736531
-8.019106525655662
-35.77395322115899
17.988802505710204
42.552165894917124
-2.5440303712438634
35.55840041174182
-54.14753417969658
56.78470710351209
25.299771065794175
98.11179392633085
7.527702045247281
33.485310524827725
-47.10516487016772
-9.320820166967769
76.94104806922581
73.94835389095738
85.74116980563838
38.74895326962053
-17.662417100061248
-20.8514862987995
-171.93668816644185
123.62029442718881
-119.73951585644136
53.63927284847666
34.503600843927025
-3.8003789665913246
59.8685007113927
-33.094097557834175
132.40347524423987
85.9254877945832
107.61882199041474
51.050179024620974
26.77818757297433
33.47842017695321
-16.269760515829436
3.9992348016992905
115.61718839381206
71.08399634863736
-12.234885550139552
85.54183153880604
101.54812528484217
3.0888596620630886
-13.23305945412807
-24.639530525924975
84.95484796531127
-23.465547801596585
61.907090364357146
47.127913406156495
-92.54660165070527
38.84067675528152
-29.12874997890475
-141.1192032291583
71.51671557900615
-35.46208765332858
5.13568565882958
35.70022653160929
62.81998623478181
80.00881376141257
34.90872561592005
33.86157377275195
10.275940884029296
1.902963123908728
88.82675605106942
14.409649293128881
4.698800937379019
20.58169735200382
-88.23362389738122
10.41921054967677
65.78127886359584
199.7225301801136
67.85216642259184
-42.493166533321975
-103.99012881452654
4.681394327991484
-34.8936408359828
14.214419828805148
-8.410317975413818
206.38985322411372
53.11330724389859
20.157649663781022
87.1053464539275
76.36021972270692
-26.80029340513738
40.00232169102263
144.25707793530592
63.91998126315184
0.1401654962587025
80.27336596491864
30.15240463895816
-5.080344492640506
129.02905082231473
63.38057183333857
-77.44297688994465
135.4338021818669
-171.9374561803893
114.8229907582911
99.94093736828563
37.47517870951665
18.6643762632349
14.931127104996786
37.78157954005829
111.58095584708894
43.54557275585839
53.73958968132331
95.60642944591973
-7.819682392980979
-62.60963050617693
85.92474967933668
-94.91127029913605
-6.858643735079298
69.86476064928382
6.56093652313099
-40.277908782166904
-565.4300232790201
-27.732821431189222
158.79481108971504
-125.6761577118873
53.48742080895954
66.13242617405967
17.940110213843127
102.52769755071677
-241.33863514802533
89.24935417620145
37.68833395580221
119.9884045689414
-31.011433304537462
9.008322219713328
-54.469138156745885
83.39075483302963
118.37080101350921
24.455923988044884
19.691235280013103
-93.61494181911283
163.58289567001248
129.15699342028438
101.01455751356508
-62.48086393551284
131.35538330751615
19.93561810425217
-112.84248645724801
-108.54380508068789
-10.855323005143873
127.32209484087957
89.50932184947737
40.50090178043745
-14.7684306745914
45.10203201161812
120.9921259899993
34.52579813359171
35.5769273350754
94.00464291438368
5.245702915661695
55.99550601287319
32.429348398955256
59.11877435410759
23.327050071666598
105.27836527406862
1.8991577489300115
28.93859526484768
-33.95726388425719
2.480387917963469
13.717840163887933
92.35605824183722
48.30595303245309
37.99812853660114
28.312007382640033
38.730004860086865
45.94368725582717
5.745402493459791
48.81072032052816
91.47054136987015
16.625802812245638
85.65863487872849
-13.90354723141326
58.54155663865032
28.138009270046858
10.191340509738705
18.32405648062351
143.5355244891748
-3.0591638616322587
-91.91823208990627
110.59939587449276
128.57289169880687
150.30033708235032
90.69685201527477
-3.1517697462587746
60.72219821960741
93.9951463167871
-9.273449331510703
20.04315817974866
24.001737438952205
62.890336567616686
79.8536121506479
7.890131709435991
-8.968564785536831
-148.9156406758202
0.8789918082412602
94.20563388124924
127.93441972654
-107.94562188127975
-8.11322974545476
-202.76159698882657
118.53598288261992
-43.87761626514839
23.791747457813848
65.470740811631
35.104327111871896
39.991991757270625
129.09489808963463
0.08494252834266576
57.090878338234575
-146.16339298954153
-145.67429543117396
-16.38647061590109
-13.792657348699947
-180.1440708186051
43.84464828232305
-19.234524673754343
267.4472231228583
65.6308197185672
74.9944420799848
-10.454291500256588
13.464972827359546
-33.45958916958034
-66.65461963833104
45.64144924732
-15.855223018538709
105.38059135375329
37.278422524974964
22.262251314738023
38.522403078099245
24.98653084838712
-3.432889814227421
79.83367019530024
27.900571546671255
5.307442087128038
55.094573900643354
44.36461930837551
-47.40141032653253
-32.30662810180456
-89.001167488524
30.846238544103
34.2385211670413
-57.43233991228681
24.774763038634042
68.12375397525739
32.10410654239513
150.42169013207467
3.8327784186490135
11.983262581614524
36.37341378724204
-68.4595166242693
76.77588431635067
-176.06568116831477
99.73346286587821
35.718896341458006
-46.24377640770126
52.57856491349287
-39.6672595654569
-39.94349236677908
-4.750621940793735
45.87663692814183
154.88223025990555
60.80411887382249
5.8993021498436065
-124.52843223602122
-129.16542699542606
115.14498841707825
135.61061138620425
-91.417820154129
121.93246144320801
-94.53729900614098
7.483880896830819
14.835347966838071
-119.64294025191157
77.62816078540601
43.943864436915646
49.98108176613687
141.03004672983707
88.5970867879796
15.503369701420986
96.4375672673691
288.9204285849755
20.608151542449377
75.92734192946591
-380.1926737977974
121.1794030968772
29.732639790922804
96.75848489628004
75.94766568286741
42.7202087933515
-11.01404318044024
-47.51605319017699
-50.81090316675363
-49.69333472241988
149.84293733746972
74.47381054220699
55.79190880540682
53.39319488760168
46.02724866524327
157.89068582628397
-0.5278704345485927
-40.58959016861809
-233.84160170004088
115.23662595278483
16.47806143081024
33.006631546817424
-83.78051739076864
33.16312883773621
79.72607676140478
81.57951360314144
4.224357307265432
87.55772289900673
35.08853116564251
-84.10493516158623
36.83374961719765
50.828405066285995
79.00859735992907
56.514059339473796
-19.480952460229673
121.05190197188085
21.734163275744322
39.69614028696833
-68.78322401097876
-83.81413874264308
77.15804116104047
31.491147241501032
75.42377288938405
176.40680007222363
151.52395298844067
102.37425578949956
102.00147362774055
22.0398337342224
36.76432097142606
-1.6038064555030758
198.31009584046114
31.765045759815052
-219.6974228668555
43.462841721898144
14.065986164849164
132.06074374080526
-36.4422759707295
-121.76841291981054
-12.015341204419201
122.15018521443824
116.30499925693891
7.082380560602704
4.256402526260123
-38.584222222367316
-2.3309387421103764
41.121014133895414
67.10904225652348
14.155287630216689
7.5020996685478565
16.281939227337247
23.031544928203274
11.128125114446448
55.892831049807285
93.92450980035801
14.14450380003272
-13.708418114817505
144.5638591642787
167.46260607889621
215.17862379602957
72.58610327961463
23.171219752099205
-61.341932236193315
-26.058359663577903
38.53094439290089
-76.6842579179629
19.380547960440783
-250.9401396217399
12.870825673639501
54.7280581154896
73.88574759823314
-9.506054388012672
84.41994737564937
-27.7182528525409
38.715964859749874
-8.607074330195246
76.31751125826077
50.24121939204287
-74.97017745626636
79.13051628308057
136.2162946226822
15.918189617081875
-33.681771279805616
35.1553197149301
-3.857401895465955
24.708584688073287
153.35511883873278
-26.951549471913722
68.89537890153827
76.17330725780062
55.07331656198719
42.99261129155121
-353.7485713205706
3.4946352961337728
-26.073244358480572
49.14337188614823
70.30590951732131
47.934099396763074
-99.63009953382652
-113.98944230882717
-50.46916937223398
35.24614739210301
6.557875154271187
33.053397277809204
14.04328408589139
25.470258130010322
-46.20772537657836
110.45873497797629
66.08575021864084
-183.94264599125108
-32.49347285536123
-5.542471289565356
41.603774132006066
-303.75874890797786
-206.5072866908049
70.88442303060674
34.17456981938436
24.963551516737812
82.00918475235312
15.634696806079917
38.08802251699662
-7.007285843110822
43.191586401784775
38.068358113645445
15.301753868587184
-90.61642199179641
7.663521681994098
16.96198396206002
73.80809085643773
-160.4436682195899
110.97929029197633
37.421744593779756
48.70149003561731
171.7889154033387
184.56479028793183
141.59054615124296
117.98246403942903
176.52873316929163
23.53627088625045
58.97361079106679
44.606734624221644
-28.171989407777062
8.430244068897991
-167.3560953933511
37.14009940870495
14.174992089491063
3.4881890481817663
-636.0958381792863
-61.31585372444067
168.70594629076572
75.41461718866668
-37.266271458166216
65.78032715381534
49.36458164349642
-76.79967058368356
-71.97145287022113
-67.19228112830888
140.15077847354223
57.57534606863271
16.05171871594555
-33.99718058049825
75.91093242249644
3.343768659022601
40.69094451856517
203.98273973216965
20.874978640325878
-87.72959158623325
-24.327152135163566
-10.71683918441704
167.6585937587506
63.439131851648526
84.19452801960489
-39.23012241130791
125.8415120300624
34.46096896166161
42.22221800100772
14.52299508750275
-31.064551384875717
-3.7067329280382637
-9.959353436017397
18.783988828496536
123.77260410007011
115.2421837739978
30.70660538812399
44.54425561175523
-7.056500953806676
27.677938121984425
71.09683475132078
-17.53535598872395
52.497446670350655
87.6936183121993
32.13287872397869
-87.24702289465904
116.06282657477914
103.48253554393841
-13.347332603233184
69.46578274216154
35.66340121559915
13.494494672562107
53.72918995990449
70.77868431919774
-6.865702161886186
81.98850256196647
9.498191932484659
52.37314605675692
86.62670801738909
58.817232314061584
89.38599225436201
-7.746623120760887
58.14753088605033
51.54830511412729
72.1384191585098
43.73084450437368
75.85988623781796
61.732277350318725
91.63447665008152
14.784825152558152
105.60341118860089
51.87057726808928
34.5796434957916
87.66044403277803
-20.30322217066023
57.36272084400798
138.92585528436393
-19.971744730417356
-99.22808772828694
250.11036805770345
138.7767698243406
17.900417751858818
79.85030561754593
-40.265831777054245
68.2355202230641
137.9890761094639
-189.42230352501247
-1.4666255781185362
-117.5955748926931
70.95539625799893
42.594830251307485
53.708526442099924
69.31069091479185
-149.79615880811252
1.2301847139753763
68.02633238287763
7.37447804711735
153.0076640985294
18.298692903423607
-10.341781315162379
81.17028736526709
-20.091383424288793
-18.98054627529929
-34.381715513763766
51.85771941790108
-255.9214126406323
30.868982810392026
19.094967702707066
63.8282929629369
60.19848762583615
13.54571531508293
-11.480476159593081
2.332353183876379
-307.2813742608635
7.462628113947881
54.03604697157698
24.317367222277426
72.91127355651497
30.072852797931773
12.479244709450988
40.44468753912977
43.90638003957102
51.17850822386666
-12.402440294277625
-5.974050555947542
4.312627897219045
110.04149484417894
11.467730816103888
111.23437733621358
12.906474461971417
59.38417536472636
-92.74430313775565
99.93532733344819
35.1943935236859
78.58901535581242
206.0160832590136
18.029719137750362
-12.806296491695775
32.72062444367211
38.27316065465849
21.98149716186492
116.6754233768703
128.39747891264506
-38.932575742509016
143.1360090007829
-59.00314539623281
20.662333125435907
51.24363989772449
-77.17292549196418
165.3302130335519
-85.4486186327008
24.68936492918101
25.559302832065075
-191.90765754315044
68.49529666016358
27.30177682516367
15.78057832276454
3.7748328930330617
-76.89284099669794
110.35172529146712
-20.400637916803998
80.21246650944522
70.26615002666222
68.09435048010937
189.08740575038019
56.85289033252905
-8.946417231366013
20.124339867509775
176.17636477680526
105.67301152554228
-8.465759896951353
41.146283561517706
41.478982149413696
2.540246898780613
17.86730612354692
37.335539363432076
-424.94825384367664
28.768288529053663
63.56373103426904
64.39007615314688
40.47435371356835
23.0159555984911
94.41184485109352
88.64899087597053
71.54538628773685
108.08478008847669
97.75297376090111
41.33682627208135
-32.85425097279176
186.4705630028343
47.773410927664486
27.560053333137375
-136.1135232116817
198.1433082338326
-52.69524531959223
-599.7256335349135
69.96449018333067
144.61130383813224
97.29744513844571
36.74888596046992
-46.09032450438516
109.8675038283684
2.694020858718538
74.82333330839404
12.47797863297746
38.43876647928664
14.512229486667746
-3.2768184744328037
68.69879766208942
13.807724954560967
0.07216253165643138
-134.54247307173682
94.40041301682913
241.41138918320075
24.241495951684442
104.39175546139995
135.31441833720874
-13.19389793751725
121.10585036816053
16.796465687048503
-3.502377826704044
-70.0544406139561
41.33664701098817
64.49567660143046
-3.3066308509245177
116.31074855820498
-52.07510162053552
46.27543998149122
-27.27048805632825
-172.67286359056516
-380.47898082101165
-97.2822635932962
35.82496437608644
110.56184622097248
66.50696608055864
40.31641248282493
141.72315901753336
9.824542840240156
82.02600996184628
-200.83392754307988
19.994509063882106
98.73315783467478
15.654757555665608
-143.99525031597113
-90.31906872383388
53.33250740905386
51.71424780452156
45.07707993606502
-110.00934030849476
31.150161134070203
45.15484433216437
17.136823947347843
33.591099497044986
56.52967290105612
-1.9783520971127473
14.291764860654823
37.14065148778246
-74.34119145153863
5.774298629070472
79.91372624700648
77.6791823469066
16.634615851364288
30.430715707808567
30.750802844835693
92.14065506486054
-78.97398721371064
-39.11250830250134
46.075727648538205
-0.3031780495264229
122.007138208975
121.61532882298798
128.47516881359218
4.887648038622146
-56.47771817220564
41.9415090074959
33.00999274724717
-106.0638547906733
-7.911409435036634
-109.98127996770745
73.40788685177677
39.55271357984657
12.366398692331131
51.15302954390518
241.23313675786994
20.8815452344134
-8.500306219500409
46.037885353285105
67.4252359053902
55.472786577666966
-5.13865007785494
107.5267664148555
-1.6929956563503903
80.04121887001907
41.77088660004725
-51.51960378086714
-283.2665954670829
-134.8489460094529
-97.88224820655432
78.42334129026764
-3.7298877692678616
31.004228778606716
20.405718432776396
34.61754174217151
24.71392761532309
-61.376819790945774
11.584501949523926
17.167210673879318
34.54436494661791
38.344900817518464
134.4052872141899
35.30661584141126
12.574158820618848
32.422544521196386
132.7234002483724
11.407054732086895
52.97872873698452
48.21421342589457
-53.53923409723075
-17.648330241561325
-18.499362222393756
29.927831024838724
195.32208542046192
70.7791682324214
77.29414721381818
61.802811848896
129.0296559213407
47.652262406493946
69.16398832988969
-80.88441382271776
100.62255425147828
168.7996352189166
122.67326441031582
129.43804414240367
131.1111703871361
35.80434603614793
49.49496125703217
-86.80782432526266
43.81281686935745
60.7518840608069
152.35092492569697
17.54005130022415
-12.15998994943502
78.79511860797263
138.28692088600155
68.95256620456901
166.359296426514
2.0726990107273195
0.15269765311083816
72.42337769886369
39.42571942966475
-282.5553253582548
-56.9180929209424
43.99293122325412
-98.85127462753178
227.8722041053993
20.66796809503687
-82.33765382071124
125.49267280928234
-26.758967263403417
18.756600513483235
-123.10534374895542
35.63366448572617
68.16748726072774
94.76339142845654
77.55931310760081
122.74918170276396
121.13496605729233
49.165259894084286
-71.06533786753562
47.99729501313427
-8.852314182803656
-300.23108121488167
94.96854203040675
-52.91925441036983
55.64433115508366
65.25658292042934
62.61238174532184
17.13204924770346
51.41696078718137
-118.77750974775199
104.20050493574368
70.85408265393016
-9.909669336933117
151.8294015529532
-18.45479379819335
-38.22684273994731
-295.9576699054642
21.87198057695051
-18.595402957779793
-6.031835221766233
158.06971979015452
108.72071046359292
-14.662794260304054
-325.8561676478753
29.626846270421538
-32.6506420659357
-0.4721755807070953
208.0351516255032
-39.44622939851546
15.641646412874323
-179.8599241720708
33.64843023955291
-15.630296271940715
-38.079247719752445
20.229612127079854
38.27726848726619
-51.8864092543854
21.379860461862254
135.42203052658124
-76.09823012553306
-36.236267388217115
112.870384356219
139.2947353150871
53.81383200886228
14.770755345247835
33.543522457612184
8.756779908916783
58.802100479952855
17.164760279350503
47.393003626579976
21.262380283092085
49.596348982356375
66.13453992129917
-24.624133806854882
-69.70968908002578
-115.27375472542644
21.39735520024334
33.316394522131205
94.0048532923854
-158.48781078000138
50.38733450653582
29.771080826785724
88.0246187448056
23.203528842265424
39.27102973406636
-18.826681206953033
60.48219813459809
25.70744625317343
113.73999861743778
64.51280598561928
-8.821871361625654
35.96878416935363
37.509265567552575
-61.01153229664669
97.95411718034302
36.95859998505148
103.99692251605711
70.59845031512315
-13.079195232143292
67.48125987032827
57.37220870708893
-72.23978039163329
241.75379809644346
-144.069565357373
-97.01666707774712
36.231835214217426
72.78281959465039
23.40060687908591
106.9023953805563
151.54634082125767
59.44849978230775
-101.7413584966962
-8.803957501831645
56.73344123667951
25.260590034354664
-415.14731077910665
-92.20008776686882
20.035293275568165
-76.6532914686534
23.561738931136325
16.81493922889394
67.59416273110565
5.620561313139036
93.89348884356014
72.03392082406936
1.028127976207615
-42.23700578390117
54.800561405047354
49.48933043700487
78.98903919377241
13.219316865072608
221.88117859082422
106.09653042201921
57.602425176211
-9.106087313594344
5.599819731237858
200.30133033648144
191.81914664399028
62.38971654541493
226.61964996143706
-23.735691357729383
36.97746882779863
85.04338721290243
59.605486780161186
94.53661596390839
-16.678046459389122
85.80304886567399
36.841173134190456
42.5070998482812
30.383883391108412
-47.20835435219033
93.97820520484879
11.083706514011086
73.6317911742608
56.81308880188135
15.068410126884983
53.77763195946273
-43.036631563003084
29.48215608356874
32.207321181774574
180.36550018965772
15.443335612625903
-2.9354179842618384
11.939264589480445
61.48934874252282
113.54426210981819
16.626632250620872
29.080847327109545
-19.90759898785609
56.93878534440081
17.61324517188757
80.65620684168562
9.842872897792837
8.56135920130863
61.79543428963257
28.223379900081422
138.69170008170727
0.6159807101979166
23.141721995985886
-61.3732324975349
176.47224286733694
1.3269939319399429
24.671475105850146
-152.1089036446774
71.78994573214734
5.847038223029813
40.586028857000656
16.821979067135544
63.487376203477595
13.506043480641024
-9.862713013079475
8.999119901214726
58.41017277227729
-158.6995611540974
159.12359254655803
-61.979848028529204
120.01368368757221
28.81679369042382
110.97690067856433
96.448480345613
32.69743224488854
-19.736060752279784
55.2033365667221
-34.586043465165524
88.23973544118144
-55.53940276584672
-56.03602804987577
41.74236720091244
74.2590320928573
30.454907797880878
-31.30155545654634
21.38156504583003
-1.079342430912675
38.651121096575906
231.85855395924682
51.191827822064624
-61.85800686336006
72.43453755972001
-14.332611376476962
-66.2459682079969
58.16026472974909
61.26361456770735
34.20956740728661
-3.7248177560403786
3.519772099307829
20.991061329696542
134.17089628042459
104.37159491401496
121.65095914496169
60.54817609442148
0.9235684747346672
18.36589869014514
87.35126412844164
-25.703213209833837
-94.04544436150172
117.65993169907279
67.31597743655584
-13.48363935312225
132.54375170940875
53.37828035359507
-6.5536869049870905
-86.30107967469758
95.67991206745955
-78.80476324385654
184.10683428041875
172.6104544535192
-0.5109865577526586
-69.8155264157549
-83.71756274316203
37.762171990841644
146.1444875978882
105.84876987092639
8.962640173369653
59.88380240141478
35.44574654834623
59.65376803156437
21.618167691650058
30.668745639830263
7.25451373649048
148.16234353657
2.6622562033968435
37.19908946384999
41.938221463319934
65.73919106311342
77.15084704763058
34.66162016059343
20.47952352711449
74.33626299116756
126.78400369962492
157.40099955597907
23.01129187508965
-77.4799364768046
97.5407076456786
86.96859015297818
10.284984017879115
-19.627078548599457
-11.459796046818326
-30.62345518086522
-72.99694050977678
43.317320573704194
0.9832986518090365
-34.55474095322734
182.80542688111382
8.508979021424238
0.13932071046212968
29.430258176836922
-7.749059040715343
56.99380188169093
11.803569975064132
-6.4520664737069335
55.27017447074695
99.4037455101336
41.09788480072473
156.95150577762843
11.837035652443213
30.233841272239715
21.58932550525955
40.28912952142925
-162.49232719276688
21.546640819197506
82.33272064752782
165.84664067899666
-16.994719796318375
47.84692339484369
-171.6888518926089
57.89755810716406
158.78434069848709
138.73200222113428
-111.54278906530271
67.28369733628777
-48.28019404966658
37.241767611403624
-122.02693420866353
60.033370599798786
-52.78568447832953
-6.346527559450313
-83.6168209234429
78.72201994048248
-24.56750844054535
-26.071133530845405
23.33809538760014
50.89823499828617
-16.4186280027634
36.95054381591672
-65.87975860666938
21.33007734673486
59.42200999482384
21.71401393773249
-117.51198609576022
24.17960225591014
-30.59856829088676
59.68862506951412
-622.7360398331512
77.61400861677478
6.927257419708894
42.97860444477601
101.6842470295743
2.821861633865069
-161.22028794401467
135.96057660300676
109.967528911925
120.70535902315714
70.73955973602392
60.320084504311126
91.64751619747966
-17.35377656003928
12.281140397635824
8.069841109240032
16.79505020476592
69.1289701345828
-26.461834749353898
-13.441016256095866
-20.75062725412749
10.937650463041678
61.25912102614718
15.070930501254153
13.107139562424436
69.0872809662942
53.14888524780386
19.83146592486537
123.27700263166525
31.847925966960403
175.52557878403786
137.09366381422979
10.67285960741373
11.291324210306524
-4.699381707064622
17.57051944844452
-130.98843420947173
-0.4836588963298709
-53.917377300732824
64.23528993757292
170.4154900142853
77.59364206834698
53.38324535942879
14.477135844470467
184.49261062153073
-0.8676128727042851
-0.3064926916422337
18.724634627381363
-124.69134949585454
89.09082637863912
5.217282509110469
-11.667809605078219
42.5460867131235
93.70161836924171
25.84702513342063
71.0667137204079
-2.728112386372883
145.00936533285994
15.858624388997214
-4.166240748250782
44.840625986411155
90.41862404485255
-104.3515790406268
221.8699532280716
62.37521730220669
72.52598308992197
45.58142849083174
-52.03366745769017
-631.9086540481345
25.02290548759905
11.33640773262395
109.08374172605772
52.3864101383042
166.00651308009856
120.20334521034465
60.07694807964617
137.49367812932496
68.53088091790096
181.071508129618
57.16305835941648
5.07957074445676
-691.661544540081
87.40161469926375
-51.28742888314278
22.32943087584822
31.163817063083044
101.26348131171369
102.01497241525931
56.44632085299175
48.314215568161224
85.69330544924827
-145.24473880279402
48.391136740242445
23.801142626835016
-88.06227645756462
208.37096916754308
47.392792364059325
34.30319293359594
45.433048450569686
18.933634207883273
112.18166084634868
77.67564441066213
-48.16316318106419
-44.030300000344056
38.80129958363318
16.243760499353687
48.003420620867544
48.13996482370142
81.92123385028668
16.60121731329673
144.24962516199503
-30.42536501745235
-57.889074032387725
173.90161506773734
-14.691364287341298
-32.21241894003742
69.49024242738338
117.18071337157062
287.4506981752543
145.90379728360767
30.20516497149917
-25.447025539236165
216.05536270175435
57.34603359509218
64.38114385219629
12.180082168221567
32.40436497397906
106.03494821381639
-66.99009425454355
67.43905081238182
127.27740776988367
26.899135215221538
72.56912498919291
58.627356893539535
33.83717668305725
57.59925176448047
-219.8547406994694
83.91197286340275
-19.60341759864241
-202.2166608207899
-12.078157857769066
46.03025653905473
5.337784308551729
41.00188787971615
10.912312685891765
138.4055286389189
136.84888302682657
-4.76826169238675
18.526040720342095
39.838597403975626
16.043446211384712
-29.044204433258535
9.537711965487391
51.62631384485121
65.16196799997897
-90.22863993359533
25.362539595497083
34.7544503418474
51.385074014107225
108.68178070307795
44.01497693395669
-418.92758740367026
-21.721266821259846
93.09692054715697
33.603804523945655
3.3484234264154416
70.44300192498577
60.86018542909005
66.06254128404896
103.28754224674572
112.82873413629204
-30.350138638896624
101.81032704415918
10.61257906940591
41.25498807833668
-5.911007394109735
13.375981780971724
47.8227580124651
63.79605708820509
10.163707520121328
98.82760133127726
-209.13722465059527
1.2491296159732883
63.41929119962174
45.889616579031554
54.04426659655762
77.69884694078428
96.01336367255891
17.506784229983094
-772.8832665266542
74.79624749645347
-177.76469153847393
1.2642553680643958
-13.546313491656301
-88.54068671685764
123.69588854966514
110.41451440651758
-102.02744748124405
57.95536326693173
-5.05854391469029
-77.00405863460355
42.39057641636282
-4.591375437411483
143.09115434452087
-162.41279614339874
23.92716683285104
21.35862292126879
-121.0326128445663
22.133468234022313
-77.20734461224856
122.91788235373906
60.918270733657664
-220.24280505060824
20.229426325811673
-18.814806049733082
124.26637913990817
44.83386464429714
-43.8190316509511
35.06509647273879
143.5536463998676
-90.71862280114874
124.84129134812565
-139.44080081580478
161.11339349518926
-51.73910459756735
1.256784556769051
16.753131134050363
29.611054895837185
4.000081458762793
-73.89053587805692
9.590158063756462
-6.202662381251377
21.50435589497894
-6.959874172931742
148.01944545354945
236.61960922657136
67.87724421356506
63.971363191624334
6.625826487810514
147.1467934937632
19.737371498675117
-1102.927220782537
47.858955588959894
118.42907831334969
71.36764860127289
18.041627951458658
155.68097220021832
32.4188462821042
81.74841458992744
161.04727338452085
-288.4382807685042
-3.169977854978697
93.51420213503161
177.6493280626189
152.27968924376387
-74.02730385241193
-30.493557762194087
93.6532683945104
22.242140001605833
79.00350491881659
53.97535020620711
17.2224961012654
28.50479827812569
76.82824333648568
-264.87701438659013
88.11624593243869
-29.124573093996588
35.55047284915318
106.35772052199917
63.5005772713327
40.000120822486565
70.78354744606446
12.953845470317956
30.86332754169789
-15.09333342324927
37.68734573680398
-83.59301481747752
131.8126103614013
78.37668826519939
41.69975860826081
46.99123968385362
55.75637173522546
7.882057419450973
12.549942681880266
-42.36447632029103
-11.274885410174923
-181.1961456382478
36.62760433296487
3.079911187755897
87.2645355346151
102.06809687748932
84.87144636627721
57.139075425893395
46.321167493623534
3.104573558736589
81.13471211693968
171.67893482490626
-19.297865936079084
-376.67021744040954
9.76595540256045
28.69629415738716
-60.358707694971145
30.549728444491393
113.91727328914294
34.256823369624755
-49.94804512339533
40.334329595399296
23.434298755735398
81.30727553098274
68.08593193947945
97.2283620227131
-25.298977134149936
20.376476836744132
-286.2521628473628
33.21891638848697
124.55861286084291
47.467474078120745
92.6940795442174
-170.24007420014686
28.89706360028737
28.19736423478878
188.1592835196916
115.37402339126356
111.96402327954684
54.67292115521445
-85.19071749261639
23.67199246452018
50.340474474568964
134.76976384901036
8.709038630998052
-115.82533906731032
36.83021174873315
69.65704768765681
8.833347792886421
-4.806146881086653
44.7429257125159
23.191521917514713
87.73476227602578
111.89276885455502
62.550467528599654
34.564509962960166
44.32630795815964
158.86831791576014
73.19244300786522
58.03668067685203
-34.936026679797386
125.6946013378074
54.50771958125588
-861.6700617805323
20.186185676185968
89.82551898860234
154.2225282890745
9.942596322229882
80.16249902985601
39.79210962914439
76.12222297701663
-111.00597630700577
-98.31737850394074
-49.74944904508175
64.80656407197691
229.52699545061114
66.97818526553101
-53.2934299201188
79.45847624630369
-36.268620170998354
140.19410298843923
74.26661598226792
-84.79463859756834
137.7149035496518
-33.5190916536351
2.4826428805259573
-6.371269991794939
143.63539766345366
120.54707395857076
67.45782667263029
10.332091922091136
-28.193763847373674
40.02975786237812
96.05917368351857
126.19036591357371
31.852395151790915
-386.42049094659217
37.812619777675906
-16.810339828328672
29.58403444416126
120.6128371592813
37.948967462830296
6.660608197403759
-46.99874310664345
59.54012961636482
57.91570127656678
-21.694690373103185
58.530900650492185
60.50000614867281
-95.24709742968071
-4.286652275782217
100.9692443877027
-36.64640112461984
90.59932688358867
72.47713987477124
147.6850002338349
73.16047656453304
5.6999263617322375
13.754905489665973
-919.9397721288525
79.7491416358589
56.138919110535426
-39.88418595859575
14.267009978031638
-56.942107695642676
14.618686949329685
40.43146798223643
-80.70050249424185
151.05174689007436
6.880001970257957
27.142647313865737
161.2817252539303
58.93750229163891
25.04456781906075
25.34442949261404
184.7339067949415
-364.91549005349407
15.987913099262641
-19.176942575702114
9.232628125333612
110.06892908063264
7.949443331907972
40.62166474354109
-15.873478750124377
-165.04916545564174
55.79696578457467
-8.4087072956616
9.533727501482385
64.02086766072605
63.34836851163695
-16.11621448425223
17.638310821136656
-37.9595770591517
64.82597631809622
-22.556847003851495
-143.8197761056299
38.74183941153594
0.790511070188586
28.585575532501927
78.21326962785417
-23.275278918036896
-33.33391135309603
-27.517720193589977
46.68094695416494
-144.9616277492296
29.94018315709923
94.47682761362557
22.08445417678036
143.54128137703947
-38.55710928136705
161.0953520205021
18.87619595462555
68.79505600497545
-65.66799415857895
48.455377005105746
68.19202567502158
-39.5384608979939
28.83838206440377
223.89080036988298
151.2360939737564
-37.53989173314187
80.63472131223989
30.43450689942963
25.87772341538752
-27.769646946498362
1.3210719209243549
117.31122578253644
-26.39526731893011
163.28880306538304
-112.58708593779284
-229.23448312251958
-134.8101849074401
4.183786217868759
120.34343737590234
-194.29862753830275
170.46909839685077
40.432446704965315
-175.41166566734682
29.64620052158756
668.513446258678
13.352246368851283
17.692650659273497
-989.4988534940139
27.00026603173407
61.648598487398885
181.18970590334266
100.40488082716229
81.30423720296722
16.221951760154397
91.5806575235506
-85.72925099831536
-59.418511660314024
-10.471884804254335
31.903756171173722
52.64969175573178
83.76300636726529
-148.14672007586523
19.92954812479684
12.417138500324796
-95.11292075677102
6.356804530671334
17.364566541163242
79.5535898039833
46.19867702246262
144.9296552478213
18.641730325459378
151.16447193880322
65.24076615137804
44.90480701762954
61.53004298547876
-40.35086072714761
3.191278820633312
62.18307412145019
8.828773685652777
93.92916107807741
133.7823032180254
173.29604920549718
-183.39044307671247
-439.14236916452137
88.17584514227252
192.97534614666984
58.10600873999755
-803.339729070477
16.92467720940779
96.94431691791533
191.14755152398266
-72.85317761283204
-151.12098717086747
35.61486113583748
-188.44794513681245
-1081.2780533561188
21.622090670631906
73.42236351687689
70.69602393070568
377.7791525090224
6.985313141370842
130.47154088522143
-91.38307422276603
192.45991930420223
40.81201763937841
1.599692334845713
114.53586965390514
116.50179835662493
88.5714110627805
75.36766242758347
25.58568843384319
35.71101664585888
125.76134011562863
174.78731666692283
6.00538303328044
-207.74984757109542
111.25921565819954
236.7659185987186
8.36167721687419
-119.8811694977303
22.234825559404143
55.87828634728932
33.646903375657075
56.97470266160343
-46.07654153643625
65.24626372345159
66.5734213384379
15.604177023300764
50.52501244101995
-127.96180969836678
-130.20377688908502
150.17221571890877
14.888803226914678
-65.24361411432619
377.5563089406601
-30.461388335220363
17.36776075126818
-45.501259334278984
46.06847230863241
77.1292971004367
87.17791876483852
97.25946456477595
-17.527208581111154
75.45110872437226
142.86831377843419
105.76555801048562
84.4451718880664
-52.4396011041581
160.2293079790079
128.75129189753966
20.69125887587234
8.206310520917285
35.44235295916924
143.75486138781662
66.37827016453235
229.95155897342602
24.40051999895711
-253.87566538439478
17.77149324727253
42.014814005362496
-58.01581754624125
44.412012095401224
6.982877937015928
110.75020399012192
37.15010148497595
65.02368677500863
102.40896038809797
-36.54849968133067
33.779924600319546
-50.03571042077874
62.58679079579335
-302.1833848719116
196.59862444149167
0.5823674715879241
32.58779639085611
1.4577790805606128
12.306563422821872
73.53524409629887
48.147583045566535
69.4616946691549
25.490703556780463
-44.72314757635377
140.47375436104903
-413.50934820636485
14.911396596402483
24.7065323915364
27.397199509605343
63.53035680139267
-83.98031510999317
-0.36211729052343716
41.21494127739652
-51.87428322372755
124.51379192040304
5.768448340523587
44.668477449253636
-250.40310449209113
-27.88255433758645
-163.03385943485182
15.88873752730314
35.01892853953325
-148.07367113945656
66.7113820261863
143.29235260949736
-2.458516715550695
136.2093648010009
-43.18278921834682
-4.8411834538853356
1.5811572219701304
47.78894747469835
98.84266347831169
30.718815119561896
79.8481644966273
90.18754467703718
12.815220205156947
51.12938125262525
16.01644431676052
4.034000076428176
38.0164563779349
-0.8300793632438399
69.04803823479938
1.0413869154494846
16.958661980144896
29.856900651897934
53.5871283946571
-1.9260359332255201
51.98314030514939
127.7949209705962
24.495367812151674
14.772341115567052
59.38285274102691
24.239887513280003
6.252250025187692
40.98026708486623
-62.22482169421755
0.039546398294292934
21.678381186240518
37.424153085000384
206.17356111480558
62.893722562924495
-13.94826857518432
5.419491027108529
0.1779106074612333
236.32471337938387
8.415890938424127
0.06865028513493598
51.99131716202373
20.701441682070737
0.9261489480741147
14.507797484530784
-180.3323150598353
66.3086896261002
69.90530880758797
-158.80023000240726
-135.58141128691113
67.29570255623412
-2.3402742932668232
21.45434248484611
25.128734999228527
28.720193086972152
-5.656827007778702
52.910532658308284
125.86562153953128
-27.691996099894823
68.08517087846667
-152.94435943444478
-1.533378965297743
-137.99138357312768
1.9227496260900807
0.10284353609972641
-13.071372303094904
81.03784528387223
93.285176312168
31.876859129417426
82.15075312723638
2.701493601470231
11.4276912465432
42.5377676347957
111.49987053203722
-41.91613855464584
-49.97719802941501
13.696449182272517
55.372042697403884
18.97033761102545
29.545423169733112
155.9304487385716
-45.81348076980706
226.16179749370212
114.89757889098064
10.51297753283294
-144.61815783049315
54.35393746732416
107.05856639798242
113.13568995243736
44.15166448981189
-20.53900534617651
94.52812003687086
19.1717693591874
95.97328770133913
-48.34629381146715
-26.58337549034104
-41.68189406702368
0.12505964611218856
80.04977232290673
25.713278603911775
-25.521067902380125
41.74796450639997
-86.09570841069217
26.83602787503719
22.880343712659396
44.03315093306748
-17.64037750834268
-69.45810628504643
-143.09394296444862
27.514729330754548
4.229382048534717
57.3122052003663
13.213448179073566
44.87277336704483
-73.71071326141464
-37.70057401777698
31.559539381505637
103.05311330571408
59.70983051329404
88.05833685991792
-132.652214488151
-8.988100023451137
-40.56959817615959
-192.7247756113702
41.82361378728274
-20.738254047386363
-22.56501343223772
318.99609588153726
344.1509967999232
5.5673824614013965
86.3388153314761
48.74388117983426
101.9492615965786
83.7660473971057
70.10242060937566
227.8535875180164
18.93966506623698
10.409387269565416
31.241774031417364
72.83545420844575
57.80320375358269
-30.64967024240367
-45.993715983609036
12.090538952967592
106.86349148293311
28.312784554989747
9.329919074805126
117.24054969368763
5.585882352636872
44.767143326284014
36.93005263382793
-6.981346802278495
6.0307138768312
-103.70197920250212
33.153096258376976
42.13565733176529
99.892010543776
31.741412859536865
-67.88607309077906
96.32979714834528
19.143389812334267
54.37394240744243
-55.07232607349124
84.17417982423757
19.235486030506564
-19.71391145087802
94.510564381113
-159.16153093286653
62.62493460102143
37.905558361913194
55.07898816244051
96.13094027023908
72.77176857541548
10.22009364446718
109.09664585145947
44.90699493137345
9.929095235402201
76.1412190426795
125.57329872601622
-260.84441418136475
129.12715481847795
23.684874550752262
-117.02927511853295
18.59034695642762
35.44040704244952
126.57816265978954
18.155871973900663
40.76767444856296
46.74349446025488
51.01086958672386
34.42851941063448
28.295372288860204
-67.26285947406723
64.79729511259869
81.43135211618198
84.65958758248416
165.70947978450704
85.58527635091713
45.57430272971902
52.06278168802646
-4.9838331922474595
9.036436818571003
-59.56711926202905
43.84556213856649
13.352676110487941
3.446004149599503
145.1440677177502
-16.08492189998333
-25.63734501559237
167.85996592560605
73.23012979096075
8.187992546978194
32.7718486749937
132.78693289804778
30.330334073118383
58.69029026232465
-171.31852928566195
-45.91372366389844
52.958934856899496
74.31623898047883
-9.432017678881445
-158.39349591003702
-37.13919847587158
8.585119411952974
86.59919821414604
-563.9224772555064
-36.94044523867933
-151.1290090952807
-179.13241682895432
42.473348352106996
129.3162507533284
-35.78837273652627
50.6199717459925
27.57894306863668
32.71207186093034
-118.1425296056882
240.03609018744464
-54.5272744008746
-76.70595643361139
156.12055580155516
-477.7710554572449
47.86157642844802
8.689971892719768
218.80548534073205
65.27387532807688
26.438933682727523
42.02644606172327
80.09107096729849
57.61292475987213
-211.26344622750003
68.82751452152615
-15.760894943554623
271.83976476014413
56.302667031794954
-208.26216301318982
12.027577267702327
8.712814700159697
-424.6950929026398
62.57647007691867
54.91378862591955
77.64902558654899
80.51519901581923
238.12205802617518
147.18888949513666
16.061645557615243
247.81096811845146
6.234655561733053
-49.58381824754542
50.723252062931806
6.22511034142012
106.34522144612993
-84.59339719812533
82.81326259457182
43.6104201360331
26.180904393311987
120.98752035565099
-17.771604705912523
119.48104527438045
57.23678377431315
6.717185154956273
89.47232563076068
27.51154804273301
57.337371128561045
-25.866452660788845
-31.9406429446807
10.945814188313989
-1.482051320112241
70.16957368607473
-111.18177504401729
-16.10576639700685
-26.45516106363118
68.01953370962514
-17.895155842159927
18.988458200111026
-138.48733792312214
21.432379840122167
-118.17648344553527
211.5675169979504
195.74929269656695
-166.2739908341664
-229.85530458958783
33.75341299527223
-15.292617410277328
94.3711707942698
67.64827087126287
40.56458519775246
-27.615869489416017
-6.586798716119509
140.7912166009678
-12.128602941317435
-162.1553722958397
-14.680412669206362
-10.622475542475769
11.556669157483338
99.65977621419688
73.73335399589587
111.21558023511125
19.059938920251653
109.44293332819234
47.880463560226076
74.87532130043496
90.63222156515644
99.45862139665678
107.58425570864154
82.58356097026027
-90.46955295053249
21.651210532135337
60.21730534570588
68.91903931813158
54.81384910043757
50.66052141885552
63.89299930186871
-26.465325221739477
31.579448787865374
34.19107832337917
70.31625776952683
66.59892233954974
68.24018255725133
45.489415569920084
-85.61444256358027
28.705493090205664
39.908767788623436
-5.883742661443193
-12.123916637042333
57.74041001507612
122.71106628146208
-341.4810372506754
125.86560717956854
42.93350908807588
110.4905804182298
-368.5554959044971
133.9045367471599
8.650519161440627
-124.56409255665494
27.55870304861992
67.54267682235786
110.8887862055359
18.571484789270784
45.547559886167164
52.19866452362794
72.43044101109535
71.33910240013438
-91.17814637269475
-60.95169064031052
54.67784863171755
2.2967375109412242
-7.185306789410846
39.804407145562784
-21.16596215712343
-24.235497844747442
41.329441835172595
-66.54575322212395
33.61377179507326
20.826232812085077
-13.197426025831604
-61.11718633852888
-243.47851545340473
-13.09773950255385
-529.6177952316425
67.76371334387068
46.206443881986274
32.85938329427063
6.2750566596099535
3.2615813632796744
0.07656980374180986
-24.04771728416017
-80.41304976473083
59.64841729080308
-64.51994461063896
61.089129420784644
-14.409557662512535
-176.08711390899407
51.80080851845677
10.72506023612667
149.11618517137344
135.247424980711
20.14776640185983
-3.0473719110955244
29.518553417954536
152.50278427212788
154.49084120420184
9.110811555720375
3.191599542106998
-45.394947171262686
-78.71926662996347
2.4075137924164665
118.87493131282827
-10.7426382777669
-2.92744581603181
-345.61652184163904
-16.6835714077764
-29.660835278207287
46.98488177916943
27.553393450270505
30.60529628810388
-177.63948458634604
-22.312428467394103
118.7778011594819
-45.5918316824265
-326.24250396495427
-150.28973924625916
2.348389140432751
16.795261567275865
60.30285639067603
43.927564052170354
-72.11336547790688
-21.627362937668448
-24.736109486177554
34.93378164650821
76.83398675953777
-327.9751194384835
81.89500038172787
-14.73780320785724
-4.840877297187784
23.95622602272101
180.7892941740729
37.286178808511394
75.09620036644435
175.97791313095195
148.58773187857514
91.71094439016497
61.76305323788512
3.2392710496354673
-177.95326605213268
-32.47283606938527
-38.47773361290956
9.103196242889545
31.823739945057433
5.170833382458625
8.106194685065626
-24.02377579656087
-35.91456279514932
40.27792215634286
70.56364076426962
46.560173005301124
11.257810139323283
-18.93826499008128
108.609108026576
75.450558040126
64.51912673815445
-53.51742456592319
158.46224329171173
51.17419169184757
51.20711760226516
141.76994182991075
-136.99603086874507
-88.86982136020333
34.62794594986683
35.56017401227637
-25.132245135753266
51.515141287482564
53.705439838477915
61.50390891702786
144.8490099470987
23.797246906218156
20.665116852974563
-1.324351350240704
-229.80128732587036
10.911540404718835
-26.360607230506332
54.54777651181667
104.88657097749592
31.57989359897715
126.97174277433442
-53.411117249389235
44.62824807148691
85.16756969727771
-5.076648967362172
-123.11137977815451
24.728340986897088
-137.34655641517438
50.05198289022006
-9.760030353202485
50.76496770345534
76.04895698872463
243.1239485111737
85.55994815593203
52.41261633595282
10.37097409226681
61.2236835844501
188.3234882648312
-59.13867044955617
72.93826417924538
211.83467288361317
10.164521190254852
152.63645589913358
3.159327270313952
-14.515682138433931
11.801738188397952
-5.379624790662092
77.78333541598582
68.93941514906925
-36.71184298930103
99.23265409125565
226.6552181719744
233.0366034172921
-312.25982634628286
-107.41087145655183
310.10278134723103
22.839503794167744
40.01419538651184
36.64308324718314
-92.35042126876942
39.77801510502413
12.273573324098834
43.8989960941262
219.87089603997993
-22.137230022751737
37.79370995336627
21.560734926815712
-132.89124825431372
110.82264921664114
117.47791071699339
2.931024072553555
168.67539723998902
17.419357846302177
3.673160284068217
-18.771790317929213
-48.33871561390362
54.21891710504417
56.71273739681419
34.86257169092619
-17.064493915836213
72.64509936569493
122.26077549157344
-11.492428995559749
-9.939238807822676
-1.6794105817649787
23.837044492260702
12.17625162432207
25.82566665643934
-13.957690511085218
12.950871351355232
-18.22610678871736
126.96139949260942
66.64465445008005
28.80738799562073
-9.872969358639182
42.9830001077263
64.34910663378491
11.499348484850948
42.89015162006035
328.77241914440765
-106.37105950131081
70.83761625181978
-9.869915614113406
-477.1093400675727
-132.39839804203405
36.79251450426773
2.5393347534162274
-7.270795211736686
-73.76266814947667
83.7663934890802
181.77931731462127
-136.04128727012207
2.6894209066811072
31.96568163190932
33.245360194098794
16.408937800745335
135.90219135824964
-200.26477870000144
32.39530498701288
34.50461554610661
-147.36023267027804
97.80607712640153
64.41949064511974
37.836977300319035
-1.807085234561341
64.6095401161374
-139.15635526449614
-37.12944820593181
-45.900780263049455
81.24950590846674
46.959928489143294
-8.431828903917449
-20.9525525153158
49.21267456677627
9.661670680534144
82.33199266498184
32.06628282866495
138.73918966170004
41.04676182479679
114.21660382525715
79.3824455115467
48.019020977145544
45.71854918687495
54.15345096374858
-34.86235905622016
105.78806461443696
31.21075364243971
10.228427865903999
-15.75153899018369
105.85830512331813
-64.43101557815226
91.45906287056687
31.626339791808633
54.30687530403566
54.1553494475624
53.86922547168888
29.03469400191716
34.33319865939848
-22.856018190074877
-30.81872793628105
-125.22923243344485
-21.911004076409895
60.1832823097611
-51.85338462305117
101.41799546608286
149.4294009292537
33.73786347112446
-65.83560373713135
9.263699588128876
71.7930600403406
-1127.9148302861777
57.683640966127314
41.12116735990313
-50.08583870304418
-2.5380653928486936
-247.25422691386484
134.20950969068872
-160.12940848305425
-131.59117321624717
-3.6032186062901492
62.25613193066101
4.804913985213492
134.1776312434613
133.0217507783468
30.39539697013671
1.6724452482199865
122.65578651424221
124.85479844284578
152.09815586619834
99.99774337003396
70.10176143820696
9.696358223655064
37.51040747437446
67.08796617826948
37.241878503306424
68.74657011717068
29.621875895937848
34.90241478484774
95.78831872432738
161.00309565550288
240.04434898013915
155.53647653388634
63.06737482187782
118.29876998635973
73.26522845748696
18.874530778145218
77.70208479146731
-303.34621948977565
60.56768418263255
87.21612785634557
-15.54236873755849
67.34927377681615
144.93539043544433
49.586044648391635
-191.84077440320016
56.95023814853255
61.179760046228694
-4.008158493038361
-137.77714093754093
-63.87448471443531
-156.58855281680644
82.84471454188724
176.04094268278004
57.2735708807262
17.69301459444844
-10.3807123807159
57.985360389616766
29.021360383828863
82.95520710048663
-55.01059156449355
4.395245780458481
-31.81923363480564
29.09280711703463
47.78437808769178
33.59133135548505
-12.052560422265664
11.030460341574326
195.1172400397818
63.96154455546721
7.310995658163977
95.92423249561415
-8.631719312058863
2.9580994692742077
-150.58751416627274
-25.46817243964506
-112.6451550394082
18.206450955878154
-128.15191273403934
13.631447379351565
71.50700018672512
181.1982076370582
20.982397522741252
85.23951678879068
100.48485879977318
98.45458072645954
-36.639680429436396
167.64121720078765
92.787332653629
-121.21717803065422
-7.78209355188028
67.97151585561278
-105.12602258986317
148.0765470774736
89.24861383426003
-78.70458990370298
26.147599487840957
-45.71451099055457
74.04526943112248
149.8872508669565
36.07874629255439
163.38893276738509
6.493700885473913
49.74594791358777
97.8698383217361
2.4763202323265077
79.87255833353129
107.57534601735642
76.20915776457969
-13.833167054664045
-299.1489815482255
-167.52432159679938
43.008448215043245
62.598113448610675
36.191770198291685
42.444631599853125
55.84243049976626
2.0107416099740902
69.52740381047442
2.853940686757083
3.3576464185422963
19.578414216649932
-53.33212121103588
11.232047486244028
-38.66151026300092
72.7498425468724
8.256235802420463
-101.06093345147428
-89.9907014759342
72.92375535342399
-1.4139692770659167
-3.240007389397323
76.10858055930385
56.543717439305965
-37.776895619191095
-82.28570407368099
16.742600174719165
119.09014632847766
34.220482612279284
-48.114005652581284
-174.1820659178493
12.959791970380014
151.0660238430628
6.8819999269672945
11.138787345546007
65.33576465667602
332.5312953062112
148.36559056470242
150.12686951733122
34.553390728099956
45.60492441273868
23.71074391652639
-133.636931085779
-122.56554757374033
138.46074846322972
5.301256606812785
-43.936005116964225
75.60512076232885
59.24123040732138
49.977435356800015
18.61146018549891
30.2529453385963
-14.03370823624499
33.57488320907032
-200.9329396475796
78.85166337501278
22.97495034132353
36.28586163201351
127.0763890878543
99.29381469658665
20.77487893507839
-27.726712853338995
86.32176702263556
-20.858290869616315
23.12464696757752
66.16264063741988
47.376013742814166
-88.5975973710634
-118.76398107074192
38.723164782994786
-22.839402418125076
-122.74121166068244
48.75133365923489
148.11260717758887
33.753954243288575
27.96033427909866
36.84294339604028
-188.86769252979138
100.20112052456352
-169.11380346689975
40.348692067081174
-8.564007811638012
55.81108193150703
18.613016937267773
-94.94105563278117
-173.6022178324465
-84.71924860423763
47.618231281159815
61.52718700795293
8.806559402627954
94.08414230218068
-7.977066421888182
7.458043242033925
-5.679269771947519
114.06827859152827
-2.285712219781999
19.172615327537642
8.391461687583089
19.539730362616396
-155.0058713302301
44.27141799762467
36.0382660487021
-18.65535355124173
1.4381003238752639
12.523491107361224
24.706126038272092
-46.368633252412195
18.124308902308734
45.065214085014645
9.070692312936291
32.06347404268429
4.667368260516469
74.1169158624657
5.739512845649471
35.16910464905368
38.49264110304421
-66.52092881070075
-9.28258887527023
140.95594962577707
89.88196804597283
18.555655902756424
-59.47625944215588
28.396563780148107
23.158375661177615
46.866214997870884
-61.82357890367075
37.40064502160419
141.44841677831573
40.62871931451127
129.28547302788047
183.35481214383276
-70.2949815534621
29.297949197125497
16.884911517146634
12.755412896878395
-39.0813910000461
-121.37097005199394
-74.23101307784509
-210.2213547629417
20.33070195736309
-0.2954088984205735
-29.7714846383069
165.96464121603958
104.61146432227946
122.31703370413834
22.613066335581138
74.51183054410266
80.17403374953687
114.52095964679211
133.79227724718385
131.8540626585018
-190.17478060726262
-118.7148231356341
81.69480710257767
3.3076096282320266
-56.92612637570056
28.307709317314874
-50.64899313085829
-13.130848917189041
34.79207466448887
-21.45514061376874
158.54691738015845
9.922512936071598
-25.2421004235696
46.43090724682588
21.446477487059756
61.69931398481822
-80.83596725058987
-77.6018382712814
-102.36467897305874
35.108503858916265
-106.52238006780408
17.77246658838078
89.36835292458318
36.69501382690108
181.85916267691118
-61.11459514065799
-29.767395517441486
29.146292478474468
110.22414578555527
45.22860754159107
-92.40183485366015
-688.7633285011026
184.54811935987118
123.84490653204011
-48.84354712925484
36.83363463709861
-64.76783816372415
70.57851204679515
-15.35179086786075
-14.603446750933484
-6.88268317919983
133.3644393536497
-287.268932129964
120.94373497298943
-3.9989324384282554
-122.00711979809239
197.70700519907814
-64.99046639265043
-19.219843360302548
16.622824505966037
-1.3019009639915287
15.00889803311614
-44.54591307670064
98.31384645275011
30.169832270663555
172.25757125695804
-133.94589564937905
4.229876553532904
86.3708472292173
-258.82442018691233
75.73605024878543
108.10268190845841
128.55902177329244
-3.86554754712688
279.66022165599816
8.851561998197667
82.82091460150627
87.98138208668348
300.60025259240956
22.179432444475545
58.0368072528463
5.8496060994781836
19.808179170121388
125.90376043101878
85.59145504350465
-173.23200986977736
74.6412932656558
-26.00480502123495
-98.74799241762184
105.86412117557302
103.27647606028722
217.99489523979628
-138.50435037511124
94.909152605087
-25.23279020465475
244.16021685695432
47.233875211579175
-111.55125122096206
-299.11689758302145
-51.476834003129625
-112.38014362054305
31.021151817474674
17.52707645982284
-21.30492759421395
451.4723527679639
44.919074322076256
119.59370135963468
170.5026854648229
-61.160175012385025
43.566663128350115
-38.711806927107446
-75.29433490164985
5.586042036337432
-40.151483415089785
14.37553475496484
34.52935923791301
19.77425616117981
-4.089006498545027
22.891003047416852
25.848633890012128
-49.475515265087324
-6.47583398904932
11.758813635057322
113.75783295034091
48.93111657786971
29.278763247662038
15.821512326777514
-189.6891943953242
-117.5490079740648
-11.497524908866742
35.41377996831443
139.57328047613328
-86.09645086050477
32.2097976922563
-5.646480641484055
25.535507660350518
41.735013382612124
-85.80948825737778
-346.3005516698504
102.53200119565099
-22.771888637557367
35.09981028319089
168.54665798061137
-110.39133234625297
41.55771023979532
25.247293339300548
21.536045426519195
102.22174563782801
38.323006046276504
100.87498274503264
-26.83224804620113
124.94256507619548
134.6107248208882
79.10727350006607
67.32313438491474
125.52095019929902
41.75289354115431
63.83546453371895
72.88243458737611
82.05205352521386
61.19079972181255
32.44794443792108
-47.62175663237622
-44.5799989392797
-51.92313216179173
-28.26113407046453
-75.79854451236997
-12.493022349151943
10.452817105915074
27.94119364342504
-113.53520438789656
-140.55456742108163
-148.48372339217713
76.15857023850174
-204.2311814448194
112.68230744365178
206.40069747464804
-56.30607260979059
103.79952820430708
57.53210528356548
48.0951392301165
26.172618310819942
68.61204006070889
23.935933644290056
-14.904725145971497
-129.32407424838448
75.14532841298569
-4.438153451507787
32.85881642821848
72.81271534250334
119.39667721045817
1.7769986374328928
55.163813920293705
-0.8206867562457165
-144.8012210784882
123.16032542110656
146.95493274820547
31.626305521763243
-221.2626882426348
1.903208573825681
24.62457911956335
17.946451100162143
2.7138967138379058
65.81118694024099
4.558480695376616
128.58191075003788
94.9985865141598
28.892290045489542
22.074158371306726
38.73552762976033
-44.123863280914065
-116.34086337006875
-68.58058660076676
85.84207808685414
36.99728878016094
55.210712893039386
27.342361891842334
-189.04393194512522
75.49991645007094
70.42812748413917
67.05552754351754
64.49043020267982
14.600714484743587
40.74777919673037
18.546899554047616
-162.6384478020541
182.03276267656747
-43.80061298473329
-113.61924668040592
-24.196059947929825
-33.08922844449358
12.424325551606216
-12.633330743735236
74.94458554272933
96.8721811439782
32.52578952741169
-87.71911090554113
14.909322454975786
-79.54998020208404
31.15223169334604
105.09225548019276
129.30711944626592
112.69987017827407
-59.01154862229032
21.373967472983377
127.96804180393997
35.35319411746241
-23.572206858526645
224.2626090331005
6.2170474449876565
129.9890346123908
76.20141122383211
-17.293729965567174
33.609646153115136
5.23541905836739
69.76932884456119
-18.301353126902548
-321.7123587828073
-97.5456845046863
13.168319544629746
-84.75852735589069
-12.347062216568702
-173.91432047420273
131.0735818252357
142.01207466938945
48.68133430728537
41.517475662750144
-27.596279337285697
136.9915078163317
-26.16675749218757
-66.19333636834563
-145.86523112166014
69.50527486556666
46.24617230147169
17.20629101988743
-0.10238585185369309
74.3548887278771
-9.95756520861596
9.759974115816535
-95.96426297338985
-35.04542139598687
38.14049145198576
85.58057920780766
128.48875927985182
36.832756130289454
10.703382375139212
-113.73834967463426
-9.429114543782816
53.296540925821674
74.67060174553023
8.660800534756099
49.16434062562128
30.02680873403102
-82.22393537929565
-42.42239385590801
39.955322771280294
61.66938204027224
23.359193733824668
-122.07262320776954
-14.052241100226494
-32.811188293405394
164.0455541918227
-71.35133912579386
-45.76866356294258
-396.86226441365943
29.817759951723342
-3.035158638378107
-9.641456169090898
-27.87242950871933
-54.94290053480108
99.98835156001905
116.91924589821247
66.82832911837613
100.7295143208994
87.2938667087833
-10.003273469591392
57.05820838971681
67.32711168484639
4.696985913783405
155.49432741938926
-201.94510247282324
78.09473861851438
25.018839091319027
-39.59232070229518
-143.88041738732227
-78.87950465627182
26.991646845880073
-0.6898842017521929
29.633403933753804
80.49025212670608
82.21742187189147
-5.870889721702099
37.61083266935383
-53.7162913468763
9.93404486974644
-106.22459429995524
-32.645824498689
135.76823218735353
117.33999766173861
41.361592307056526
16.763040836833625
-40.68797654964102
59.60024448605478
52.214176061239534
35.693237558837424
-82.54365479381613
130.77176720479565
31.67150539246831
22.775663742313558
18.424660867376588
104.89195694262298
-113.24479998612242
14.04116024685907
25.54915525174483
-51.245524008802704
37.04653730079687
63.31090732811708
21.69180319015857
16.56926972075354
51.33836963300949
81.47188188231712
-18.0662017173845
132.08197999579124
110.23292527239528
2.459684360130257
71.951346188657
34.04436092176509
34.756785620851076
23.331621399760685
111.95819327285642
81.453588973004
-13.271417265048967
75.41441521843717
13.333524552667658
15.79346233271918
118.50625105362406
66.16627342969704
82.99589704077182
-122.76922428546345
-4.181356584357279
36.78657316155062
-19.278618135655552
211.60884369107043
-89.81332797963672
79.62643349819652
192.6171548240709
-2.910065139713453
34.10265747888379
47.10667638076234
24.35760063032103
2.4314383453192576
-355.3682862014598
29.00240187733987
50.16421584582102
44.02813051186595
72.2687288955621
-321.50993309476326
69.87052302349116
-3.980829797953106
112.80515214210754
-137.3094992398228
39.12808040424451
-5.964043223508737
-46.90676212648228
21.047538893362102
62.36004800400519
-13.27088110642353
9.37188382486993
80.54043937148526
-64.84616149699286
152.35996607125617
54.26409808453673
87.84035734086387
47.11087994366278
60.18900534911637
84.02943767264435
39.00322543048691
-36.17867182573491
52.78524330630694
-199.0071039352042
-148.6886556608688
-53.7815797477906
160.91901177545788
59.623210386802384
62.71805968318233
82.77436484469155
21.125862461158704
-7.841473865055377
19.685661281539275
11.078727727497508
235.13529297125592
84.97359348443297
203.27793999795017
-79.93312941241675
6.651332794531996
8.868549486130052
-74.36669595203372
21.188335338095364
19.056742111468672
27.464512561391356
-138.90177950718953
75.00490585541047
-173.57653578463442
83.60213009581639
54.38960500938265
102.08445388622249
52.62031383110843
28.93780734409944
15.59881421965656
115.20689420203098
74.29642387611455
59.93150275843959
20.154597771748183
37.632844645270325
81.97762880284563
0.9509480099227232
37.563027790076575
69.47883444932359
177.70993520817
11.61427337006046
-27.00735116950318
43.36816589579212
101.13647757183628
114.28885563204403
137.47615312781045
106.10824933469485
33.8906708162167
-121.27579484124544
-25.141492654712238
30.1289088825768
141.13684015340368
169.58261572268566
112.19558426424919
92.406680857129
57.07373067935532
36.813140745803594
19.290996560134232
15.71698174458054
38.70379471723072
199.40150160114217
126.36043266919569
56.84881337586802
50.322148410920704
45.602870604529926
150.13780699582935
31.83200236173616
44.359917638088405
-30.468616970754738
67.17521638216431
308.38625073197636
27.346506547056435
100.92361803886479
51.82211240330595
62.52894802278024
-0.07019970817577814
21.3752973885364
-12.416151582735438
90.01662294846233
193.98802615124578
35.83016736816354
37.717230719148915
-39.81628906891095
24.49848319193029
-172.15915575961117
15.390046308767978
25.60398440412349
-1.4837666059925265
96.70962619231423
72.05841061064302
12.432289929058665
20.55430469708608
23.53075821793759
39.144907243676116
7.318503374823808
25.829124221378457
6.972273852350126
103.96686381063637
55.49219845578773
-34.77086857645827
-99.16780861583266
153.0674405240602
-1186.6813587874346
82.00228284311652
89.81583589755189
31.110130491756536
61.40186347781264
6.925083791915739
-0.6074439807267566
81.855934719206
125.72206866267811
9.029137420333427
56.52418773102616
76.68524774939635
40.82041118839649
33.49111445358642
1.0945099113579317
26.15516353513285
41.939198633521755
75.09428527249497
-26.28201782216948
-22.40441235001272
150.66145272912945
54.26630204161859
154.45324839463
131.39390824382076
89.71241257096813
67.78405280053734
114.94884086769025
42.70619425691618
19.78906612989067
50.787324696079736
97.79064634072029
124.76010264633055
-1.8467968288067635
20.942747703706118
97.99637761152417
52.35399031035712
35.39681643904203
28.32514175342544
-13.459048729856022
-120.43193023130334
80.02842653137122
53.30446213944324
-633.8370431693014
210.510566991421
34.83491918214487
134.76865112294217
13.137394313625538
52.861751442495915
-148.07654359853996
72.49223693662657
-172.6102290019212
-64.99886706488269
9.975668339058306
-101.25864192576682
13.594168813520335
18.08280936965741
22.31303886686942
12.783194304945308
-15.222073207904714
-84.82224190253874
-12.986587953233855
-3.0195639897629576
21.127844746758093
11.057266933592018
80.80439844996943
-35.94732940673974
49.30849593400838
-12.755750923926373
24.55026045501836
40.064249423918476
32.57794059333826
-74.343736295903
57.40276712781697
41.55335469396903
189.96925258751844
-9.632616061874543
50.5047781101448
57.74040134229841
-42.76915436306109
31.16809190772019
-6.733826455300541
149.31121881582635
-182.77415683960953
24.36800810845503
-87.34918862104223
108.52257163434274
92.41199226573235
-90.05921970324334
-324.47171036725285
56.439412373750706
1.9282611066101127
22.087802552104627
34.552412633039694
89.70024571992838
78.54049981354001
72.07088609929224
16.48185048398677
24.78088198145508
-51.32632283822295
43.417931417090585
36.97391329788661
-153.3382202218636
135.3100892689008
-216.52872206652864
-4.378035218298655
68.74972517371506
6.650203521747244
-45.06524029042838
23.27861632425633
-179.29990335013008
-147.63041671094243
-186.1947845649447
186.1773291674981
11.744883525283825
34.545937990842965
10.923940694177285
48.14904408340516
-162.30788384104562
-6.862659110686124
-43.934457841802214
134.27408630175023
203.65920919170685
32.48985780656915
-92.7579950625477
78.95810070530956
-5.680851592848882
-35.15792190042839
-37.993629637315436
-5.6717025187084165
-249.71521568688422
-26.450277842822953
-263.2032520843998
127.62505439183906
18.937489344306513
46.78946050355163
172.0691464013271
-52.31432336361877
68.21809665380307
5.658697735064379
56.449984937968
6.07785239665891
12.274771694164428
26.394756758732406
238.32333297674631
-1.0197361937383744
37.140680790747986
119.58622075754101
-24.688430271835667
87.70747110804405
116.99009516873184
37.27458732338627
87.24016826488719
101.9157638593125
70.65046868529635
-253.0783231215346
109.70634504221778
43.7998321163042
175.02590851697823
20.0488777662021
37.84443928068504
-547.3313897160369
-311.0161146875198
-212.42058416592045
28.71110965581291
-6.397353077809649
-101.57038973553654
-43.077955102417945
17.187733835624588
67.85233469263284
78.14542072496579
81.91097826980513
-65.43156828116571
-17.513348939643947
177.94676700433092
192.9141295709578
23.032250281817227
-118.67634544954944
50.426594008123175
22.586358786264555
25.59327615364942
122.1509648693218
-3.833734932863056
-5.178364751321624
-10.887015511169992
-42.91046920732788
-1025.2083042343413
92.3039008427379
21.410889594912952
64.84224802892874
166.2667892633567
40.428324896405265
99.4231150442788
-1.4154985806770504
68.6685812675696
-29.68308364819768
60.661221432865716
42.778202196098846
40.05158404720987
-437.36491219488653
47.41520717064486
145.17107198082567
25.574558107248965
60.757003998815435
25.382387723433112
144.18688342985342
25.759511255296957
11.412299585095298
116.3947879475586
31.34277494204665
-36.42856046619424
9.41090924475444
-97.85823159674737
38.309122626768044
129.44376664376068
-619.2795829245297
66.2486460522307
33.06689154088696
82.59025938676206
42.55417708445657
-29.699420420723982
50.12629604734707
-31.30118319371377
7.347509504667869
-22.75158752025618
29.790948131563255
6.5977139906021876
36.04101063663521
69.14036298143719
5.815122400905807
-319.203748972448
38.225125073883575
-1.8877483795649823
33.21326252462002
4.296053468096974
25.493893284682237
24.89026212277818
-201.51642811620695
31.12586258346401
55.24451700187319
3.381318398472981
75.70241763849504
56.2232026111983
21.83259339940423
-194.42218608294297
83.17556861440539
-20.309078347159357
6.812119907245933
20.79618473814162
37.368870379920644
106.45643391389785
52.00751083173356
14.227195503816489
-13.19243694129159
22.264043407429803
65.62109599982887
-23.38086374712072
-98.77025639879957
95.3933148452943
12.213062249144059
94.84372380879631
-320.9702510920124
65.21438905203092
36.27716146260491
-191.81214770100996
80.74566158238076
49.11506634398864
-64.70298838368353
-19.298434918144267
30.50960106652292
54.875920835776924
-10.019878965639457
65.41138822667983
-31.94226141885766
34.414961151682334
120.81194647985376
100.12791943907587
-48.65987080599825
112.23877749715484
-308.0471811173629
-299.59021430369376
5.9164921770304675
25.811364729304614
84.13270660105582
27.39950210343511
-15.612207889895217
130.85188755795434
5.237751243374078
110.41336377506741
88.93119273534319
16.715355117720726
-179.7494450280501
121.92988477455458
60.7300718980776
72.94370725202134
28.855830518540472
-19.61935972021456
84.84943341566782
-3.9159029324403605
54.69736013095965
-7.41617681393884
92.17530849862715
17.80803588280928
3.6228137583191575
81.0911607539631
-141.73009352697406
159.8557386627117
67.4289721384398
18.144582429332687
171.0504346333655
-3.9717593187330067
34.242046507407366
38.700866298675365
70.30306834945964
30.289347566733255
13.09171340511482
-13.358401370550574
143.94440265456706
83.530657632562
52.50619853486144
48.989991170520625
103.29191047302652
13.922486298376498
18.899950442738252
130.60687765342254
47.64259309113286
6.24014464762206
84.02247016043066
-6.529434345392474
12.651029836620284
11.05070565043934
1.782841547816247
-97.4393784949225
-31.89764682591067
71.04872888572254
66.06525825038335
35.90636063749548
23.491304409791837
37.417038245606044
-37.66873426481652
30.437882740614896
136.4525038021634
-6.972621349155984
2.4640563112538985
-155.90529463929033
126.95353255258124
53.29813696814438
-2.867515371590812
62.97854357104151
65.70433651088388
143.4987514358486
10.601304360623999
-51.98374240855037
60.180429796157476
-3.162031372801607
5.024435539257703
45.20379134291761
-38.350349171582984
7.972082712041507
42.065950191517004
185.4789541631617
-1.96267326109583
-42.85094900898984
23.67290015867463
-105.95805821589511
-77.1347585065155
-76.38794602661073
-114.57078589875346
148.35160103329827
-50.63409633813694
106.88987529262613
4.877403234897122
-587.1799392432924
22.45118316898794
-38.87155818594192
-25.274837690816675
103.77758072090137
33.14691525675614
15.530972593490787
232.83147671502138
139.11761377106495
131.88554334541413
13.245958954267827
46.9432927606521
183.05229893158867
-13.88490295168726
79.73193536376778
-55.331729772857216
-99.38844875108771
35.24589942022007
91.13241350605526
48.328549535704184
69.09747500673211
19.915426456121978
-17.533004549404723
-3.1240571864819175
143.06473869813726
41.323761995888844
83.35564743379905
-231.60990857519118
-12.975072852154316
27.587788275703275
19.011344108021326
30.03984839877136
-78.08325349612541
41.206350231484315
27.535040637127963
-105.09053531170775
12.318501246707527
17.974442419900583
-179.41847762049247
-138.25310953470125
-0.11682531651520812
63.39100444339101
37.755760438420424
43.9962695020239
102.52910441229801
55.67955029146273
96.13586473563464
147.3601963894962
20.594145720510486
14.864348133572705
25.07836127414091
124.92002159138792
-14.839573982234013
27.657341409354437
83.86785640959607
21.03152693034683
50.09954958264643
-39.161298365901985
40.3735305337106
2.910292086198581
5.358423036099798
29.96111391349495
69.72716324987412
280.83538163864023
66.32743386064772
-77.84292062125951
42.59038846702248
-19.26477908354491
7.884649914589026
49.65663010488362
103.67556365317228
50.15956854839663
-0.7742757320823586
12.909001814672447
291.80388191716656
120.62565273858979
-14.902599086763779
-19.808984727478673
0.6759695955099428
132.582611216558
7.623318526648745
52.36605256942556
-237.23810404208052
28.29107787019987
-44.219490247239264
86.55044730386896
146.27079050093334
19.082267221275572
101.12707198354781
-23.93517563610544
33.94994414851374
-1207.5289371585168
34.963635622599895
-280.6925932846625
17.121544965016295
126.93788826638479
0.9072931593345857
-16.22212238239115
145.3745766473503
79.17923498617643
156.73641933387535
168.29669652977054
27.44611227392883
-106.16533923720635
101.35280666759218
58.130245655134786
22.3197753105714
-15.568713861638656
93.5478042055156
129.79806575535758
-24.97739976003332
77.48789993820219
57.14704870918604
-35.51828432158473
23.24486910066949
77.22511602733903
-73.89046496628907
52.41577088535399
21.89289656421256
2.3271567221486293
-62.45299983695395
17.8063548216935
-39.372359576374954
-5.5885736014543
-19.373821120178036
-2.0223136449954526
-90.4811009270361
93.3935551749264
-160.49936028957836
-84.78334141472033
80.33138117835097
78.48642791644761
25.997981264524697
-33.35171270670853
67.38732653886882
-151.25313137802186
24.577309135040608
-96.35129533315649
27.301220547192017
46.0024872017741
103.39099940562937
34.967460578302536
30.840783518808053
-133.95751390338546
-75.16322526971453
-14.68208190476801
11.673383288433868
-101.09895909123452
26.909304672632523
-254.95486021072233
32.69342454050202
112.68621987749975
166.19273453106962
104.25319342807416
-144.03303254151433
-0.1359146073023112
-169.3502625576364
50.91726180890413
61.41247235822766
-150.49510409302533
25.419448677014998
4.912462363787199
27.82567634223051
52.87709700164776
34.46482873989701
-803.1058179931199
62.02225555237385
-53.132489636210266
257.9723989861477
31.891271740738716
195.2644495866616
34.515199550814145
51.02325035082208
44.631689899603316
84.3882583079735
-11.672649853822577
47.25948932201061
107.3491471393927
4.709619517042309
85.0579013505104
55.64850357539171
-1.371967213619467
-48.87410617523693
44.50880393954567
30.90118007650034
114.94229195545131
-103.08343205864185
-98.7278331191452
262.95137715972896
-1.2703617554545872
-2.846309466870025
58.832107372544975
85.40240345655798
20.6171108620033
55.1909043530794
5.912866807928701
-65.14420092698398
23.833835729347015
20.118991865061613
-111.64152262207972
82.76194234747663
30.303046265544253
-122.53567082539439
-11.417462173828868
27.848624991009103
-21.833858633668115
-7.00138467121147
-76.4995920340989
187.93539849249964
-34.71676966128143
-11.622633040119126
46.718349014580554
14.740525278647295
-74.27646523434615
-91.16553290302409
33.79245946308923
22.184668673331025
27.53052592468339
-25.943575414430523
37.26689726102131
-41.61267799411962
185.82613062916857
-94.858678077906
9.395626263546546
5.7395505756176135
51.009305432511184
-106.59474614828378
146.1421331954698
-64.66570244051854
-4.220865885148093
13.911057156120535
-7.376086331618353
34.86366614017658
43.27607935876365
35.043185502033765
40.199736093934455
57.694908450511925
-67.18004304336046
59.26334016898628
44.06998345461841
41.47488112833983
272.33087242589954
73.44614709444159
49.99100369135385
102.70361872531657
13.737165468612782
280.1576211154879
176.98368245193865
50.94507988127975
-12.13473995852064
72.03321411425412
-476.10049807651376
136.97668739909204
33.16261580923529
62.805230559552406
28.804981519614216
22.04017666222154
-9.241880071808437
-18.585377926363435
110.59932873794787
-56.44672796275974
11.261222054714587
68.49558527556519
-91.19653029654
46.123102733480664
31.33012387660126
12.035748633017324
56.76892403985835
83.76698103648528
0.6125557905078267
13.260193580816798
0.6245692456000995
17.83761835766336
-94.9367552577487
-95.60218150944333
79.91277499803323
59.413743308915386
-9.19223588983716
36.27841588185175
40.06036369877717
39.02046085287828
96.31369900653635
-156.50375331128907
86.41371668448733
84.54834252709873
11.086749574881878
61.96400875748441
-30.11282640465288
100.70494397425477
37.27664302778726
-9.244507419551155
40.408149501377096
66.87189376544711
37.76252538654527
8.729705630211127
209.45862582357404
-99.64179763024083
47.1460325747689
1.2726460294834396
6.441728086242514
74.3312415223304
14.948672629461734
-218.2463303316258
237.973801384941
-7.07158169642474
53.47288795830232
158.0052606798845
16.88326700376288
15.100883647826777
138.30938047356813
12.689613928416826
62.82592527553709
-10.796790050875245
60.51956091897125
-241.46818939697278
-30.135792105462823
171.24301094318753
8.364664918156178
79.15018437634208
280.1798935051238
-54.075207363815025
42.081843389749906
-60.60081392972006
0.2218300056645624
101.64330732769793
18.15398227493191
-414.0658812364345
108.9801772776483
49.57506150730478
-49.721492315473824
-110.20622542251931
176.40475102988103
-36.322177507731794
171.27922111681573
36.6360063270381
-22.095671483561404
-132.8664360947132
-8.557275708854661
180.85686093551863
24.88062733695144
3.763060704813248
-13.905999656149731
-430.32119727244753
10.015005979866785
20.791431990370484
40.03752940778381
22.339689997408062
33.13836987382854
14.659088412697201
103.3828175042994
-3.9105187150152005
-11.721390727865483
-147.32979011756333
-31.325502634842444
54.594626818948825
20.084470761270477
146.668313459935
15.131954267571587
55.88886376545008
36.760745887829216
-12.390436659321075
-100.27580053880592
-0.8826174927674515
114.7038469098211
-38.20564359009495
47.77147161000432
-27.867724531462954
68.25285391961906
56.57879146301616
96.78429109194894
-0.5896292311144862
20.366281768519226
32.99798218694382
-28.936342816429423
28.4326319204919
78.13074702810718
-265.52384692609013
31.812062603352686
41.39996687746395
53.63091171687202
117.03550591728731
11.456628569831082
41.91990444150497
88.82106862219476
-8.391485509294853
72.76305327852003
-7.83275090012817
-25.294996358185927
-5.267392776082488
-9.744099884055643
32.38282447401305
82.26527822169828
-33.05643677593884
69.08464431518632
102.23992311658367
109.39669431298489
220.76955827976826
14.381983264282528
1.7610413139748147
5.796485206639545
-52.091146341919284
27.66280602206202
44.241705124625696
80.00959669609398
140.4511768055345
91.7999699447019
-520.4853849762849
55.29490351484742
108.78234198189853
64.47900205144015
133.44485348352168
141.6965245611177
61.76510277901049
-89.65649426773871
76.16567005732696
34.54309742173018
71.26624367974333
127.75151374202369
21.069455487670382
5.510202185527074
87.90693573940462
26.16872379507108
-69.13806720301363
3.6074230714208437
24.882368578906867
91.7671762881364
59.120408051223194
68.35792611786496
104.5898898789012
-30.004444974963008
-29.14925030422046
19.06402522374009
38.913765448921595
37.24134876488779
161.17093146594289
164.04602494096707
-682.4305383914034
-16.80663212130507
52.63265407812651
19.198214484225446
-68.44352935880988
195.17023318651036
-37.39357697163359
83.38770897711288
15.459813976952319
13.553599244093675
89.33509618945754
8.267197604865665
35.352317347890676
16.133976884111945
129.53702684051837
54.731182267617676
-35.420967969964295
-23.63286189395731
-90.8384002685184
144.73394018963882
123.01159012795415
32.94071663491341
96.77905797345284
-1.5063876503027132
-19.198322367149558
10.287975041495919
73.3983623907477
104.94252846504446
122.74867751499187
8.215638742302417
142.2141111244323
53.50736278101499
133.92433422615318
32.48899134186661
-127.81698720934764
165.3612005505547
43.66774990932407
13.422976677919758
51.02004434451186
49.27418126671416
95.31367437591325
-9.403577838568975
49.640192539893945
-41.71860679631982
-97.3391912861598
9.40110288918413
-43.381848009109234
-14.845462067933795
-4.074534971744338
29.823877679104044
74.7415301872522
129.0926627248059
-312.8041663458189
46.851714302929366
-28.540118922908565
-1.2063671725657903
80.88073165688911
46.987578155047984
44.1587509539996
93.21254113275927
-496.2854557216412
-13.27946218215589
-5.772013136628971
110.40612378587093
-2.448067269065824
59.21870131412288
91.81260734778152
-335.39985550862366
82.11985778985081
78.35616713364408
41.12475687865791
73.82474443098863
-348.0734739372201
47.050092593531645
49.3770462836348
-37.76923211053963
10.64592277126394
119.60970721785725
-178.97823568697368
98.9903737752552
-41.93085879631235
74.79319115233193
28.096512592075577
-13.111859714381056
27.320670140918025
118.94402820524965
154.2337298790726
101.56115064680762
182.66201801625357
87.02354839491136
140.1778895453749
127.07323258803831
-17.70937322741929
35.77542717101824
-4.849996476976685
-26.478433828307505
-34.22034938627985
30.180238740566494
13.520906300971724
111.9340016146698
5.378649997622688
32.86356091429836
107.83338853969917
51.85979259841699
43.209255116054265
114.32992998148757
-183.02250855726106
27.087683270549125
-67.50364649458425
-11.983309610466677
36.30590472111936
-15.98213792824655
26.745712851594504
48.299328283063005
190.19356529318657
33.074608567408404
19.60029611964847
79.06007622848068
101.83599199430455
-8.560511205142532
114.57047897524535
57.874904633417906
52.65414650977095
71.87608461024183
121.8014222258148
17.067249188097932
2.8730031949344075
-25.799795639923044
64.88581057645837
-37.525258195813336
189.83475660866588
31.894230263442992
31.424675985429438
50.49908438247439
-42.87286340821591
-190.4255033005038
-720.5785171310331
-126.10949385080221
89.68338694616432
-36.97785310930112
-4.999076655076188
37.823371789572946
28.990715309602187
-53.453085506532354
37.22520679527679
41.668543551565826
-56.2877957623009
0.1763064243544973
-30.547291671930907
120.46223154212043
124.24200855224308
128.74365903103853
70.28603003795662
26.00637957715162
-25.410965374083844
-21.29669451478842
35.43177319758661
36.574357429662996
-38.66475241655098
13.408963996481162
138.67980335664834
-22.249814096798218
-88.56624266002791
-21.624812736696185
85.44846216655219
50.19637563228389
161.008174780256
-29.637968341974556
59.762729534072406
5.905322568557734
-3.1769903467877256
61.88556963851295
87.8183652982874
31.966560844930243
102.62823670839089
32.126935316846314
-85.2302530403831
-1.6870505953684818
15.888161632431666
99.16712683946798
-21.104483646081164
-1.0406900887453503
146.62981614822138
-86.074444861355
34.18427510096048
176.5887906009484
228.88707252654513
41.71792587544314
62.163250055992165
84.68094854339734
117.50496611611925
3.712603041280233
69.67052875477111
87.59696779002479
-5.347654964465008
32.76068816738847
61.29101155433409
-2.4617751659289224
94.34617392210544
-159.5158135786014
114.70519017508423
-4.18830939314239
44.330708019269366
-104.69733507150795
31.7309008154607
-495.5009861824519
177.9613493361146
-92.40852390054806
-256.8565958130648
-33.71357923199454
47.368999312358255
-60.020707238209525
45.89941194510705
24.70356326529418
55.406464735908706
5.2063531432049786
40.56680458162555
108.69788761296127
155.3955614874385
124.54194510169577
-6.491760769535691
55.596539494212394
44.960595544405265
37.539316572845564
17.74165097220181
-23.40442007495087
46.94211373778853
97.08694224401393
44.52628974804276
53.76650611881433
21.244526956638847
24.579251201115337
143.90428812068467
18.255087557994102
-19.572317126325288
61.75284034294182
118.95048415421024
-66.53095713211673
120.14213800732614
88.69843980511314
55.36634260019525
33.503058329988974
122.09481342268668
67.27200491829115
-2.931189316754171
109.3579714451999
134.90529449010955
-105.67113044969847
151.21356468085742
49.29691847243919
63.972037031538406
79.56548810063941
13.62890186618317
-56.25862061504717
-128.916136088862
114.53466999648299
-19.289404155529546
-13.016582008175629
60.259462009415515
-106.00202332394834
-2.227031192878435
-35.48368125711477
44.130792431307796
157.3422284755277
-51.69039335705202
-42.0088519010478
-10.882802954571282
26.75921947088841
13.193186058272568
46.901616441322176
87.37331647543101
265.50908928530225
90.70466896615994
28.982260675309362
39.03854500438519
82.44468605227667
57.489643594595236
65.11984473129996
178.1628995170629
75.237169428171
41.59484665399441
-3.5068352491292494
12.311528048058165
50.35818606318094
28.13801629683057
-9.532089321002227
151.50348241327902
-3.8471750098970006
70.27323790298169
35.30190259153112
-29.324459549544372
64.68349884543204
53.673293720849074
29.486089879012333
111.15066688631032
-133.39397994327055
12.93418356756291
972.246784330308
49.21353325231337
33.44834967716906
-81.25529073914868
169.41395026581586
-40.94876772313413
45.63758991845511
4.364113040330769
63.74512337638532
75.59384281953635
81.91972160379683
43.01508367946811
31.152403890767346
-139.73408562095392
59.80037123588352
68.98743685208228
-15.125143546855455
27.241305882139685
19.57950490793343
-204.1555998479662
72.6714764753109
-21.94346042440163
18.36766300733826
-114.09732116676832
80.71167894042128
-151.31882117815894
-179.44116870636662
101.13503353880878
150.85383533995946
141.67414942351957
59.47745956695462
-39.81181175153438
32.20759035861252
83.6764283624496
94.99487405985104
-58.84692622415696
48.333948261471505
-91.67934138904168
-2.3770359873313036
-5.613198085222549
75.74264502965752
38.82929478450728
9.292954369120492
-45.743873077977696
157.8841304205671
-13.220134556659358
99.69583076936715
-3.2970574937935453
-41.92944316601597
77.57117472545497
40.89229387957279
-940.4808544578657
44.665041713908636
99.1093815655081
65.88927857001886
29.470042599273654
71.18196333725427
91.91910847338181
94.60640035383403
-99.50587019477325
-64.06879353038524
49.804096921755715
98.0389619980158
171.64170186886395
-4.071673919179059
-209.0960820932978
-37.25260277317685
1.0063901998497613
-7.3331363199490625
218.2558552736864
88.76720754674966
4.214487474840553
181.66772797576505
-84.51626732950535
97.84519010847316
94.72214509581795
-157.6444025953897
41.993471228470966
-79.10342361466701
-65.94239411219223
119.30909023504705
20.922859663232884
-25.38333120278139
-22.95880469117939
0.6811016332367217
32.440833832459305
4.364376305972569
107.07048467797586
-151.32622945671847
63.256212445638084
84.06402566556432
25.44047978276579
-96.01703767327547
-39.5841457255615
55.250826521604765
188.39139955581322
-45.15947469630282
-25.583233453711745
1.1048350304638466
56.98030906869144
76.14025037914917
87.2374757154937
-120.18784567301009
20.57300473318901
52.54146166286
-44.50316554311394
-4.794802326266563
226.88907415062113
-93.54116877507838
81.10952740941946
61.07201006786664
-11.68221944319157
52.98668789147125
30.518871634983235
11.925635769184801
62.1957013149696
201.29803329586412
32.95918054331935
168.3465986580984
47.70934005613208
-15.281816908870951
131.65726345251778
52.89966636193788
-687.5368521732788
24.195557584812168
-27.4149244116292
-11.285531821191398
112.35440687343907
-188.74921785188872
61.063014282633276
-17.670640878870927
0.6080864532432315
84.7059320292924
-77.59999225693946
49.39235699904566
11.846661682634846
103.26224714418709
-66.86704728137966
-34.81707769188988
61.91756849067758
-62.75248617235138
46.76887666480343
-41.48200259825336
35.66366769723072
129.41529588611138
-21.204474177243593
-0.2888928942543614
1.6296965072297036
-22.209385266140544
-60.51910525056246
107.5167826841066
-405.1845489235566
35.888476251285624
-88.13748216068052
2.445365733353725
115.0099986574005
71.0279129023229
-157.90519614780078
118.56257264715657
14.764027670346977
200.40519464863564
16.19724620751913
14.939811504070349
107.1620796362796
-233.01594041267708
-657.5644361762747
30.831462431724024
47.593044805822956
-15.627954642074448
65.31328545030487
7.79885850926712
-226.26319078066626
89.18961434536135
124.25363085688241
96.83549303541298
44.48483242151099
48.35542265541062
22.137026317722956
75.08814372589154
25.37096217433012
14.356072758459504
8.477298661967321
166.79387908804756
29.904025351604304
31.703180970476794
110.47726725824623
21.832522024730224
29.964661452202634
55.24119486935314
-31.98079466837807
-6.658855560143929
54.623654437683854
7.155555969720808
12.69955787326927
-52.791040365045774
153.52166798804365
13.503953844325785
-1.3142337698475686
90.8855438557269
12.082174599438531
68.46319441635694
5.67801943092536
90.07867651989636
4.309039535273769
-104.41406269958588
76.64081738316224
42.604929770185734
73.95515509415509
145.2576680162615
60.799342195235766
53.46889217013498
-12.565878569732831
69.07077300407856
49.151140089733815
-51.13961887636333
33.0122072969597
127.2695295182375
27.764605938667852
19.26773877763862
71.07480442727069
-12.253630590641546
414.2085165439421
23.217199934848765
-84.58416674008686
72.50282864750943
24.03883382122099
16.720314052302
41.90164422665521
38.65133246517797
23.560480905274144
60.93288062802321
24.648872401367452
43.93924433721687
32.962192117915244
210.57614877213427
-12.716201301403544
16.927565570961868
33.76321155965297
12.090608606427509
17.521202743617664
-162.92081949045132
95.36312304147668
131.35547973370603
-67.77205539017325
26.88928148701129
73.5360575281311
80.25859962778772
46.78630801052162
12.53095879821694
-341.0392673915867
38.60718717567033
170.4566772134208
23.431695573746467
6.818220111933964
47.229753071760115
31.66205966562092
132.86304108273703
132.38562473046704
-10.369244172699837
30.05824141430412
113.80034809345284
-7.195128739122083
26.566254867296493
14.977813239230686
209.4109348496395
85.08202664687542
9.301455321037128
201.21560107439836
-21.21431447142448
5.977156689839703
134.15562199672422
113.03992791958217
40.027421169439016
11.532427330771185
125.66327508907261
-111.00319914526517
193.72040510756597
-138.36142010263939
96.53091692709381
1.2175081377536117
23.77906667224961
-26.582688073851386
44.245061402522424
-182.1673312189314
48.471904149293664
-325.62813258451934
-217.6396444269226
-235.95193096957655
98.06025786126543
196.44002764641846
61.010863249722206
61.96083421907122
64.01390186356707
-11.54668199647288
-143.06468367236357
64.7861685648719
103.11412393266761
-833.1934242103415
52.62972556632601
97.27761274344039
83.10979695351216
-122.11687121616887
7.023242403544073
108.82566754956679
113.55768883028395
50.891540949509135
37.005056272730535
35.44397082210593
0.9816537342736973
15.094620307748755
-14.749214575424846
211.05658088016116
-12.809084214061158
-28.685687882919346
-1.7461621326769476
46.750060326162384
-183.36851109123336
40.48623691180467
15.984188303728343
57.542500077411205
-69.33289687246179
-169.75929450578928
-11.504107204354113
-75.89509353958738
79.67859299023007
-18.2646307188229
-8.723475239136917
-5.229753294844177
-140.54526509537527
3.21975906178713
9.162852571732401
73.2229728869128
58.12361177967267
30.134889999261304
61.7982294150288
136.66145343804146
41.754493747874555
10.740385896787302
35.45797665063492
-31.42211177480604
53.707021513438896
29.56395553948265
37.90980390996083
76.3365663610727
43.47788481816073
155.63518748569095
-7.613588768851587
18.378945090292135
24.703520304971764
-235.92616630869907
99.14092077274518
1308.39885171892
37.869202500680366
-75.23189194432325
-139.34819340764898
-14.623060238548078
159.76824233547495
6.122276087641139
-2.7206887899689223
-62.57329620952396
96.52316909313822
18.984806454353215
67.31242544124547
58.447947178034156
34.60640189393711
77.45309448218131
-13.808605173635561
94.99423723497466
17.799829316935927
84.07803123889312
-8.238189792328756
53.69505016789904
33.56457552043457
66.47243697284048
69.64988205264171
12.72319692827242
71.8640109197313
30.823135199298825
117.92946181991397
68.8495323109853
21.00811912352384
-21.62370773245982
107.60937096302541
61.57684437054577
-103.76444957660895
17.752777580787097
-14.038712079513061
39.40028111981043
29.499618245597958
42.40541126713814
12.46551551890434
84.39539293165546
40.622340104899195
80.97287917297763
33.71662299276375
33.15469975974664
46.458860421927966
40.98272998427505
61.68240011048934
74.80679400187952
41.21862426818234
29.98926839760985
29.053726900831407
-195.97134609412706
-130.5034268783047
47.2064443602203
86.70839228549033
9.88897190321105
-39.54692556675127
40.97584163582823
-35.645809510497656
156.58900097310016
-169.10811137902874
72.30724020820708
71.40509217497674
32.58225059042604
36.058501000791686
-1.3821791393093008
43.701331524031616
58.065788670073744
-69.0707057567261
72.6047817271924
-22.03394243979447
8.109231798792884
14.743839352896094
-7.915258813103264
198.36465661542798
52.34102656307164
198.65515826410592
84.86916448449551
15.788647246132971
25.890176259057462
-17.520879068664726
36.327733539365454
-4.756438768363623
82.00593386711353
66.991169133131
30.125582385661346
34.35700416070018
-35.464263762881416
-6.971683375646129
77.77181321294398
9.814248832133217
68.62300977786336
-31.0791494429486
72.83768143959196
-7.706187880629674
30.54131300404387
42.001092967953355
60.869547260445614
46.03034006388141
-5.006523402336405
69.20632535555546
36.09757811884958
151.90999520600963
12.507657517737695
35.03984679492416
103.54428214210111
8.372116949867177
172.40997229729146
-16.165663881547697
130.11912459363475
-30.25162962761533
24.00630690296657
-181.38949222867996
2.8108876033628576
23.224497298646927
43.25140803359909
-221.0755590329145
12.386291737525935
63.23392819272931
76.43030388999239
-27.755248876334917
16.4872218690507
66.66973807878117
193.8604234616596
88.1023028634063
133.63369755566964
72.3380877306198
66.68245781958831
-50.49938750494264
-207.83165513411313
24.051305250558016
11.117838637036584
1.0953715574626282
213.31790754238
53.41131852784656
5.177449624959732
90.88937035617164
28.377475634622193
27.080617757246188
25.14996905944233
-508.6794166936114
-19.795399020942334
149.64415502219572
64.44592548939022
14.850892227488202
8.557401339303459
30.312935702740496
32.171667273075144
90.7756298168539
97.26843055476809
34.32326700527014
34.32469209705212
175.868130040315
54.02302033139176
49.14406817221061
139.07976653804417
37.9573354433478
-313.64671926117853
127.30282340994381
-36.170443588354374
-15.469737557121789
-175.86617625598183
10.668634229867637
33.935964253349894
173.576775214196
77.94388461990394
-84.59686803538125
-47.23802034230948
40.93555932869171
56.96540782583017
-429.5011344965617
18.524121205724317
19.903258148867167
-13.19318501415938
65.53173522680555
60.165489992705204
-14.640931360693699
45.445826623551454
-1.2159479784081768
-6.235045451915539
75.00941792615282
41.44347392858117
54.645623673338555
-49.369809651632295
17.741945749379138
97.70090755900583
11.484417901478082
15.200321875123336
94.96596020130085
-54.47535515952768
79.51322942203967
39.810461098125174
-93.52198237754374
-15.341098161712765
133.4693680929122
44.77850554197686
216.19343356348145
-83.82627938003847
-5.749583715164298
45.77208731277257
29.833397715613955
39.30805033409255
10.240231057304186
-46.05703997721184
38.00413397644246
72.47819521890642
-142.99346479294945
-17.93963609462935
33.86368086855259
14.567108111864439
-323.30266376544915
113.05258115632432
-28.57140983906714
-55.31771516121171
-71.5495454515517
45.62456065216202
5.579944397348912
-103.36120475004918
36.23903515293115
-59.48498351736271
24.20171017098687
74.7368581443536
4.221585288161791
77.06366044511867
51.284001281164706
3.419752047543695
-655.9260626223992
93.60705967507965
54.69934587115077
49.057206906680506
-101.73525967918886
-177.46335487333408
58.54013494067294
-80.80815972984146
-37.76086183894609
114.29134953860648
-55.30902276382973
11.452166184582893
-407.98450537203007
-5.986879878280433
13.12261162191453
136.62202913902797
47.37047463587429
25.101742721374073
-24.080691312894995
29.69904104092153
64.56519728229259
-61.07716919113318
45.35348395756272
84.43265621367527
4.097935731976266
40.980034452895154
80.53968394678259
18.099050177995764
-184.52182097454534
158.78657066020423
-9.752426967575957
64.05413997753328
-5.701289335912406
93.70716520520727
65.96708442701765
35.83735031509478
-2.2335051145673788
-212.54665363663753
43.96105914245891
44.08401250965653
151.60566773999471
67.46440063403452
-8.84793466301744
26.546984427948473
184.84008061826944
82.58528501995556
52.55936562818886
105.32966157632927
-365.54432737881126
1.1123066869053757
46.54393738695999
69.75050285496994
111.57238074748648
-132.4524045678113
53.58215264472665
123.73739827019381
40.12601765268738
-32.350224555441855
-20.07939597758741
37.30347802683718
41.237561989404185
88.24306482534598
0.02375937757021218
267.3240945029838
-51.96992669169049
49.408989548847785
-40.64514855603011
36.498810723434126
6.327526122453449
30.577302374655005
72.48252241049113
44.50383660039279
66.16904360181434
54.318305700906556
32.925455945456065
-121.70841588730445
71.3825673419567
32.21279350681686
-36.63580288260164
26.810257115469764
5.243331967917619
41.38925222351584
31.91726595816317
36.92326620688709
44.41377108642496
67.5298952872372
66.28017672490068
122.54780884453021
9.295031949352579
55.810225990671825
-1.625969132143382
102.27200727986849
76.9157529940885
49.32921137098083
-431.39237149919063
43.385520110417474
11.475148599076874
20.813039974015485
155.0538653101362
66.72714359134488
14.571057032598278
15.418206204697384
-358.36053230504695
42.3740677354985
156.55393658048888
46.58742681351109
-24.558347001164705
-207.77299635125837
124.23724260865765
22.630108004490182
-13.239469682538967
18.707428778702536
149.88990328460977
-76.87499718058953
142.61786349439262
67.46383031590904
15.391990981738957
-218.28297714206565
58.02219421563359
174.4607176872678
2.633094696151307
44.80216325650554
-136.16643239829182
-552.5859125976187
79.57283733366643
4.9421776359518965
-67.58811254351576
-56.34857474966384
-329.74367617595
71.22493951077138
27.795036804846575
104.09828561637664
38.616725601527165
10.628509201023801
31.48869840294337
31.49639918872945
34.832340308399296
88.47784829704568
-316.46987121201437
16.55595207164459
-18.481604042677702
115.288001093209
-0.972825602960711
34.3921171297989
5.236776318921329
44.61654099127739
200.62240110088896
218.76579729087007
127.78239122890068
-53.12103113455805
224.5846450945769
105.76916143954827
-26.574542880570334
132.84222860963837
37.28247021979428
20.615429576035993
62.61399795113539
33.4005900622185
10.985748681712435
0.21089004838995606
-98.50067794348752
-504.1139650847273
-25.07464689549579
2.314206482565055
144.54129211984628
25.43551595040104
-2.605648072144571
-108.29815923891874
62.46761811538218
134.46747231601194
-10.055068247994313
43.464368036284014
38.30716298302275
46.32861367914414
-18.185882168311128
16.80695318757057
230.45887323651914
6.64972030721473
-108.97835565777444
-401.05119819800086
16.777300129971
46.590253832207054
-323.9454532568725
86.01071274873311
-37.42821902896812
292.54188631088846
-125.1001734335241
18.23018462974551
-2.589465834418661
-139.62724316161984
78.20112493695149
89.79665175302216
-78.98456166156939
64.29011796724365
-79.39189935736914
31.81474093845378
-32.86707837373649
70.96588066520644
-118.65620430666695
110.41899536709354
70.07983772751783
40.936283313822855
18.731515676682193
-21.040759112019295
118.38986253828625
96.65609784513538
-132.4961294932682
30.71698827950781
48.34188010087853
89.00382281636752
-15.015086352585513
74.10883332067215
101.30888334850988
-47.97241036399282
61.35897371132887
-12.890265319189943
52.70004262237762
7.70502996478336
28.580629222424033
119.40210813986869
-706.7658887835772
59.18101328553104
81.27697429285388
41.21149752424617
73.22591813735835
-270.2646612421954
55.93408137502509
44.94660935246975
51.082627706436426
-91.29627499708431
-5.486842707403007
22.423053526793012
46.71698671553804
19.58235137399015
-1.900241143924956
37.43026326038262
36.37603592563664
94.22909039089916
153.51307288508406
125.87726351719903
-91.28794654641933
23.14237918514847
0.03840201329881327
157.9021212641287
154.287379106579
36.29307577155601
200.43700607433902
19.978235986628988
1.6374834507673768
11.08253387250295
14.502632397027355
45.128654077370044
89.53267744982304
75.20547256335567
157.6400004272473
-47.33432428654846
-3.7853456110005332
62.854163524819
98.79859097860447
70.12287299899799
-66.12171017319713
91.48971775669679
90.3772752911957
-193.73694550864275
99.48230162659274
41.11760818872722
-117.25974548981048
81.5638125878624
305.16335746615187
-202.90237124871146
81.59693300630494
52.64670868717677
9.041528102835855
54.54506638571007
79.28980048205085
-7.670046226897853
-23.258641434491892
-12.885406951499135
-330.11429107886124
25.597085000572005
-28.18864162512948
112.07409103280975
91.74762099499821
122.07482270180299
74.78781902478929
32.423604539974306
20.246848235270633
95.91125765602737
4.653870637415196
158.65183404058848
83.10650965659403
98.78758584861134
17.79457836475644
86.83447290315462
44.882029375656316
90.43883728917672
37.37560386416044
110.53474508432066
62.52187493217889
132.93252318703162
-11.744001661228594
-15.316945984010545
61.56255604291335
-431.4401664889492
-283.875037214033
166.41218560621064
-8.838668110453849
22.25571460693709
89.7593475882727
54.42861359188342
30.969634111484993
20.07213434780367
-99.77907310090814
64.49139193376688
87.78300055110014
-210.1127925871565
-31.83505805919549
70.59218803046178
7.567410913997461
-17.34013417013383
-74.55776491717143
107.18752188082635
38.21049534050646
163.59334743853742
-40.660909931688366
-293.9743921291756
-23.21017066205596
111.03386752134793
67.94235932768629
-25.453595516871825
72.98085862654239
84.23237767711115
-126.78678565645987
135.63466244798292
-135.44860422158308
-54.787450857588226
66.13028802645476
62.612050082047915
35.93993562774301
80.87568714900453
27.916914839970616
57.1935067563774
51.601003962046434
18.388276256708195
23.954490853156017
25.889974203597745
60.81830718217225
0.616098570574227
14.751320873583154
-193.11708580513232
37.341630017644036
-113.31651326423071
61.774004452440465
-86.2697485917306
86.6798276698621
24.769570077256503
56.637136546643546
-318.7212987247299
103.38058806148183
-34.070249362640425
113.68877664380125
-62.26678016399978
70.39939140695026
33.72179762328187
-194.4243750947394
-32.64957632681802
-216.0708444193533
14.886589673573456
31.32875159762949
-68.36880911249159
5.863540206030137
167.92148048406352
-60.27910126361712
-34.54558654088851
-12.649683253588137
91.10726078766243
21.31691263093504
51.018799161668454
98.91382581654
33.7115046465816
65.08273495821307
-13.941872175869088
76.9808946372342
0.3559467567683896
228.37776583316372
56.46954576557582
58.710387652017275
211.60122842535657
-77.32872682713362
46.68550706126098
49.550301503191804
55.4114456891092
81.00320565855873
-341.9936161323558
-5.805350488202679
137.73525241558764
5.137675518500705
21.86035463281878
-23.234907329007456
-157.84445640697595
-85.13654130408713
-5.5547198779531755
-22.522164264875755
21.306755355061636
-24.25138641307467
19.98134383627073
20.684309599934124
92.66788508027594
54.311184062164784
132.90773776765946
27.785051638843377
62.68653372251083
-101.39961421149155
13.581435115142535
174.92577790801624
155.60296599208687
73.35580324074499
122.84446811479256
-210.90266048278227
52.56632836229431
28.09366178692835
73.40387507014202
-23.750657358419215
38.97263254612659
48.38989851826957
-5.76407368931541
36.16921981103951
36.622767399448634
52.067178973640466
28.184709899000445
64.27359338390215
136.98592222929437
-28.995217279484223
20.804819734091822
231.78759919852746
80.39878624722951
288.579226555245
2.6558457463970306
97.02547106112934
9.514237058365389
26.1312895219065
-0.9840290530343411
22.80858933233848
-29.4582742474322
34.284477031272445
13.251699048813549
-324.70602635687464
86.64282711228884
-3.15246250864584
40.48852112874824
12.4037702064315
105.62448981645184
25.029410078065542
173.07998016140664
156.49149664788047
105.9649097458946
38.72809983270342
10.059753720070978
17.704606693220455
59.3793589932271
41.83381705600141
42.42181864497727
-146.4255020207338
23.01253512655665
143.80150361448204
20.11378500779835
4.5354968004389775
113.3657159916902
40.29711816969864
-86.97556421705212
35.46276114854027
-76.14011769495482
51.2523834240456
99.12480719613677
-96.69242474637797
-34.190940034723745
119.68707704800181
229.88783721698655
30.747906802699077
-13.86921785456088
-53.95626595998692
18.17414269591721
7.439083177340408
-73.69296272092288
55.09636528933805
-57.38073848248041
0.8225259862983876
99.0387917241469
45.92674825635777
47.54114772477206
212.937638193579
31.84947215230568
-148.2028403531358
46.03921696308697
211.32559347724055
84.94574841194753
8.270879450004525
86.50280635080162
65.30051944553725
97.2440468634054
-0.6040889471306546
68.31724330101395
53.88776598733671
-1.6511026158059252
-62.558366496038616
-155.20484936354958
107.83579669623055
51.52726818403244
-41.136232223335355
136.91673371328534
1.0495486863575851
53.96089333783817
84.50368915940544
190.801233990755
2.6937637442350177
29.277992358101738
-60.43352644612287
-387.11719425893807
104.0400529203971
54.79748431637654
6.925170453658668
85.48546580558616
-6.565673829224124
-88.93437553051535
38.911299452069215
44.513344658411825
-31.53266370923984
86.88280204597277
16.787667673029773
28.460115413798537
-81.73401021229256
65.42647971577577
34.626528247653546
-113.03049046023443
145.1563158174431
205.29857653679846
-3.41914694122874
71.91492189436607
48.5098351086431
178.36828544778155
77.26443237637204
49.59451933243878
179.12439421145064
128.2750355025446
20.233587196538338
-269.04597815365196
151.12224668640852
-25.385748659157343
3.163147687242599
97.04164491692381
84.9567982551066
98.53317900866205
56.9396424208835
-0.8837770812162837
67.17144033506084
-26.855668862489573
12.316475681168072
45.42353681083614
9.312294391329498
38.80484239985417
53.21499402323002
-78.82905087362815
-162.69807258607034
9.589226411713517
52.21645403042015
43.47752367519752
-122.38725078487596
76.175861241642
-8.10906099829026
-53.85337252480895
-126.9310376152489
-47.73023355467376
39.528144524405434
-16.17802207760674
88.55036063961734
-152.8128558506105
-52.66620788468649
-86.08402642451983
0.20218756812571503
86.29626835989438
-31.10500451449684
-65.02476784926876
74.13232294746513
30.959185012639082
72.10860934710627
146.6743035320651
22.607738602292752
19.41149676014694
42.715008478917596
117.85258611463178
92.42625416866872
195.57749354753605
125.15393796722947
49.64744171315141
52.92702016434749
55.31663683023635
20.236327648333372
8.448680483101318
-22.887257863036982
32.253515621158506
143.46666205670317
177.4479933887833
30.35552318915385
106.74228463079271
92.63398499889945
-60.0834018343121
124.61484259271265
103.40279696880589
47.524545342886995
134.9423467011734
21.718061543562726
64.94615815942211
158.4258249907066
81.74232227773015
38.197225952298396
41.673596155875664
-89.489873337488
23.96641797939492
33.82074889148444
-105.70442052034241
90.74062342581524
168.9257264444227
159.3336574893899
215.57159296131658
31.67599686561782
-0.15154438938793646
45.586793198164884
56.261878484839656
-36.27987209463845
55.02905820264753
297.9178534015982
-12.05606620569777
-229.92905204274211
38.63686393181683
-11.066468292234639
18.528221350709742
172.58285834797198
11.219977598412028
48.52171394622928
18.827499071647345
20.070181055357807
49.20955866561275
8.932328689470069
73.3070005362498
-11.394733853214335
48.42285688549562
40.36417964889711
109.33672289748029
-15.657002933604215
110.10759792595582
69.22442030992505
103.25712662489991
6.540306767427815
-4.4916634052259425
94.56295360159947
68.8208598466536
89.67538659018373
47.95699110048372
-7.577339090083213
-51.84461604610442
-124.00094724251949
-15.60165029050404
32.7802711433808
-289.64126666319135
28.292356715538133
33.634249111683076
4.955022718441442
115.623714773546
102.98536890875039
134.6045108598944
112.31646027221404
-26.65772402856808
13.512601338296614
48.56691316637125
-31.045465578514722
-10.246466873565092
161.83867513315272
73.49573599368213
76.9339552986502
35.477744112980474
-22.758765655783463
55.325230448088405
75.02660825945486
52.461293454915165
-705.3385991350378
114.88754270192112
109.36661240986723
26.52200786314988
119.7213641237829
50.894401549254326
-8.279889442981585
44.44233398733377
57.610075182723904
135.21632666312917
97.08851110663147
-32.633950497333444
-5.152131581340086
-6.843509114714834
50.52938578944146
-0.48210792272402614
55.76861417314676
125.54729117622219
-106.30482078604018
-95.93215732393082
-5.902300075673338
178.9613016750841
-53.307509361646225
-139.58223271289444
-27.53355660472719
68.5723256117966
14.295963499437985
-89.29181583194759
1.259626777151997
72.76942482760623
-26.736838035424626
99.3592111275808
36.71284424578416
21.67656464695108
-70.36513602207515
86.09221035525161
-9.799722913037314
31.92721032059792
-52.057247791869486
-37.6780670186854
-15.195323966083107
20.598947907140666
48.95064521541358
69.80760393672745
617.9338562118978
28.61231212711874
59.88455205520768
93.94490310082904
76.6539079404705
-31.081726105684083
38.122542781528075
133.0584221538861
93.66192519487322
49.278110523833675
-377.3073847848518
-171.657745692984
62.03719781762311
27.803798886377038
-79.54834134233215
-230.6914290087111
6.585596500044699
33.34658966116558
-1.4025425272488388
48.69157285928986
66.66968021653258
63.313414597354836
51.10384770443841
61.72832578606379
69.38070391140253
28.59001551535539
-148.7736788604393
63.079611261197215
-60.55097963735051
70.97220914255695
-88.40199413961909
30.104259449521464
4.674150250205912
3.068322049648701
-134.72789130678757
74.63760563854362
-12.122664827434164
26.975297570405004
12.941617331011962
7.8348093420627265
-14.652785631319603
-197.33286862204932
192.52097887162972
7.933687201122897
169.85812411764346
6.528802494870796
24.932587906728468
43.17490881480035
-8.051008919275318
69.58649088916695
49.21564595703617
16.07708227262931
-192.47217253612962
51.12240106562669
125.47762670292013
34.55579921769113
-1.811632034003651
68.9959734958095
165.1486756237946
-21.627756843280288
109.76999845496698
38.835035110362696
78.93530923735636
-167.02925495050386
69.72848204102868
123.98471798379012
95.60419282512612
64.27612791176898
89.756826339148
18.837405290658808
34.77251311989289
77.03342332492502
-11.51226083182155
56.831463129350595
41.764303028408904
55.10305479543558
-79.72737428656524
2.7207886312285154
14.616700575462687
-106.8802916935108
-112.28251743110832
41.146617855587465
35.03812144637593
114.05302630296819
47.63566672937645
66.31914403730042
32.53141027614811
-133.78004336440063
-65.13048792191103
49.73672665859908
72.1539901263061
17.233028802244462
24.591532726647912
150.88264894619965
168.85324663724805
-93.94081872230436
139.56991577407734
144.31201496324707
-614.1629902664235
106.86397238724203
52.32718698993179
99.31125069047698
29.11986488999846
203.14373770469092
22.63508397017548
47.639708133917225
52.89575509487805
51.821439743351405
47.524115931100866
76.08779094558065
1.781903309433801
30.871889569471886
-220.95619586064188
-13.886724640092666
111.49157922054235
204.70152706450563
83.42744666815929
-6.662462099097866
21.27329324066573
72.46367211429697
8.860191462601787
71.0050148311149
42.55563840711255
15.326877582062679
9.032289465307489
46.104208836178714
-24.085701018583784
2.8240306433647504
376.10628988674034
38.51081563816013
-40.69067097026913
31.712898694105675
-187.87951546137265
153.8880648638451
15.795244357830143
21.055781209020015
23.86203303793718
-107.17548112169698
68.95987031578892
-80.19641745855415
45.524362661778675
-116.49831778962653
158.81297912443756
81.11763513726873
77.87042236418847
43.210398380501545
107.99468317663832
-9.629656460075388
47.911270819327
163.88744647304156
34.52892649903647
58.221810712994284
11.841107113650738
21.554735566015676
91.09750920225997
61.553781043490346
43.25255155603895
29.517104694259558
45.784477625771174
102.45656691655904
66.58992977341632
50.47146192590877
3.325877707836611
229.53269133285676
77.63215039360753
-20.28945628393467
49.58652432906763
167.5528764857845
196.96404975350833
-11.22224343097787
31.19473104290455
-94.6879360272419
128.7563152780623
-146.5943522421735
5.576486616855391
102.98120730064556
82.76348303218049
51.14523831748102
-116.54425341072874
-19.527477908525725
60.09512090451835
110.28651611976943
193.06979394891005
117.95829501666708
34.911297032552255
75.42215667604978
5.844707332787586
6.728106986089642
21.473181154467945
-81.78431504580931
-17.22076144451512
19.408644179797193
-1.2368295587344376
-64.0098790698781
-100.93875359355205
-13.31292163622902
10.043002048618575
36.52958568793821
-9.219100382497686
12.191738747409053
44.812828818333756
-24.02520099539595
161.56613907597603
260.79820265692797
52.49819894506051
79.86799908946946
-67.79276183767615
130.7575826412999
-96.6551622874531
-8.057796676821205
68.51443549644051
180.99983035648074
141.43689890718815
153.80802220947635
70.14408557583874
-6.171433468995276
163.84664475223826
123.66243069157804
0.3297437178749334
29.710559957659825
44.50026476184448
152.3044132780692
55.24002023158581
24.452720789523454
103.83802927532656
-84.29915174590178
122.55333625162939
39.3501444508044
24.68703339164989
39.560283437715384
48.1105197701323
172.00293235276695
113.72826353863775
30.048070855075338
3.592787195542817
-142.4720478626823
153.7315520370505
-87.83661420312346
18.642530517264703
-3.4084717174581236
63.62355645374605
-8.80753020969587
417.684858765575
104.65400257479723
75.98730734643203
-130.45944426659935
-32.17127970285669
140.45481349144052
179.4966561002825
40.38601805689373
-18.690590459773375
0.6308669079715573
60.83303547927058
5.677532053327784
-28.08180736194936
210.9879015759284
122.87818783815487
64.6136079437623
51.410713553023285
130.9559672244941
91.21266237042323
42.280145577701305
133.85455411084115
62.369522330810014
25.503032829411932
23.28804686204897
-210.9461330253007
23.382033785741772
-2.044792780527132
182.9535625772096
38.2653777989658
71.66098883774612
43.70421206020088
58.06206195333081
41.048231159907175
143.52998375658763
-168.82954447632892
-154.9809963033781
16.16572643359279
-40.7317639901853
50.755801122815456
-101.52085900594511
2.168346648417378
94.22239992166101
4.170324594056364
55.26553906783798
61.63325325622188
-15.244864561238195
31.38671348340875
-49.94519861070694
91.01640311082554
-42.91174309364942
48.5250466616003
-0.8539711463678961
-5.588607703715694
29.7102020907289
-101.46339337544396
-14.753557769118578
37.30505273139734
84.66700470015508
159.05131001441623
-39.202188824311634
33.57339561136849
188.85005418077571
140.97813789185625
-67.24226354371422
93.82290361080913
5.047721328381158
83.18881310828328
-68.45648770665684
-69.36675842221422
170.86681182029588
-33.14748151889023
-13.204188879584791
-28.55111170684677
190.6532327726859
32.396795833855265
32.06439396630708
94.47512733124859
100.3643642163538
-56.446060811023926
-1.8469726602294179
75.76085105626426
-2.044168189864749
-203.79663173820745
134.6231455638317
50.22620295937975
120.9795969084089
0.3304304872839379
7.025726533713502
-45.3065381941924
78.97921069767693
49.634012724690365
75.38512886174954
-9.557382759371308
16.745564449847045
-136.04787505049717
60.539099717651624
67.96585989580535
-447.1830232526301
135.00638804622167
-167.21174323796413
-319.6739403739539
24.52719494125904
-60.416595389415306
-26.215587843825247
-1.7626189282145788
-179.81368621896718
36.08957712355658
84.67974874723473
-105.27738644963392
-279.2744709886729
24.687840351375872
-262.2783315208944
68.1212700862421
53.28363127148771
19.766334925538576
-53.74208768362223
150.90823081587973
89.57620141349094
21.10298978068917
14.702855771603936
13.84113872423768
96.7465229125446
55.942546215415405
-64.3103857425017
48.104938599374755
40.36664388105277
91.51392862466926
-40.9082948962714
10.914751770310374
-114.60945765901033
25.89594483209878
157.42299597359306
114.31224864880551
135.2194487928582
1.077534262110879
94.19840429166061
135.16750409201768
42.48296314275878
13.561121495996304
90.84188276280543
18.923210052483682
42.50843608145988
-414.53394408694766
-3.7438715874108808
124.04406769116486
-47.623444675950395
55.76941834005265
89.4328369657187
120.71342047906592
19.373760928985007
104.70060176570928
146.82033752348934
73.79675255342568
-204.90489837980476
101.05340731244132
53.42762779868917
7.46012142900787
-3.372976343283737
54.4380290092879
44.74099650899247
104.91001936589146
32.19659123255931
-309.3928398426424
-69.61111888500591
-46.108093837742196
37.548421522882
74.96221969572625
37.634591971308964
60.66938212161881
72.70410281492985
-15.797396414783634
-4.1206485425232176
69.62297594772735
103.41064758405173
27.255202310823137
75.62375926005188
-45.55597553525996
-32.05129731322439
158.9795833090309
-259.78188717398734
-110.9851628593151
-445.64331245222456
72.60105380184245
-0.8338485035355232
-157.74860576636593
25.485953595108583
192.3240187736492
8.396650567907422
20.286124962293016
26.11814000834056
-19.06098411629091
-90.75177633799105
40.70024828565312
-210.978416690391
116.98830895165133
124.66733193555774
-229.8385237693101
66.93195946030295
39.84984473209563
111.07101136970869
17.672195549695765
70.65805975220769
97.96483727372197
-44.27732955023046
23.14064564619993
5.550621199058085
42.67005774136982
95.45574623717806
111.58472741988317
74.09317375601148
39.819362160142646
130.34290740490133
0.22744234046717793
15.766196395324641
9.140485674725255
73.6404418482607
-17.803647867107234
158.2841229377168
-3.9001521331786115
-50.01299174023429
38.327056395953754
5.3473946432954875
47.32864707872463
126.40053008733503
69.04889134608175
10.563045972161493
-125.9330223545494
93.5241834130311
-72.72836080862453
56.209387220587814
29.499720390174552
-79.23456206450373
-12.422571142144331
70.11578241479475
17.866784422699418
69.69636302243543
-16.02530055461375
52.96530189941484
72.0409873118096
36.93994580732715
38.99877922111588
71.53940740550843
146.90933621777413
87.44830917216109
758.4360400409241
-5.212379361814879
30.294696087622924
-31.226807325841754
8.281859658034364
-31.751063967664386
-241.9445345441336
122.64649632392297
126.6148023864007
49.540046701781755
22.64919353432405
13.490634801572583
54.09425626907074
336.66751272599413
-806.5977644771741
104.62023293125321
97.01066128831826
155.02988889524022
50.70218441870156
88.30559074438679
26.598262743817827
78.39484412972479
69.35900953198171
105.67135777186013
3.820489093218427
78.56535096817576
-20.404269578528822
1.1166578307133501
-32.173769090848495
54.70411774664245
29.333608431128596
25.73097688896405
90.18393811604983
42.67096224189376
118.83145270969726
47.67742985026598
22.12663266666118
-50.19514954665556
41.03490924846473
-174.2198722695539
-58.32473800005846
55.71563040543742
82.22588953613683
17.13498896544948
-25.642217519015322
-48.006641928311616
273.5707447714685
211.62874448853427
-3.483450789669945
154.55928427789718
11.909716782663793
17.699810792549215
-15.281674119649495
41.998395328805145
76.8728703575207
140.54328211044776
93.38922755962494
53.925173884182136
123.07518236671604
44.037775321859044
-5.248731535442422
73.0224377909251
36.729382238110844
-45.5483877041529
-228.2073361305047
33.20707474514501
75.31892232261907
11.95782307302727
79.1138608586275
98.06464961039592
-26.519742966765556
-22.971264498800387
128.53802893882096
52.7632098160866
0.5640079846753503
8.803880144461345
-93.12072609858842
386.4308544867599
7.543568794012049
-76.00302602235138
36.712241010451635
99.86713063226489
10.030485478565712
-25.085794668290415
-127.24437362182016
36.59233422741731
-21.0841359779685
36.07741525441041
27.022301068226508
28.703693686855644
-5.113257531661321
-173.20090006142436
95.42741933701905
58.24603541404963
18.463018361338982
29.481171173318195
62.78884189213079
23.7266366933418
-363.97335453122105
148.19349000180227
-287.20210413333916
51.1487239984167
94.31213755877161
-148.02180036710888
9.853001608611066
68.22673312673058
-98.3801298000526
38.26865419511065
22.457238362193237
58.053552512171564
35.43708569811173
-50.31645996701175
129.86820164604774
69.00304141006609
-22.126130923485
-79.28115076488211
243.81477357958283
104.87495933895819
32.421635119705115
-15.369468790366227
-31.233680333912048
21.80906831603044
97.91902862620464
43.97875437960647
168.9419926840883
31.152284686522236
-62.74798116359216
11.873290954119629
30.148376445853955
64.14025974408301
10.91732044943487
-393.5488701533643
64.74680304612502
176.76209447395104
66.24582705855343
40.42521692760472
57.98078947075578
15.687658582941935
116.63315400028114
43.33746851116574
69.0834506195409
-13.796394097422507
73.79135570767585
35.29903046982099
-36.8287646634476
60.22949921127656
23.380980914279018
10.11175785827345
71.56839042681554
169.38661078209816
18.556943347858713
181.3445701662995
-35.324513465709224
28.928711218428816
71.18558314945585
110.86228154797755
62.23258033736046
-14.897773701393362
127.67535481602272
-5.426650072682676
-13.06384719408743
-81.92837225996982
106.0025340255188
-52.34845004804356
8.682712860408628
-15.040939235269434
-226.3244318213841
21.37464916678664
-32.71871969580252
107.45023311941941
14.817324354549877
-58.372184948237646
3.4211124775925477
-60.93314947030922
-7.385813114812663
44.136638390391916
-16.381346771448534
-42.30781455889519
-16.362595469133794
164.60725880870677
161.6187478924212
-7.999094704338022
12.107171343806389
141.9307846324
43.75149090482096
74.06023530833136
61.65372644841484
-80.54749437469127
41.53854515684143
54.15481386603631
-25.560941277604776
49.79248572876324
-90.79258535187728
-107.30643366111963
0.9167766531324657
-6.726534596629111
42.1786327040694
105.07014531450614
58.11923678616449
52.94725157358636
-49.97533132461649
14.19335169679298
24.998199701936983
40.40625293705776
17.02637114278741
20.792874140589266
-16.665639123736128
-31.5054775238641
112.12176501102749
79.84620623881648
-10.502257565202932
10.170735454557484
-36.88335832119121
39.468358099715154
130.23445662753193
-172.07801587079985
-24.234376677954423
-1.546126275956965
167.67190479453166
209.46286413506823
95.17204651960469
54.50483761855503
-1.185091206844404
75.46823751142279
-3.6270480414816575
81.43138224811719
109.15098870739985
43.961730017113155
39.69096075091572
11.875185722336937
-11.522379539426765
57.61280685941256
15.795751716276367
71.1198621526737
-14.251933378873616
9.344284843380365
148.08183361705187
15.307919474623382
84.89306769305858
74.82780192652629
11.316671829665676
87.00995109433907
11.435556207806258
0.4236314567210684
-7.047293874805641
-303.5083349165325
-18.0164850300298
43.27031686471084
44.68649092596252
218.56679532412727
85.96868267309128
2.5646137368214004
58.657064327859295
149.9574067035328
79.25965951333114
15.913365268446551
125.2117576648352
34.187832766973706
62.9747196675753
42.21340188465488
136.55676460633777
220.04364435588013
30.050300398537047
18.01110690214591
0.05524523163907241
-22.272143707869418
-40.68399870545641
74.6138278220684
70.12279936667937
19.3364257729595
-198.71061502099022
41.79554149309814
39.228722084636956
30.950569401059244
54.26929954497124
25.010352536073242
66.80319730152283
18.387040929450322
328.1915647499163
47.56262731990819
2.239312863892842
-56.08682825120468
30.304384338768543
-22.179403500343096
129.64161340473333
87.67958776715227
30.937471458746007
-31.565990467096526
30.152976408207575
-137.90410685851793
19.00342286399412
20.28792313962375
20.58731105341543
39.090506370441744
75.1820897404732
26.87526227435501
92.4201576784717
-169.69219652968786
-83.49403458019572
66.0830140536584
77.41816001107378
-8.676675959277343
-165.82894882557136
75.8058307961698
161.3690010131054
-3.0772353008053415
133.88969974439306
-57.35820759406221
40.500836445206346
-113.04845357601789
197.43766903131518
-257.40870284405355
161.23221506714572
45.322437872629074
174.07503449622845
65.77645130904736
160.49197460745654
221.70398796819836
68.55237482398616
-19.184842155419688
118.3927629665991
-189.28666229400005
62.70834820190683
-51.67750762938552
102.2448464620852
258.24271037402787
9.36852755019013
93.80714335899347
82.8445879078372
-207.05996090787812
30.221981127529876
115.99885697550417
160.55527999550918
-185.72371499582005
100.67826963707807
137.3279404866562
26.51086078173921
-72.29175160984232
27.60341656817377
-2.198349336552951
0.08523638386285659
69.57618714531509
-5.6140319929511
9.70740239209772
21.63635885259282
-188.606885457325
5.571803645363749
79.37188512651983
73.17507197940108
-7.6325040090624805
-21.142727095217722
-14.871889147041202
-47.27794312738024
-100.34985517394125
-210.91340976439278
-64.22296808352212
-16.411738121740655
-6.201666194081554
-185.4335288565644
116.23989399800757
-16.860846055662932
44.670788352339514
-180.77072967381082
26.57695947615991
35.96534965857609
27.886058491875144
72.52379432521082
150.65148912638256
-41.95451218406879
143.13268846479878
69.14886566321456
184.0640721840973
29.83348549937059
-302.07160329774797
137.90045043546297
74.73074709755747
67.75355417194078
-17.374010911536537
104.2833308083043
-147.01131585864277
-247.68156591106617
0.5459446221266262
32.563226405856476
74.05400468229277
31.634256397596676
54.96610987425811
82.83522167021056
-15.441610309680721
-58.879477106778054
-101.32279754033243
4.068120315177566
97.53803440622505
76.32109161533663
104.67379109348485
5.147963830710648
79.52797499291171
67.35650249954983
27.87596332684878
150.91465728136563
28.24170247110496
-177.9363871509563
53.39351657970859
48.33117138422813
152.71570705679687
4.242455336750027
29.27593598100748
1.1519002097167683
-504.37636724289973
13.268226132300256
27.43845867625663
-61.172776644441
125.06184868021228
67.5547036143671
11.806897864402005
-148.70232419082004
15.412276399844757
110.82123717724699
-156.30684596181118
-9.180168154742429
90.39491123682365
97.96478843792056
41.0895074503443
136.98449319795145
29.514969495237608
23.18918521083049
-74.71763969299172
25.94758267781674
31.278286694925715
-74.82005163816075
36.511511290076086
43.28537481317924
43.00307013038025
48.18924206363539
74.04772470530406
-55.834078379524726
186.03663208329272
5.80341421006483
105.9118333724341
-104.78581672063365
75.83222526676326
197.29313680874247
115.28795985815123
-24.575060476595123
-103.4074859710081
-9.758148006941049
195.4579988426931
-0.3733102587664321
71.83971699462722
21.31222883308567
25.731381917655003
61.249965911280015
105.45107993642353
158.87257776815113
59.2460909928144
-167.82842113848363
38.94886469577028
85.10511257135431
-1.6569570803249007
3.548521214228
51.477946718165185
-21.621226499878503
33.738748257135285
97.3399594393693
95.40559698801616
77.76662831464682
72.16202087583679
135.24297232075173
-140.20225271345407
2.987180306462659
59.98543700111229
22.151271768212347
-13.751370221298203
30.119975029513945
75.19000061924629
59.73753494937472
58.49817882794804
68.4837150618257
135.03971676407855
-3.3147134650789667
-36.54143679994604
24.535483500657847
82.3399520089338
53.08399052618029
-67.73535733384233
43.542794815547666
-296.0965722501701
70.11958335360805
105.17330126498382
384.923693257183
46.82976370892436
231.1655589757056
48.84727170445126
100.7662242352103
-275.19193367746493
61.040583712946955
-7.854601617795382
-948.0768085186477
201.92949337380105
-396.04722912945726
5.814585057529712
48.949957057917175
-18.289738026463965
-23.028431472880584
78.67685002203643
23.729374583368312
13.265561522503699
51.925773130747075
-2.720586345141289
128.96272652386824
74.00346296184762
11.883594391335464
-43.187417479443866
74.4648078951218
50.942877155644595
-0.1521452257063629
47.283433926268785
-170.53202600745135
229.7967626148211
30.22823586035191
116.05983575766459
105.35303510521055
-65.5796893477705
158.51717223172227
50.61148085881218
49.78090638876013
204.38113237961898
36.122622587341816
-15.285081860268747
77.50571996639894
42.45508932938253
-13.815670523374592
191.5817331828257
69.51443542467132
124.53105465264798
326.67627999126535
93.94943560848378
56.75310799577795
13.88417215427952
30.4181708456576
26.660073641510646
7.757884814020031
16.86720574510673
91.75400286363129
42.062108997434734
74.30353723190933
-144.56160874219222
-55.68731003288573
-2.394817217245418
28.25900840255314
-39.62152491959341
6.770111708739478
90.24527041004225
66.51576322338587
116.04852832196502
-45.07144867241823
2.5822520692437823
102.17375762380016
9.020605114141176
-79.06384771508056
-39.10536315710942
120.39874752146761
4.884362661692241
15.51192428587239
119.21413232587179
-0.6246935636839721
-6.934724036636393
46.87711794349627
-72.90001419549026
-335.0744308818885
11.318658767154416
-30.129766215776627
3883.6079442135924
21.611888452825802
6.688022526947026
35.97923961446031
60.3402836018131
45.85709430259638
123.37944472722734
104.26587565877117
42.46362628446036
60.85978648060427
80.90399911324346
-44.15965117756799
4.542270578783481
-125.62396758150317
-202.86187662519887
-188.6519421738942
-70.13917283393793
29.544011992243213
-73.35946456560995
-5.542747965026592
226.6539052571652
59.47932609631391
112.9809508258644
-102.80462227995304
2.781813445556723
-278.10711358486515
62.463370713492736
11.482217653707258
185.28412621565712
67.78291484872675
98.32222730029025
157.54832976024136
-5.75047179471494
106.30985063248238
-86.96714988681742
-2.1109304072206534
-5.803773355861949
144.51254095591003
122.85124846160625
61.50655555891058
55.294811592548655
-1.7339085002796377
143.10259916914583
-71.15532833245288
50.22711683896296
-41.07881219174294
-20.31595940017587
49.39558209589586
85.59081430574258
46.003348977580345
-10.482671468172171
71.22566684317593
-175.9598001450131
100.27534868514203
69.4782750826156
12.425852039837082
14.895714030199672
66.41819157478474
40.90352237984007
30.412388274812614
105.69140442520336
-30.94524147100437
-10.244958909358957
58.3071510644869
-56.805703093421016
-166.8070699230807
-326.3706194732222
-83.83751144320647
44.42521318393214
-16.59414872331175
168.42641045865457
104.73778425954242
-61.40834548179237
-34.55680266031959
-32.04655122323231
86.07495695174563
-3.799651195882234
2.130385856236613
-15.987036735797574
18.345355660251904
-2.7804049411156404
0.1651569474846274
41.045729647795724
39.5821798812176
172.43011378134088
62.36069660053022
135.80829582681963
43.520909832013686
-120.41794359970027
1145.523120770003
143.0714945516047
291.66493159012543
31.848259633792168
52.560423288827224
-12.662911666235232
26.222638223584852
-27.21682363840864
129.1859404951424
9.52439463257351
125.06056413664237
209.42439036303267
78.75798481301172
37.692102417031066
-46.21688485644117
-132.54901496615412
65.84476587064
-86.64309526567376
117.17701372366855
-15.982974051239482
-104.58232256650354
-160.11987063072502
37.2545366391854
37.988188287635694
-84.86977857653119
117.42470249153257
-41.26993109358591
186.13682971260846
19.05428486645843
24.8231431608774
-17.350522302752324
13.049314605821337
-125.32344660998388
-70.457780760687
11.521844594904035
127.51687673586252
29.73816088633808
-49.13423444586374
91.59431933299584
47.27604516112943
54.72384198366444
54.37496220922094
2.0917681315641348
35.333050794083825
51.805963998220705
145.32108519946087
111.73123317797445
8.081918645191934
107.90344736260613
93.75190003685884
-121.2327102035365
-5.925991652769426
31.928048507669395
31.908567678922306
5.334800541656932
-32.7045255202527
55.017712942113604
41.85139537439983
-31.164099597395914
10.359169405978356
-31.837341123246556
77.22029453655068
63.50049251428038
56.48203892246511
48.37685093548788
-164.0540156207362
-8.41345776394246
293.7798704059369
35.13056849765371
-45.74141251293835
148.20607582322646
44.05872353167206
51.135346828516475
20.26806620613986
-6.9533163032674565
74.48870305321282
30.14532407241098
-95.08314937522982
14.125942471791587
3.263191838387038
76.09758598288309
59.266366262527754
-2.971303359839004
41.820922969860135
23.263399628536632
-39.01565935627059
-255.92164845824118
-469.13317577093676
-7.231892201061899
118.88439514271226
105.84005655190504
126.07658980123506
28.321097738676674
73.42086985964329
152.59796169741753
12.806621209186828
-21.950055815494306
19.86169343428628
46.220054736538145
68.85038677063935
34.52413338657389
86.2247334956046
12.707251042240093
70.54824682050116
-62.18639337853074
-7.942373753674019
-29.24285149792513
70.37937001803711
-12.316289310844494
33.58992223964731
124.33284803099468
258.2556973005662
16.399183803745952
47.8303330710272
67.00291721764427
-100.1516959523473
20.121121723897563
20.87618421232184
202.67347232346538
0.053897820346637815
-41.26061544509139
129.75796876534258
66.97062435783492
-14.452276714821569
9.272510419445553
54.17745080816857
5.359654729193716
55.322684306774136
91.43878264935915
51.561398338567415
48.462634890904155
-24.406350189237955
-150.42902095759655
-119.73354320120734
-133.14005007461856
-4.949869501995296
125.21499598682294
10.784430773468557
165.1410530524438
-129.69804394476705
5.053137680940381
52.87069943571536
156.56133185486215
-37.49928774832719
102.88992606855254
19.58979437492476
83.42659895779087
42.406716379520105
-72.06529675177035
86.93564594333932
180.05841164474168
55.23020007555192
179.2398684068603
23.33107313763381
-65.99160818954488
21.335938773182033
-163.63166443639875
-60.67330025331515
91.95334540772865
9.280656094244419
51.469567829135435
-45.42976928117392
-169.03679084961823
30.419675634556356
0.21815052279180236
-13.137388933397688
110.14734420202933
1357.6012510837327
-5.259924948064565
55.44481242172044
63.24550063969215
193.94966900749478
26.59947766329499
116.47318146780572
30.51933370408299
55.881411875890606
-201.8372899852211
15.004589287582723
123.88499748551476
111.1606970091841
49.9404109608146
21.704237690904332
58.86304491024089
-28.20733697509968
76.98925665760626
94.94019535616872
55.10509809194059
68.7490371935869
86.61615966490308
40.60894327229205
87.74303625759603
-206.69656065167874
119.26990119493325
65.68741567537427
-464.34859506969696
-33.29388204224225
-7.162829057878753
27.351078606243618
32.091715460055
45.137766351663196
77.22898819027023
30.53602322584402
-23.539098556155295
-3.5491848964875317
-514.2056665592095
-142.39469610029846
154.61081958508566
3.73858015619194
-117.24693606567052
-202.78939271297077
63.954776429547564
3.1063397249055087
-132.42355106219838
0.23576852030865325
195.79517861756813
58.88324854472103
-19.448375223375468
33.717011200511934
22.2661756986433
64.95820064731197
187.14605341318384
124.31678973960743
-17.427161769615054
20.777158671259258
42.16377681389213
-95.43213495627242
62.5053608468088
125.81410468539252
25.097946231729306
16.108480450267507
-200.8972387706326
47.80858655946321
35.352878773363045
97.63795005640918
181.7672566327592
11.676789083689478
76.73295750608489
58.7678283234697
-928.1542631706594
62.24317257222128
-54.02233010456712
111.67297307285662
17.901808406425715
-67.67175714328104
-0.9418215940298467
33.506656862232006
17.642657152568994
3.96773749529153
43.23322562694534
111.69718592201548
33.63400892006797
10.994598811923328
95.72689860328137
-193.02368749184825
114.33782396041352
37.41324702909651
-22.073615244259713
-197.00589102271806
1.3076561937373867
-22.54861522047932
119.21792489824156
147.808668597826
33.147209662012756
158.56518306384805
-198.33487207550752
63.39804186989522
-14.775803492955788
68.07410580423414
7.167520551641486
48.27164131378959
44.28452493939515
-149.57100862872085
92.85772505105842
24.141034281758454
41.48230330061188
111.54187890009916
60.05581843283426
42.45424625481335
61.60109399902305
31.131989721767155
22.39022277450766
61.87738946471109
36.87572022000654
53.87221693942017
-37.73926917760171
-8.594710554870687
103.56965354902786
-4.006471550790138
212.98552830636072
2.1076205199139206
101.05962102974854
96.80668502644448
63.78897073201483
5.7661800691977
26.616222765224848
14.608833341271747
-61.82781356441956
73.45757079704867
137.9750899920018
54.28304843322903
60.66257507619929
101.05647855022227
-152.11384408692538
114.85151578917794
62.75832622613416
-50.241869298301026
-210.33430446534203
-90.11689956154896
71.56963634949
-8.351592505417313
145.6191732185339
-260.4546881303595
108.71410711098997
9.184157950152374
-114.44335173886611
94.23680237517601
-89.65371728524951
55.721922972276715
-53.756204870561305
19.308182644311273
50.12136406705861
24.473301679263052
68.38330354256232
-4.85806866861584
-18.229953007208252
-16.570807160966854
22.910953953718977
88.3061593547277
125.8281815796862
16.30635794847074
10.890044664055186
25.84887020262022
180.50548859111768
-10.06183035229276
37.22443517918987
267.67530298722386
-1.454632376890271
92.84626661939865
61.35201202735607
-52.152657793924405
133.0761957587947
32.168426301449486
-9.116319533823102
115.22287253349919
-8.863307039203846
-3.6708711407728742
25.381179723292746
-206.15318461498646
3.8194933530113317
147.02335365468707
59.3325953012137
106.07677538071493
-14.307317744934185
128.6914054995466
-14.395165057825377
204.46363202467228
-80.94583924899962
-89.32334061094753
-22.534671146312576
70.4504541510239
37.39563077165944
96.97847703189655
108.01678480383998
37.54181163297605
3.099272005646037
102.6738811044529
17.439610410646377
70.30896174794407
31.371712781253763
-1.0279278149919264
34.547886380648535
52.21670791191923
79.24633280019066
66.08260215770088
72.28193988854082
98.36897691415379
9.862993886699616
39.072751320442165
12.385909091804683
-40.05901184256663
58.158986596316936
-76.33204322407619
74.02721405975808
14.353963113952023
163.47264901926337
-9.427713079749992
4.729044604877394
33.91381147021478
-41.32502236129858
4.38810053369318
1.7995613835232165
13.965968582467264
148.84539199637493
119.29021564383265
126.78841830437159
-247.56026065861533
12.028716809884221
-109.88682644890265
39.483381843690665
50.69562572692254
84.85821429718908
-17.925001842858364
-805.6056797085039
48.70517541477011
150.66933452214403
-68.96611792228487
24.892677186324818
85.97486834634049
44.43957973620156
72.02824356865213
26.024443567279377
2.8528304821329584
52.47149475240383
11.084135315855544
115.51516047461746
36.171148545035976
6.817704937456881
107.59274342694243
10.804595932083107
11.31147678729113
95.46757888433467
28.005296443264392
33.64506640838448
24.868397666482906
5.241631969173795
5.206353848740965
79.2709169196329
34.59183504532421
-31.073695703306385
20.076272826299373
-122.77638504067272
105.60239286632395
20.025964693288188
-156.3293615750963
52.7662036932461
100.9514498630756
241.93171370973505
30.215299474184803
-11.485951485193839
44.36395941059709
57.85148623092118
31.688542323769752
58.05626439249677
72.271066484941
67.79571699802068
-21.343298630349413
-8.378714796117874
50.67102616257307
13.870558535492819
77.82522682537319
41.77764940869656
10.48711393270338
45.93782152030513
68.02049219120318
59.49775256916564
35.173591731301755
-9.228506291466005
-2.9195132791292013
65.52955104866423
127.16106864848916
84.28062301366936
40.562484182233675
108.47819696413353
50.682062752929596
35.76601286472598
17.244112568942512
-46.86714649754231
-23.948491347012805
-841.069356573974
-42.92638880573077
-196.80501047127655
107.70411225696307
-3.7925551377357207
43.65475381806482
23.73714771296972
-9.816431878613002
-50.06817159948332
16.45942458996577
100.4392941658075
107.08821440332144
-102.15387759367923
65.50649789595525
177.01953119773452
64.68403215535682
57.20535169739924
92.9128150338679
-32.710790385159726
56.3217558732033
14.8926670412682
120.79311236381841
-216.126440931474
59.127420298276775
-201.6872449092748
168.97086858222974
62.59918230005428
124.9861511578572
2.2826428274303225
-35.78393861832319
-31.471043103612374
40.46087878219609
10.953463753720595
55.11250247866627
10.217810611706515
74.13570077580253
49.61792248918203
4.659998275532871
47.29624002642504
67.81716310368726
136.84313581329798
131.83209869627376
-29.99476350227269
11.836224181283796
50.95781647632833
107.38010964185014
65.12210839334284
104.15227268567469
26.42953001108382
149.37361071188593
76.14658467949852
8.025948644702112
23.890772506857047
-17.098688895698444
34.06419794610782
64.17601067184569
58.00108230512865
102.83043736172499
97.84780515478292
-94.82813796018172
-61.9916479097642
-313.5666905187673
11.974910905478762
79.82027769286746
11.976381127209628
23.515955856317227
28.247880544908185
-53.72986328015577
33.051142648679615
134.84976841672415
70.28405692727938
38.06781481564562
21.05932334803243
19.81593989682642
73.23726649884838
-22.203264679496897
-95.25815469115423
34.00991913246588
159.82263852714277
140.4682451404169
139.93795210766507
85.11848519869636
-9.137421653105775
-50.809162111038404
-35.156211240262564
-114.64793453886432
132.68565498964517
-2.510853618633064
125.89438506984106
31.618536739038888
59.91836517799527
65.64677161201121
41.48199267189784
287.77846016253943
35.389154128111
39.480425984122355
182.35003032489794
120.16503677620199
62.93976939692405
59.05648968206481
63.90912928009175
117.89149478925992
89.30182853636359
60.107736350547384
-34.38172710835579
64.66032203789305
6.630885966968211
13.949629291499106
30.8539282433482
56.59655529592328
88.75756898053896
47.955217672885404
-1.6984127150611645
134.3037960260731
-449.757097011621
149.5107670305424
11.974570435419215
2.2273378874299334
-140.01611428573338
126.64248405230364
106.65702532218131
135.99720913845886
-14.628537998261436
13.69447987637188
11.939753663200637
71.23164729373698
63.84250206393381
8.586761021224856
27.36427541347914
-11.511823822745438
57.9776960513808
82.7131150430032
90.85969481484932
-42.566808573988965
7.284004898129242
18.42388488349843
-242.14556805347183
-24.909488520335863
67.34881983420246
48.6301688627787
36.77251067680106
-24.243749601159834
34.54249257121114
54.029932193661004
75.3773526669404
-26.782700010096452
195.17797668394905
50.59659344901516
-137.95353016823356
-17.005629790181047
-8.48633750682426
-1.4305380368496117
13.134154347628133
-121.48468077471671
58.57840737028931
31.63634273648563
-146.40216920679404
21.780552304262216
-76.62042257716504
136.6530174315003
3.4060707304750157
173.60832593842724
37.16622690120764
230.9702186870063
30.478584598920538
-127.17648720052284
72.16304645292882
66.49610794850584
-8.009899220552597
11.821913252781883
-16.56163636480005
-2.255411248822109
48.20159176175321
-175.4542288091734
4.4666849369779795
50.621399504674386
62.279483406915006
4.188577831080636
107.11337877640744
36.44312823188936
131.49025512836852
-4.815414428694112
17.352902987422056
-94.06358353535552
214.57143284266022
165.24798557313534
151.6075428021436
-63.964991053188825
12.233994624743612
24.747061037826825
2.9496154708467657
-17.723230384583985
-105.36302881312122
110.41232639918758
72.17249041988822
8.997284093384224
-3.163874361131072
-84.38255765345812
-326.76694347004195
-41.55587083840737
18.50240403866816
-60.79889905757773
-205.09847581069334
38.805888581315
71.22428793762128
40.90257696331395
59.930744892158
68.73223390398653
8.533072539190925
-271.9726655443774
219.03433995168734
103.5687851098537
60.16630461195001
-24.10136090717714
9.262156089296347
7.7368386862835905
11.391286404156347
-257.13849124192814
-65.30915264808618
48.446644539489114
239.6412086276032
-111.66971277864059
-33.28180557047473
68.03700338777796
147.6302889831668
2.7023765553867634
13.159168090090589
17.426996695071445
41.23250944899205
-347.274504377855
56.54099094732601
-10.801406233125675
37.59315340042802
67.77686888622007
88.16808008870885
155.19024846789262
40.55352818607636
21.115509820889613
104.33123012731039
69.35144743773208
-0.45048574339409697
120.07543606975531
83.43331544371222
-130.2817679774662
24.504161370329452
0.7228376072375795
19.056880761723693
79.19226932604852
9.306150962001993
108.22571877289806
9.636333027366163
34.18412301676926
30.39568737246168
75.3308097532281
52.01280155629365
57.86721340580834
154.90159757924903
173.9791242705969
-165.87152625157978
-266.15564808846557
45.07723721689294
-15.216905115891677
-287.05142637342215
22.251669781179658
83.30946753284434
103.13884440254242
37.75534316276344
65.65523324480218
59.37513772364241
6.873172276168178
-83.83677148874196
-26.834538150306102
39.65988797046563
-16.403188371150918
-8.650471283443993
44.43428823554801
90.17241610735891
-57.74081539885401
56.32146445526104
127.41045035260981
76.45571613000524
-141.5440189630085
30.085681250717613
-21.198135668529176
121.41443519061772
80.96825683874738
125.13377174710126
114.42476644106455
-194.36593795414365
1000.6921160981228
-7.067837592158071
56.11774574707215
-18.37884921775409
-126.63274019411892
60.14714895712267
20.152674332859306
-30.42960115358619
-11.627615125220327
-210.95162247580356
71.18824765466684
72.78608747195813
26.632902759064564
93.69324480701084
63.627414545591364
-8.836652904432105
72.92204351519968
19.80765845685496
95.92809250995697
-60.01106756560557
174.9224271315561
136.04948280499093
65.05408566377992
17.333856245769013
4.2069764391635545
171.91231816583286
122.86984423495778
5.979758754924944
-257.48758970494873
117.36181757722079
35.21120945397206
-151.4664796917923
-32.11485528799007
-13.96869402265266
125.70978665773077
7.167784685826469
22.60178184082588
-6.636697918326075
-56.184705897730964
47.20022273953373
38.48270323544733
37.12665926083076
73.62259962407506
49.539261187056304
-38.505638536124025
2.230327049422585
-179.96471648199304
120.02013270664065
5.507949798442058
23.512086917020017
17.961805589388046
10.954844594706628
27.417384141701014
104.1762681310712
-5.150196956069179
-541.4602255026414
96.44171765375518
59.39743537480564
47.6570651419884
64.76410639336859
61.513480052040904
-143.92453416393073
87.61803626936944
27.502464849804255
-74.31028541857961
-233.5429443522985
167.79193306837578
40.97079047830614
-67.90333661856494
54.307539351798255
-90.90771903794484
25.875162602140335
-60.5510123686945
-0.7721367908725225
270.89132190134296
96.20429386809315
-111.34858041495772
43.95887313152881
180.00109408651406
80.3044445790782
-53.86535444364563
125.10912329906205
18.06783072511613
23.387301671667586
118.67015772705236
64.72382344569826
60.13929896182253
34.451397566194714
22.73319393530892
105.89310219811114
9.816009269970436
34.200319543126966
163.98089667407248
100.51289287315501
76.23368595866964
-30.940635763123282
172.1797284498266
66.35849503091865
-285.86178639559876
199.9109471931115
49.95605117703212
-29.079589552810226
43.708706824311776
91.37184485653273
138.50525721179974
106.24243069530985
-157.25064528383473
-136.59948899385927
77.05603213555696
-87.25572400195794
-85.84130020023076
4.426180485235055
112.33226835810228
-18.992495592388703
44.34728191120708
-107.47236951346576
65.13189805231298
-2.766319726742495
55.19300786180753
-12.981116808222112
81.11513261336813
95.36138589313396
-55.333008125335255
84.76738093062716
53.24005967339171
148.78688304207935
9.437239419798338
0.08605829724732417
50.04041684404774
32.734249808119785
-3.3101679291900012
74.06456086309299
66.66158189154277
65.90314276633501
135.2677287703059
-18.374597135887434
-15.111795203369761
10.785218947673853
1.4638547785755236
-813.4403189105487
75.68838237055365
-1.4318025368903395
43.56059210077899
88.56171235403667
23.325576157605923
-166.71657190612223
-37.622387428469665
22.673197922958778
-6.519743244116853
108.25963614645707
16.07317192838782
175.9711411340145
-317.5006771054814
82.6430874994021
89.10409679542545
9.47415990300533
63.01340392370798
23.30037951381071
25.277841981966503
4.786975066875707
52.14962324751016
-61.77202846369573
60.59961900183214
7.784053728328536
58.149296748073766
179.87934994453553
92.61942347121112
44.32256952915522
59.28467827442756
62.11604299146245
57.4128199856259
45.89509324823366
-24.632010309509496
-30.371816419931292
-242.24677149347372
70.47994403324321
-148.10823336015756
21.63521748059375
44.3755159556206
161.21443250624748
133.6708355311839
89.570386495528
52.47197319740033
16.073398044843202
64.76269706231733
-105.96210914956191
-38.04484226051926
108.03550471072936
41.380448638823054
2.066475683223871
70.28825437899634
90.90460508570129
1.292901577881552
72.74154666650148
-243.32320690210963
-28.739684164493156
112.39101400042523
75.2653754246517
-52.28068260125019
-51.24834101770193
31.520864087593054
84.1651397039812
-89.64827793838322
58.512760793969505
76.68539314747977
34.440488523968476
44.67714915519298
-7.840529833287292
4.038704299552923
42.3256150827923
229.36565337191905
71.00018154005193
86.20657780177942
125.05808017794334
232.35550119530672
45.69081804728461
-81.60849336333271
44.09484008822746
148.88408349111978
119.13941899355268
109.50949386934485
6.296021534374631
-70.33119437380304
158.83379542208513
-52.12459188171033
-26.26502735285905
-56.83310758626658
0.5963835605438689
224.54763762921948
-131.52317700840922
-94.06390633205137
113.2924857170351
21.48846808515098
34.12349838890063
70.20109271057927
34.73179965420263
97.68531750717239
138.51234909022696
103.93468588570715
123.37193038945657
-4.392378174065925
49.639818863730476
43.58544706516207
73.69603490554164
94.15096008716273
39.69596410264239
-2.478198937324578
123.02211310483835
30.94506204546493
11.747495082487493
-7.549153988910348
75.29854414442784
-37.61260405208395
1.7399633207751681
-3.823026238437251
30.52884000515204
-177.256886857464
-109.00890324361444
-6.805247736768406
47.2092373315035
16.693160409389748
151.53367531607364
29.915597848261164
-199.77909272473698
22.06635893021647
271.8672210867312
25.695788114771204
76.40683460535502
105.11734350027564
40.238415970424626
201.05043561317143
111.384792610977
-64.4334274234512
164.91086411743663
20.38403888713295
-13.260640703821991
78.50104766289599
20.21734112495278
26.671001510506144
-21.77906207568061
-100.7175793481133
53.73853388187317
-4.148632346377252
19.3988282278724
86.78937446489869
-40.67928133495025
81.72221007615121
13.255253128061286
40.59454662517943
-54.38367867180612
78.37175607324471
8.720442085189928
37.015440271039054
39.195949956810324
27.046072654048444
26.502426347447
239.96868074695067
-13.944067845799509
70.74892853464058
-9.260590985243281
74.55843005350971
-286.87471566644535
38.653049893695425
31.58616117552837
-56.95722744396244
78.17536257051711
47.68349698645767
107.62945734900018
-87.43068808562565
163.3277949417702
20.089201606983977
-0.446090266479759
-7.9566426012075695
-20.590460289696694
-42.14996931792724
-178.07872034570937
120.93098126825362
148.73205769366768
-24.07339420930974
53.17955946253869
9.41858028645312
-4.810907293022881
74.01888447412887
103.79937571943219
51.26716988719045
-18.361962384894014
-20.059109464245008
1.2559550360266485
7.66863848384647
-25.076104417546958
-0.8158323050065519
3.5715314858672116
190.29453556833323
-64.69983099705269
-58.027705561250514
21.11904292239617
-33.22118613216708
-189.9212152180089
-16.6633562241218
6.261955451558241
-51.70084859872077
-301.5966963919882
-119.59146554379186
130.9355293295597
159.37720553358986
76.87285294987305
31.052830023402727
52.330711272177325
97.55582613962724
27.944305328930792
-163.86900529566537
37.69953429971338
11.888532389448445
120.29021116166905
17.42023583901937
109.16092711587976
-32.30806059347987
31.555170360681586
154.61907598439302
-18.069820384538623
82.97250759225676
-95.36871232628891
-2.527687624057601
87.70475551552386
117.46916054802796
50.28720584864914
-169.47149268477278
-22.083240032318827
35.05928713199599
-3.8667084630863604
58.04585152427377
23.02577804467819
54.87731185461803
74.88500131804625
205.5850668305502
31.733085303636926
-6.713907269661612
17.473905206015818
98.67876159314164
24.947690738815837
27.90593736152115
161.7006282082432
151.9166067823803
41.90954366405958
18.767526138766243
-87.47529569359767
14.89845618314662
-90.39825430889687
4.693702712400135
132.56840169781412
13.514436420437473
125.94161384557083
-18.619432532014645
-15.293992314808962
23.71333842467402
16.779180836489054
48.480198081519575
6.600726261549374
38.59311546103379
67.87864443707849
193.66063474974453
-3.121959300358228
84.2970642532008
9.921850122485125
30.69309215549996
94.70254657575015
45.47207264294798
66.81087178788312
-6.437013368586847
48.21962781281122
29.667677057739006
31.9310363015993
95.5375005851406
15.478376440601462
22.111750934640895
46.453081222315426
27.308342945386077
20.066289747817542
8.719793085697347
98.70396795671786
127.85582885984559
15.042405898386278
-118.08760794595226
76.18736666060613
83.89646989584884
3.1537739568514045
23.031433629237515
-48.912658184396605
83.90351042410884
21.98875353072547
60.38253693063469
153.6968720086311
56.077388342829636
-97.98332416881566
155.53895032232413
37.40247666080444
268.73808162618445
57.56062250443779
134.6973402707913
148.84482099595607
65.69091352069486
-17.06804366381448
-188.59289049706877
224.47187741864673
112.8612963278797
86.15411842192634
-27.22335957646419
41.03192645102678
85.65744257223469
20.79293255229248
-17.055501668447505
24.62809979557369
16.94244375597185
69.22345105296145
12.354848689374329
181.6046477620091
26.120642675789824
75.46690046125025
51.59703040286405
38.432899413704035
276.2006488241077
-14.705869919167924
-39.74433033590622
96.54675327396046
85.17189838686272
-16.678479842040815
80.80083626967439
27.46859746161286
120.3739768579826
100.75003440663704
17.441594160861314
25.577881222674193
1.6669631069121351
-18.655076041472967
-129.96709909767333
-133.62141739481194
255.96617478101098
75.49245664214789
-71.56236061733767
62.08349087955958
28.01542024453738
-97.50611723201473
117.37444404442476
31.109470401957168
145.40710243029662
54.72792943266941
55.34906761559546
110.26661263896904
-28.71452709271783
36.143703144697156
3.3538693616627597
139.12199846991643
58.74235639278194
-14.360681834143373
56.4154855946946
-172.97687033272797
167.10848877070566
306.19087953548797
21.26719202321692
152.0144811973114
4.76193957608647
-162.06127084237323
35.14768552042642
13.361983414608963
60.2651115710737
-6.492123212113782
-402.9928792555987
37.0216618943523
-10.378621987822763
85.9645859594225
-21.418695535870096
154.48970580026753
36.34908683756038
88.79091016228432
74.21221910562178
51.47177414560758
-13.858291408207506
166.2412307129489
36.482158282080604
-186.1668783475643
137.98061009238495
-101.99757212893519
16.969142812725515
-2.7738410549951666
-148.29753273128426
60.17801899621884
32.63132269955616
-208.8574082687419
-4.6874011616474816
20.41676436705393
-22.853418604670622
-50.404933035326394
65.50902229552227
-83.11887165501912
122.53579069059742
17.22779224164836
49.46008186109766
54.42280198756973
26.96754178291087
47.611191101394525
18.096752502674008
-28.10888471665703
119.58753909399593
20.87885693266194
37.13233596373856
42.15890118561357
-777.2713121703981
-13.369891013523102
-403.06660907864745
64.04207849317208
4.205864835811665
53.516686192878936
26.069236970298203
73.8933177820776
90.60494808965177
-4.394181447974742
-35.18352593235386
-12.528120626015152
110.31022985772188
90.20750239824974
-116.58270409578063
-30.670063059531458
-110.60010382664905
132.08586091520374
-29.363218230156235
-17.441726198316246
-47.24161908701899
29.977912898641637
-95.53848209230567
39.43279403969245
59.43508791533512
68.30261344284872
-23.88965185320103
65.14305427220279
-1.2909354561043633
43.76133817775781
90.17946595443016
142.0567355638309
322.5506841849947
0.856985304505087
18.336911261085334
-308.57843754535406
9.519847399242758
-78.01511627736909
56.603809487421415
-294.0398868157963
95.32164637041512
92.31688848799467
15.77115831358135
195.27989778666915
43.61106562186913
-205.21524997059623
-33.08566404355952
-146.85860132174093
69.76139517385946
10.514368654650127
34.096683940194794
-95.4077160826314
61.46626384335468
84.16870149863792
11.86527892185677
7.6544412387439165
-24.900904763489052
-61.27251462148869
1.0700188293157475
-34.25222783189383
58.281480995054835
3.9612611393235966
99.58311590615307
69.05446402868137
58.57815545340772
-112.72012735399767
19.239825800546896
17.8071979552333
-38.387147772715025
33.92945229207453
33.71771504675231
-21.897459760882914
-8.512984913857633
106.67177966186318
116.56845351276115
7.979747787734652
61.64679034254725
113.3612313860699
65.26130819852537
-271.7202426554195
11.759721835129223
-31.507459579633178
-23.05459384599635
12.929943384646776
119.35476734646022
-15.914680693753667
-144.05732129187163
9.254498708786889
-14.87574712112189
21.502531808004193
95.34542807542016
69.36151275939659
116.63947195425817
-117.02060782340823
30.012489834267
124.79241949272443
34.14687184116508
1.6430831003017943
-12.276341677549226
14.64624088039892
90.03919478708985
76.13985795435974
94.61455938471954
-84.08953992025954
136.11893822982756
87.83944680797828
9.722225860177474
61.2683790834202
22.35284185402861
150.49058631830053
57.195768790736736
36.593830778584575
-159.207087771003
14.4133799324336
-145.15378530959333
199.8159716128339
58.21774939704469
146.3367128635157
-48.46717786287445
45.14181843962251
123.59255838787021
-38.76774363396453
-35.91480219676207
48.85841632627811
5.0164232112310945
-126.10050543563284
153.29943888371645
0.8263294215629655
53.45446279290218
94.32651764829353
42.23017846595906
68.31192967100947
16.166106977740128
103.50346448686514
77.24609607619485
-28.237572438993084
-468.32439059358785
10.15174967730957
45.27465584202681
36.18233654659821
-12.242821255907103
9.627727806050146
115.48509296794509
29.1839465295929
17.50167533439503
54.99406481880192
47.16674563967915
84.99446466126074
68.82344741150337
16.73498807999035
23.53596408360474
42.48487563116805
-16.78717457099583
28.899797689448405
-17.041452395731763
78.95582487929232
-210.22807854851635
21.2676037909373
55.585394445031966
-56.26412857850573
-377.7825935157043
-4.421974824150831
37.488870369621964
46.58198351824194
36.583815281073385
116.9741701109815
156.85924272466582
79.7343866068673
59.291028442412426
130.0237585091977
4.52854793865925
76.76784649701585
48.3638510244964
-15.368522725458046
-29.218188448879907
35.0173291927464
124.65508578479034
79.96642588177065
111.62304220835654
19.581616300386813
-30.170167515473846
32.12409034945739
98.57869784413691
154.25707878740377
27.042531584017745
37.85459506703988
45.55191161676566
127.29334739878095
78.02002648675762
20.110768182522897
-9.9409931288447
-12.255699198168118
19.01973993755752
-21.521310077099347
277.617085240302
108.81661226856625
32.53853312477031
-11.00417393859567
144.74091136718653
120.5076118103716
160.41493846579033
2.4423126454984683
50.116133395785425
90.63783312179936
35.11955470111744
197.55487868374848
-200.04334882147032
3.2493958565296452
87.86859759863495
0.809470913037984
48.58787486187424
11.437200694203277
63.85118006355793
10.57194559528753
83.58531468596493
16.896081419505663
47.64061638169373
47.138495132404444
-47.69404693879005
-238.57036589378458
-20.51377246515302
46.39514534215282
80.05243044810342
20.210283157260733
-16.17970985481952
50.47238180769
69.5306484794936
-170.66802110818298
56.13723452838701
159.3569891310599
-7.527435390621122
0.8220355194041743
-0.417391617778776
-21.933721469650663
-184.0833756656557
69.9805727839821
125.16555559691142
74.34249059305512
117.42816881807676
118.40456770608944
-18.3345795422307
-21.510952719792716
-11.978102769403142
-58.362587704156795
-498.66516884438414
29.06708333194867
28.938022357017225
-24.861563417563048
91.35643915956456
17.345579885839015
-102.58117258400307
9.976252472166767
44.38474547895107
8.269871063842999
-67.76905915427024
11.23707917012384
13.989144828724262
70.94539178107215
33.14279901115113
36.25839054156655
-30.048870028645226
-105.52922765735184
20.744946787496822
-105.42795437506174
0.46782622198179524
58.54067714998587
-158.99935784675063
66.64715044068973
49.89636690981911
26.866528429235466
51.83303229674549
-34.89990595606605
26.28308024518072
132.71803118599837
25.391608535556568
21.70224971406598
102.06838816684012
55.63587111728884
0.699325577840682
-3.8627363794844314
97.70040469236801
35.59989659032751
28.693297294660795
53.085470323510435
232.33473271855473
-60.33159435874131
-45.69875978151322
12.207484201982425
22.842277647684373
51.529718181470685
40.64834671766738
177.9773315878133
69.62138812702324
49.115988026718455
4.664489322806276
-20.23184284486405
-0.27207524163169694
-140.7401481652256
58.6111572852808
36.501674695838574
41.414000708616186
8.627124365407326
93.54306298967595
-22.02879620037038
36.48144805854018
29.1326914334486
6.785425780876695
-18.86648237205827
-131.72856952548045
67.4831196664025
84.04906017059784
-91.10742200411914
33.27928492811471
-22.811791269430614
-66.65524509815123
-67.16729086450277
-25.43872461246883
157.09779929098204
-1.1460023691338392
17.946071060387723
70.52730295272977
144.24198622376548
7.328458756835971
67.50049914985289
22.110461284408988
65.20405589015786
28.040303271381617
280.63019171184214
-40.54405176965247
184.9775711758034
83.67087727023772
-11.25257081186146
61.75187090791431
-141.71119631986403
41.13087380762454
89.79239160537009
-26.469281268880422
62.21685861901392
47.072017710390384
-17.288345030254256
48.91889062430355
216.18209425315945
38.91882654602978
150.06766271144306
120.04056075672315
-58.01245389419273
-30.527043800365846
151.12625804299614
-102.37155053569313
46.10330434854768
-0.3116444176347509
142.11884840261564
243.4969965922819
17.02078831467395
-88.09471549434647
20.582815675090014
8.664182316769761
117.01666728644886
63.319601045755945
32.15501627104225
56.093666820078624
6.608336534167828
45.822488308095046
34.33589273024279
152.2928239746734
24.65287499567389
22.97903242793408
-6.536291032047597
121.26883537413505
49.98099220672299
-124.82826070227156
55.18956869809517
124.26178771412947
-47.22630417335904
-97.97414312304545
31.7318129110601
28.8588090993926
280.6930332718375
24.00909538180565
25.018973067893658
2.1223880766144347
43.17833933203913
48.19248200964765
71.6813437460055
154.0468001365325
14.569180486219908
-82.44055341109743
61.53794708449277
20.265164615391605
55.91567345634235
-290.16298831294716
-404.9582479417952
53.05528529862022
5.994527173258638
127.77377532260789
108.132739516338
-83.85277473762153
-149.98979992296609
110.24716587338526
144.5106654666365
28.77027446525787
43.07959896104319
7.23256861330635
-41.05336887135172
124.51376448941937
-27.787227185209797
32.775237656779545
95.66334124053651
46.61541495644727
-14.946149301198602
138.5866506147877
-148.57133270870327
37.37844935249751
94.44800689289917
111.8500779188721
47.20916044008277
16.956100924182998
-4.129592609631057
22.28475401665355
152.6763217954308
67.69722509536541
36.82303066176701
10.477881908076597
-153.56433088772337
-204.44074318691128
26.724164895634203
50.09698341770127
129.7300426580914
29.62774631758942
129.87113865607034
-88.79286335472807
25.713575409678057
-61.16522107121922
48.67137308506153
23.90132069724459
-222.86913866801
258.5960857000264
-11.521616993774742
156.91918046664114
31.131405384934055
48.35184915073942
152.99325028244948
-95.46548813388063
-16.020069105055835
97.88988657375927
-46.50631677726551
-194.4085183473726
42.958143202040446
43.44718574158924
85.47265614421337
-1.1673452619827742
16.256453799528757
50.19577110866976
111.99391978840322
-5.870510087036337
193.19063281405943
49.6950022486036
-32.696006276412845
127.20899216312125
72.64221615563307
-12.367218411341407
47.64881989914193
141.24453790480584
10.359486110493277
27.311680034189678
-58.91562432812225
194.4146086009132
117.4151458512315
124.09958414245875
64.68200190186161
44.06992360953265
-35.883924328785724
-26.642127767675962
85.02590019468016
27.909160633581024
-31.897429381981695
91.84206136346165
12.89868898666217
113.76006909891544
31.59178796605852
43.66053949955901
237.14502376516248
-17.466648809576782
153.2717967360918
77.17448442017621
34.00785933845282
18.586642380593638
25.653243505772025
171.63093687537753
96.21166902814593
69.29902816273906
30.471272294502796
108.83862588382453
14.031045812723391
105.4127290341778
61.926604305319415
29.894267179761755
-379.10590928008526
78.5108332864006
47.94716852489582
-1.0291093188025675
73.32875254082455
42.00156781233294
5.378374791990609
78.52217274958457
82.96427771985645
-178.79328784930658
116.89927834307264
35.36248357686557
38.04840821592347
123.22821858335283
-55.5173278542602
121.87168562124384
-124.73897941712721
22.44966660296479
2.433783428899036
58.791793170469106
25.35239027145576
103.95518774723791
127.74055404504725
140.7361497945817
134.68573604549965
173.6153792551363
29.830733143399183
-24.187713297929754
56.535661029972886
49.08513894686084
-101.8981667895323
35.034839630418
10.585956253766216
30.06327242132238
-54.811809582337304
-29.575391023392058
91.98887430325124
-11.808137039856168
-16.401494517687297
-13.99260636308827
30.03095077375844
33.68002135312234
-104.47290553808807
5.592758231749009
-39.020943559935546
92.08514258672767
-64.33395617503447
47.89415003452041
20.94678672536884
6.055516600559486
-129.29302160938187
23.049817958541826
37.00900523139097
94.96434632094616
-86.0935868283018
84.98632072189775
21.277941614161136
60.86817959580884
32.66172549941844
-7.841587411384808
-116.75361692019851
89.61635187124034
87.2270244373949
86.42960160432088
8.362085563341765
53.87783750452638
25.901726600714483
-5.37927083628056
7.686959252611758
37.95476029275875
5.224366025835366
-64.75319635601682
30.47902685450594
25.283680086440093
64.77197445674528
77.2880747760928
-120.17643808477351
-0.10998242354813716
20.006910089131622
55.22472866126009
37.47386245643838
7.7579850594494815
62.30230668931978
27.875871519845987
-106.041381831119
130.387632557713
12.078937801049571
35.17560615709638
114.10233805022244
5.108601600552021
19.978964084219328
54.69778429928698
27.164521924810515
-7.9910050831049375
-141.1734559579395
149.51712817556336
115.97753777963248
102.09082202210584
-30.655966242733484
42.87535828857699
11.791526574236286
30.562805389430146
36.906558933754106
33.915133303731864
67.09505932322922
24.180883506773956
-72.11448949271471
28.949081807485868
34.373019839371494
78.34181827826234
65.84546422571134
97.80075115122531
42.071114603744974
-149.06730435639383
139.99545770223995
-19.23928410051485
96.5045427006412
-22.762589344250046
40.39126147402622
92.87463704739514
130.87999580713222
-72.33119137694575
17.84335902880022
-3.4819154596115474
-202.14080309580822
-61.12050201453212
-55.62494810429689
-114.41372267281486
-384.64575037308896
44.08075759994304
-10.490221381394804
178.57040700361176
106.77156214577576
95.69972780889839
136.46806016288429
18.57100672917083
36.100002105612475
212.07694536279314
37.92239358074312
-58.808181578255244
-64.70673137560242
31.078555197424066
-2.2846106318100965
49.027005312847905
39.02700594454767
63.7081828763956
-29.079847120990962
2.0585854232772745
70.64028252132249
-13.139073738325806
56.166472795730236
49.0894664794082
30.398635817914187
-2.9401240280749334
75.49290890644448
71.22147367446587
65.48324708586188
12.283452351027872
6.853101172493349
-225.4615861027978
-175.35234289446817
26.51072908356941
33.65742292912925
49.260946087359706
71.69978452015903
6.65900853869295
-205.18477080452885
-6.354040920005875
132.9256733039797
48.29347346933444
110.36161147789085
-241.3284609445027
84.86180850546418
-26.68623656310269
-106.58901548923586
53.344439512027826
163.4269735313403
15.130408895422988
-549.309115222085
47.55155077684233
-127.59247997491184
68.69817267469261
-150.81760149414367
39.95574642223607
31.10707076406587
7.82093708562617
39.56214286142955
4.189401741941477
15.702372197589366
11.962541312827884
181.15517397745316
87.58022611247003
-11.71563404358676
-124.83639587234939
18.47381437246213
-11.56835811204013
-117.6507728670149
-20.282579352067387
29.356836059230993
-3.398613757684566
12.079836244312673
-54.15829194133403
130.3069408698566
71.54846208944036
-83.21415403495894
-75.20629439917866
131.7265524647314
137.71174287387385
23.633303943377996
22.283329033479276
49.485396454134815
52.78090001024248
-3.7325578574724476
81.35937881632617
32.08128884660627
23.421051990828012
47.263631207514436
13.12690146272007
-75.63484223470687
-3.834007108767937
44.75863848765183
102.37776543746986
113.7973086966017
-14.376274234589573
-31.54924442358298
46.508969730419494
19.146171093502744
36.14652008749649
5.931419871604703
167.6919762794746
174.5890444277561
52.9790435508032
-36.615005186975395
18.066788411015295
72.22418412129588
-112.51281100336746
43.005193785512255
124.15366887815526
-3.491454700423458
18.710839189941225
53.75719998316367
18.53885934388302
123.9503399601283
41.04134752987517
-0.8502003258563167
100.248778547862
92.77945756077452
-64.75160011013213
22.839059007347114
-114.11608639093856
120.37846894992731
52.257416533756896
111.14732929532147
86.41461085288165
-3.6711583178334877
162.40413169774456
62.006383248314364
9.15164507962686
73.1290789871955
227.5417959172546
-37.051485411391695
8.806504761277864
142.36332090111148
18.0665482077181
-2.6422814330586655
249.11462178192687
-17.41517046899844
132.55541267215438
-143.96711292557666
-49.68789792005555
40.91391383647169
90.97092607822424
74.1041116567194
-17.171466786369365
60.47498257951646
8.914818876452
-6.976615086633676
40.81234820612847
-48.56908944470956
113.01595043254792
89.23191773192138
-71.14830775447763
115.26629039661702
247.39673545075857
-527.7159158520191
1.4350325394877892
-7.438662776581623
38.148756890137065
121.8101793852311
-47.850160665349904
18.040006444146456
63.692445785169866
128.19268870540463
79.86622993820868
42.23132784698032
40.368577130953334
-39.58335427354086
80.4284381848006
62.84145749908833
116.79297888735687
-50.052960248766794
235.98974649472711
-4.673278360525688
108.030618698524
39.17850737398592
-15.010164570134975
-178.09892298214191
24.43384172306685
51.751662698880864
45.40531819551444
19.455546420753393
35.09084542892102
37.142822969751954
23.763609954131297
21.907487687319506
-154.95819921628754
67.97995118027075
106.11878453157442
94.61257002150114
43.37154756516779
-13.706378483486112
15.129633507011942
86.6838984556789
42.726561916061655
39.655226616332016
-69.32226181381543
111.13717306603507
79.59271516266426
1.7278959198192634
-95.18486713104403
51.70426844298163
21.70731536216772
-7.0647492963672
45.504663284344474
16.06070374553462
-55.79190356130675
74.37234268837167
84.78824599884479
3.8521826313960235
98.5645719618833
-346.52698653364314
2.1931284431107088
63.93940017372188
157.30041032618374
189.93064423978467
-2.253850407538266
12.002221337971154
36.961222094550656
23.015380405309315
148.76454633574622
103.72733829434901
4.406281978779406
28.31482211370232
67.55386194982447
2.042091280506791
155.68006812965314
125.82689385059166
41.09415401606711
-406.0242147007075
-46.571280169962144
-107.51308878970804
-18.292914787577033
74.27070249760664
5.758070880442217
96.84577228580076
52.04089647955607
89.0084696588624
20.92878595407038
21.430439743131956
130.036148047217
105.74807209849132
93.0276587740766
32.533420211267185
-80.0329689224709
-6.286258158818278
64.83324718803061
10.983690181269996
-45.36350445379334
-3.5650136312100056
15.423713644128505
-94.52793186722738
-48.199740107713296
97.21659080052086
78.86434300567055
77.64475997937188
-246.74499679242217
51.4436036962922
-109.77178212418539
-31.832762532683773
36.52420944632951
60.38767531886951
95.36801468811427
49.32772767087667
1.9295090867492704
-57.18155511943547
69.91212759032305
93.82660563430136
37.727045543864676
106.8219405942964
-97.90726424028117
25.175165927825788
85.86582585445177
103.29321810616739
59.36259533865723
-0.31291623915878475
167.23220060901212
76.06138383766483
141.3469296736539
99.3256951106705
-43.587541116964076
20.442872330388557
73.93553218478927
-473.46024946848866
-15.568104990527104
13.41704415012826
78.34032287756554
39.71280296162411
-27.191375120288285
231.6664390951746
19.53490782741528
-6.927861572953269
31.610851990826845
-6.318663627866954
-5.747233594598364
195.46759598134304
79.0725812821147
-76.90875484587104
1.7885491298327945
-14.73609597075571
-69.76671154694986
90.12610669748665
2.85182802889625
30.68968002271231
13.539474645256385
19.39009508382794
77.07736146570812
86.54417577187155
-73.83120875310397
100.59807934086143
-24.465130169344775
-197.08291379103593
26.497526238038322
59.446478653862414
-4.704964927159381
-16.643540129313806
-48.03004409389814
-278.94933744635546
38.821805917259326
-70.72712946570391
105.49082886630822
39.27002987003236
14.591470438886839
70.75778883228136
4.529510791528082
-607.683551093001
21.193250304951817
93.55067589464988
-19.714309696517347
49.73677121105857
48.67135551763067
6.5198083848530075
173.25012761197058
38.87782925362779
-33.777267273140296
172.57894289015712
44.98624042923677
55.76448827761226
63.710843463592084
20.613152273024298
110.00980119389442
25.765119407950124
241.0237836360027
36.40015286619814
-91.82738965656472
38.26713394557926
210.5933563263893
93.30757093361302
-68.53351277314778
29.263049592491825
61.80175543693258
254.7730382301379
55.52101656069635
130.6443043085194
-95.29515692916539
88.39377531220953
20.286107675868088
27.959205125304653
-129.21791206410262
-11.953160449563157
34.40486031967703
-130.54726575759832
-89.03827431718955
28.739486455457495
154.75533758627034
-39.0220030495384
-12.794215219688091
64.82026041958716
13.069556350809307
30.19064984494719
99.8177480902682
90.17381323032123
84.12451188754773
89.26230963598482
15.142896290148876
-225.44282098340227
-8.221173546655805
94.29543537429049
19.30094409251214
48.56791608040272
172.33052552935533
-31.19162305284135
19.465522020816152
56.72412632316809
97.82306305043994
-27.182892904762443
-50.395604631881184
-10.575667530840303
67.76852416831025
25.12638180993313
-9.089116708386427
8.841715020610991
61.00690722297721
9.028580467349183
93.01352536949241
29.173710674957817
-2.558713617198464
86.93639787800856
86.55454585997131
27.542778766446418
156.20295643476993
20.240062330704642
71.41173004534357
-46.99593846228426
3.435370657818479
67.34106495268179
137.45263613406655
32.51127676287035
-104.34228363273905
-17.219171966705414
53.0435343689619
63.938272963135546
-3.4115992040684775
76.42209559799039
57.3236260355622
61.652374217352815
53.05119625456176
34.535927203800384
40.10053397406136
145.14418272428657
25.00587480170043
33.86218901540503
37.054590173476186
58.61383996243318
25.86620209341936
80.09995091592782
35.07185133084204
69.5057050230323
163.9802401399461
128.186430854018
-23.899869297213172
1.62823077542241
97.91471818228854
71.78356173940642
172.70441609106933
15.54385590978254
171.48062566249428
143.95482455067622
-30.642492275587756
-17.158694267773193
-123.0225515261227
27.65910285971131
-9.514806823801056
-132.66993546209824
64.73829943754163
-74.48343698054487
10.71539091037539
31.230348851775425
38.71956590731952
58.795546200811714
50.18570690753219
-31.5025877619496
61.68871235172532
17.515064890474868
117.28572876215162
0.662627699128592
-11.769750576217453
19.547033074513674
207.45035021140757
49.552466990654125
90.97626445450646
-18.70752167424689
129.62917684767126
6.395249067021174
62.89397848926845
46.99774796373285
19.594101645813627
98.92402168770991
155.83111707906073
1.9164882862100399
47.568713572476554
17.525776827734283
73.66631843362975
53.95152905612392
66.93345748274169
142.82187849809998
21.63843778999035
41.0420073085495
88.56830693893892
32.49532672460077
63.20714574109638
72.51358059144741
5.9532970682719935
60.06247329897255
86.5598171584918
60.274388783477036
20.67234757712231
48.922935935609246
79.32775742117292
29.546855611283092
110.00036182649092
-23.171142341981067
112.48441338007956
65.83999081042708
33.110247636997315
44.41720470146993
62.66940764543867
-283.6799630395635
115.24088139173068
125.93331294484506
105.26902051138427
29.598245928973334
89.25772923306795
-12.482696330185604
128.77589415589046
-227.39475444930122
-69.2652199179638
51.573302533128754
60.0697423701244
168.99858359126756
71.94765115496966
-140.58163157085437
43.72514877696676
119.83912911627522
23.63988583552937
58.507479522123134
-66.32711174577639
-118.18907136702956
-71.97578720338606
-0.20600078660172016
20.691365834728003
30.17235109946978
117.87969078993524
35.69599856212871
18.653650076242627
-3.5775201176347764
112.39517366670634
-36.110428527718696
21.92285895682054
38.42008985952316
222.97191615655584
80.8031152631238
94.32747096684307
-349.0622873686061
63.37191761937356
70.49247981105583
137.4656752996343
187.1801404170451
-13.925561905374636
-44.7838239529401
190.79528180668922
90.69934046533024
25.172291507286072
66.97277148558874
-24.70555781654366
38.83085841935599
2.9835935779773175
-28.914675881724143
39.90553377908
-5.36322686940896
78.83545736343785
91.85807276894946
-1218.5826039071678
25.116224648576917
33.196715085721316
50.7718087257711
74.2119777566387
67.70878984563848
65.65293212673396
43.04977043557574
39.26864720153964
-48.80707174146955
0.058502300881871354
142.89565471453716
26.15058254414214
-127.53042843398933
-630.1323246025222
165.88544415631532
-44.02713832217796
-64.0746672246046
65.49471567754705
2.068908116217334
12.162869687016011
15.73257810169207
12.697283447622482
2.070827257861256
18.059741655897668
-480.16263631241236
47.775716641064236
131.36421505706267
107.03758401909181
37.54073709009622
88.5676358690589
62.0363541266388
7.593217214357285
27.443210590568967
30.46559123137684
61.32160695701816
71.23777730920187
-26.435966218737235
-13.940365414990662
13.578183666411405
124.65213720406234
-8.836244202099806
-130.42451241350182
106.66304183095019
15.202507252511714
56.07516664626678
16.62410574844286
-62.05472257157843
68.05253519471762
26.964109790350903
40.04243549883721
-11.618820578898976
203.27732058047286
31.909334256191443
8.324218412532552
34.341583038699724
59.636163634948
-261.32509451296005
24.307146529491547
22.894497417767887
84.80141091735277
66.2043951055895
0.2733558662201574
81.46475420221589
160.16451552885428
-7.208066008993455
201.96199786766465
-36.08152418373584
98.91617812921208
-5.847357303905325
-134.3836379471295
-47.04994690769172
25.219024234640983
28.269220435102568
-70.70181846797959
5.3407296684809795
22.736940168334513
-353.4623591331399
-3.291034968668724
113.42426181504652
74.3878451092782
-15.179349855496639
148.38984592624
-112.37353101952658
34.30517108250638
135.58378330918777
23.37764517359119
83.0206048311702
28.401557511598185
-83.26947498633263
23.894021108992547
34.70955975295212
5.211048389614344
1.676507663933478
42.487059278109385
51.303860702069414
41.99609796167806
88.73344325508037
-342.15216892960154
56.05725604189547
67.14189543657454
165.866225000123
37.7334289553836
-17.960029388136263
7.9000196814363335
-402.94126640288033
37.148472585720356
89.85596342324027
39.96656217112803
90.57819392474607
34.500619101613665
-133.51700426706475
109.39218463557245
9.447482327995788
-99.05959087090378
166.02204966952968
76.29257747859128
23.31131631655093
178.65765649741593
-55.64249034266777
39.40966553906185
-0.5350708681974936
21.220591609806757
80.01817473895426
161.1380366482017
36.79951590981005
65.7079699983131
152.79838509549154
24.415337225770475
254.20426255055236
66.64401583854067
-83.1070832866883
-6.281901895765618
49.78206828227155
-38.64772419590665
-92.87304507442695
169.08612474828715
-21.63361063680516
18.834603413237346
-330.12882076563886
41.94213716153439
143.5616175853479
7.412082164817457
-5.465089029303805
21.503539439968648
39.602535487570094
165.86578119715068
129.36760932667266
-154.51213395293234
103.29373449796685
178.61727489716395
51.363760660433854
60.53639968729715
-7.3057427105097466
188.59447697221958
-30.92597423281948
-10.77223187622485
52.114397406577154
26.6963003169451
7.900510499049993
73.8946055184902
103.06857276466303
148.03730772848667
66.18120082049973
17.701482438337962
42.00217601587448
77.0180760103799
32.70690607856388
44.768017662421244
153.61638863302505
50.2620312303917
3.7047629389079475
-85.05346900555969
25.016112044707242
79.32754316731098
46.32535230333525
-31.520446711329328
31.858325867797703
174.8921059034592
47.50395332754931
69.77615896048701
-89.7722810537266
82.43233138446476
-16.81015686848332
-98.00757445611168
10.210465255664303
105.27184538496476
15.87400272016322
4.094802510906315
68.3060086395252
10.52236780979515
-204.52182291333315
91.6256558436744
-126.35161876529492
81.85651547984162
91.6221978618932
224.14769110088218
-3.267804025161822
53.15162945008775
11.628697867865128
82.5612995325082
-163.0608757538771
160.9926472734769
33.65983141950039
11.625719340713204
101.88289102168255
7.25139136337657
-31.403562916871437
49.54427854877205
93.74822047421867
-68.02806549151728
130.40825050136095
99.03561126634827
47.604899832845476
32.5717834034849
-30.657768326010956
-91.8722985463778
145.22267414251792
-120.32073277186191
-69.42094175377952
69.39259301107086
151.51736032016356
-145.59395459763073
-218.38643170764772
38.1373404568978
100.84317906344086
19.628972753442543
141.84296005423357
139.0759936053173
-239.92111092352206
7.054581091228035
-12.408664863370888
15.802015951873727
74.37899682617339
63.111436518616955
-5.245166504912117
-43.19896324007304
40.70326300131069
61.867547141905106
60.338237904516234
51.13584921964684
-155.5641438679877
76.96659679030704
5.422200980755406
-41.988742579467726
143.91769979344008
-11.983018433552216
-41.6942943446751
51.47433375518267
-684.3823467542863
7.015981895531369
47.321191282287145
77.09455803413277
-66.41561096580472
10.992664443349108
-121.60202745863353
62.798812887579516
70.54085019627075
97.67763036632277
80.03049792706125
22.659198362472125
19.660837455842056
-925.6896541587563
77.28723502657294
-373.4472073894585
128.1994367356789
31.493186739983685
62.551562085664045
-48.681715366715366
87.30282920157373
40.98445676547063
90.58229603360485
18.65907769064961
189.5277407281351
62.41043488058358
-15.644196462875698
164.6229089173596
48.530272655534084
43.79406077389115
29.633006390778064
98.1783082939096
57.27655255404704
6.318401372258762
119.43466778833044
-7.803797544857389
32.51697170894204
-144.18413916871577
165.20268237622508
83.03127157651397
74.4807230160755
30.89420661672064
-184.0828012825309
54.76081389727415
-30.48937016774653
20.414492313662524
-6.656596394253846
37.32533685254657
130.71225922094663
74.18599081665593
42.72861718816603
68.23448112146502
85.08996411501721
93.01571773359865
56.232132587106534
-3.5909323000125255
27.985051703731187
-74.82314057304575
154.97899878052
-65.48655626745494
94.48267685640712
42.06568583291944
50.24170947827901
31.00149022162475
45.679753526864815
125.65558520721925
-7.371010205575658
77.8521533509935
-293.9553813127815
30.5424051789185
161.07097757952351
-43.17427321086825
77.16980607881169
27.383803194568696
-37.02167051728332
-30.09320668619239
90.15160470091722
36.166678345896344
76.98423958533715
-886.8832785733324
40.77628885121183
0.19401161544593992
-127.0119621873755
42.25101825900987
102.76903524011323
-25.22200424114746
-4.844818419185685
73.16242029698518
-796.5758199608308
63.47818350605482
150.40920516772485
76.76632263450097
70.23550851042364
60.44254142876258
-97.33742929235689
-55.28754487108836
-1.3399717680326497
192.00881052612704
104.44991201868652
12.470371946592877
-17.89407906682021
9.553595072836087
88.7483606809351
-7.5666460746958695
105.4722571710256
-283.39575479380255
77.85722653746947
-11.101919088322473
81.96679409771036
101.62542291121918
65.76079805099019
-280.7910660853777
63.74281583156062
-127.22784412477722
32.82461181028248
123.7796478189648
-99.75549751797416
120.15627271702078
101.9881789769779
165.22752789892638
-86.36628655366621
-76.33673133421053
44.796304187328694
126.77323252679162
-40.92386970674799
37.806738637732586
33.04885361477885
46.94829635340906
42.13858223935812
40.880284522142674
39.3840338914587
92.15242732213392
65.08032749411814
215.08666187200288
-7.121188769013243
59.85424311108227
12.489092971267528
35.15670005496033
-54.12908024821718
9.336489055209313
127.8196619851301
52.01275641696566
-18.753663815140783
96.08976651124703
45.609011751949765
116.5899921457235
59.07343332729579
42.48723118369384
2.050196799407786
-280.2765183359461
29.397833062309473
51.76871453893568
44.34812446849537
15.442197619004796
52.5524936585137
-6.456817889419535
112.59104655268993
63.292404846193904
124.34601550812113
141.88980049280417
14.167108741005283
81.27067719792535
19.16413671042208
-558.6702171985771
83.59786210968514
-161.3582088031926
171.00447470683366
136.75613583605536
-8.66413116810429
50.950799902491966
12.384956337406816
84.92899381744871
23.660857013130958
93.39579071788194
-62.59573916241573
15.239683788655384
2.4522648265109868
76.76293317553609
-63.94507844393411
-80.27039654480063
211.11955006280186
55.38237477458492
-74.41441673580175
-37.16018340765838
59.53484922456988
36.51172907138971
-84.62292899888143
58.469370141354375
116.19792411379103
-11.77156113029423
-69.19344061544416
-19.588253768370134
16.529095459400377
50.66245723627807
113.11509760340005
60.146646485683874
34.01411071095994
3.942384184979801
-88.97238432026786
166.72925860971213
39.86751278758766
14.876201276862503
12.333009280129147
7.874580373442566
85.72882374093979
-10.240256288533374
109.73187230472695
24.747882104510744
84.57973274342521
-76.00573580360833
-62.17361453740296
199.96814125567198
-2.3866043064917903
-11.441035652631998
95.13746530578169
55.530541548781805
9.56697964192935
113.58425577603498
17.295451031364333
59.15254557859424
38.58468232808548
155.46229480901593
116.23735495257279
-62.98113368787017
25.116911273880078
41.43328074544776
-12.582323478976063
79.40784012405811
60.24930547743042
14.417293541578639
46.38550748473324
167.53164713770389
123.60701281433967
153.35260788756887
164.11418616487526
15.532084263382224
129.3502291249381
25.515098683569704
151.96657160940163
-116.97629219945156
-306.9642672627024
1.394443528273713
-52.81673981375775
74.08631035259893
-113.27224747391665
-44.80142952700771
132.54263023459498
66.5759546855868
-112.9448419768928
-88.18296050934714
12.777089968172731
-36.129231527107926
102.66929939510464
25.614936739644847
53.793583703542765
17.587966650024818
-115.32815799184846
213.0312274481944
-4.691350384943806
-185.8118432496408
-90.69087181946588
67.26483342407255
183.87513193923814
13.898186470415368
58.25362643062874
56.22672712943185
-330.66709899410307
91.20124135286824
136.1879514737659
44.614175869881514
-16.56429917208253
99.53596634961013
51.38944792857275
26.200903338452637
65.1809368728301
168.25867174987297
47.48945309636565
29.962224400848054
-4.080649849974613
130.4013741959111
51.08705500981978
24.618661853666936
129.88473480084235
79.92114949105235
-0.20211719773249115
1.0511236944957074
26.226996878088176
-40.347690431117826
-30.422942765811058
-10.707402543325914
87.68637495670782
-82.89624889988954
-36.49095685158769
172.0693282507807
-3.0140284862417843
25.820802426166892
-38.70960378835389
46.43202651507373
29.257524372351185
2.5701178316836035
38.885250860915306
75.55743412941325
187.71124890261035
36.292860001867666
94.89621662146737
108.92884146404742
11.993859800781081
34.64015540130731
5.140595650902242
65.03638389914681
-101.01016952724058
87.98518465817415
1.527945797923607
213.6267750760303
-48.60966899441837
110.54466712619251
81.46683888155019
12.655548357189486
75.33142031921548
131.669594650828
102.76773576545042
91.36173299599011
16.654108141613595
127.99038099641302
-251.88384197194137
141.9889533799044
55.76311844846248
34.347339251146266
-47.06928328137735
123.0479753202676
112.19733137912863
99.66108828816999
67.05229462843847
16.06309583612483
42.18389256707751
24.099787435440227
-2.648473064681095
-14.537909826794248
-83.74762990559509
-51.42889226683201
107.5127931797133
19.641968262010657
-23.549936110311595
160.35108716047625
44.727727164498475
-38.78288972757
50.828653020413526
143.83750271878807
91.91526150568785
23.97145545293506
-3.653598804161703
39.63478677988044
177.04903573418756
-44.270277279571474
84.75071355735804
143.98323690952657
-18.333448838701315
58.47969573502996
42.86297341949079
40.35970774049042
-125.40617574950193
31.000243380929298
60.64280971193875
53.36336502312231
25.041029655084568
1.096090371907857
60.93844932300959
129.8568902160805
10.275257629584303
23.787459141777617
-86.32068330095308
8.488727978943189
81.59444508351487
-13.615244236893432
-88.15361163156831
40.35216785714121
31.340473579240918
-148.87987002466616
-10.255678653607106
111.71573349160508
79.94304205877233
-98.10313108014316
-17.401990712986056
-90.93377575107252
100.43921944374642
152.66579384692068
23.188353304618513
75.82432332078659
-18.35423601823277
-30.776019292240107
36.965924801584606
15.558707507757944
143.9755026167868
-30.889998383302355
17.998212715026057
10.632426552455854
-103.00471266947571
170.32915341607463
-14.065361058090506
-96.11826727839434
-27.42027860881183
120.02321097578238
60.68444844278622
-0.6087170597232516
-59.463895293800206
1.5336099015591316
-35.261489622615045
-12.427596574156496
30.369897213498007
-89.5575672307973
134.2982735763128
121.57294875258685
32.539865395156575
-160.8989933775938
32.528542268854835
50.60137924038099
-3.8639506651762874
-30.981807679812846
23.638433925654624
-272.69814962506825
7.066584192934897
-65.77444778135578
53.330769982343135
68.45254972498105
63.31241026423049
32.06837162449844
13.094214069564373
136.89734943249755
96.80711229405563
-95.82519800262135
63.23119191948285
33.5120674864139
-183.59349526303868
-32.79844225727902
83.53239017157557
17.790422272788327
19.845964996908187
159.14617390083822
167.64188645989088
14.98569984847665
21.713832059033788
32.40902506910834
-395.65857030343705
-238.412818638335
12.511943231562121
52.55049909707857
-16.657592804545036
-85.27232148707344
179.69988686939405
112.33694039977718
71.15243195644874
14.9377032666825
15.496477328620813
-76.68658296457943
113.96235730736998
83.03401381204685
0.9402528699630821
162.87217945300313
-140.96784024891258
-41.232887730708285
18.809032131348143
24.698300038665565
95.03965390225721
50.91634733483761
162.42627501388506
29.322522366436687
51.71562467826561
-0.6668842970055054
151.30879358633047
-148.52925430921186
65.57965522834547
46.114496243549254
39.13992999226962
-139.51692514873167
-52.80386361405499
49.99618663361065
110.91336382416102
18.237738598141426
-218.16640956245647
30.115871155453448
53.45054506190053
20.618480933383665
-36.47208262689173
66.58495967439242
109.9394003102525
-0.5469269463146702
63.8516611314144
74.43074374347225
22.16197196696232
-59.95406771312105
-40.02714647055154
-32.16390831908666
60.71230556623232
139.54057837342089
35.62512828185834
1.8292835365837163
-222.14782208880115
-20.61156265647145
-7.2053000479513685
21.257652982639964
22.041215681395975
-39.45192116792714
370.9138299939541
79.30903596460575
-5.441885753070965
-125.4772139693041
-50.632382128447155
84.18990962745988
14.488435763677549
79.61475978240014
35.170784663058015
71.29574058009894
70.047248629048
29.010571969796246
133.28192154525095
-65.73459808916141
4.808587598551185
73.52775595758243
-24.560097235277652
-13.261128716323078
72.53982187625996
30.5899757911346
7.796040475362634
118.05660831841465
-85.5580466353731
-94.02844807940346
81.37248668063421
13.910514701623969
40.694195441603824
26.51210598098936
-194.85652778912936
129.28218625905583
10.808864200453055
135.12223747236794
11.288581296372968
112.9886810304697
51.234340949835236
-6.652964410325541
-147.17402279940825
-118.61198678279106
66.51250489570711
68.78214564427469
32.40211231711419
106.88599255572717
45.45311785227693
74.2351007572812
78.82585984343763
67.92404116060106
98.1353461546629
14.128686439866556
29.50699564331873
92.45697613475659
73.96922177683837
194.45814521641933
22.563602832321976
125.89018852488607
51.504807034731584
41.37096215992506
71.43244204078837
6.614595820428761
80.93763377998403
29.082484854429126
112.74046159432805
23.76040884816108
34.30504665087619
60.28281363358269
61.32169433350998
107.44215851038734
19.753550270417065
-107.71780517568095
50.23390474632453
12.09981317282114
42.59448257740996
-151.23147429563687
-14.670593147953241
25.938223526546153
-43.96093336394239
-120.30913306284447
87.14038746604365
41.20383945752549
-52.06327761138937
88.22425222705351
81.01511286789946
-64.07661214783184
37.01233118720211
198.00816914518873
130.52400590023262
30.78600936680126
73.91993709012172
73.51638598732256
-53.40639754164487
9.902178995255747
0.21706177516049507
42.69670862351896
27.001313535688496
79.6096982477834
-13.405212402445411
-87.97262482376163
255.71540375393124
123.38112003298033
47.391936537124494
-57.94136969636929
27.532958231608497
-80.3755831737858
51.51379524241156
-76.29348148646984
-86.34577784897601
245.1954187263882
166.0115623960428
58.859389047465584
19.24045162659224
59.54001047435577
90.96951343792261
48.65622922000054
12.414780374892871
258.60550320339416
161.75013247719608
-14.099227785567308
-104.88971349490475
-196.83669307251148
68.46953833971293
134.75119000275959
188.04468756184542
107.72488968141397
-13.977136847949168
49.51692467121251
24.354025498114424
42.461239292249246
-275.1098670029942
-63.75884609380364
60.05454911359138
4.749314148652407
-1.6374427465834707
-14.88825340711221
-35.511389124787
-28.247332242138093
-104.23464270154273
59.09320692033111
30.80590634443105
-9.233318171119695
38.02786998780632
21.83991253673411
16.614671133629994
112.43172645891036
74.32788530341168
58.13460536116911
-106.65543559733851
45.50097801921254
-130.64165360844254
54.483759596209865
112.32547401022896
71.01199548163413
39.74826439725886
118.8931825199229
-169.34440173347184
21.163623912473184
47.64464731645876
111.60634509046668
-215.8841036662161
-202.58733993684746
61.395469853631084
-394.9575553962177
20.66817805755454
-48.021802562943776
135.4419857625926
58.28205700958051
37.69654044673195
-34.55258301183903
-18.87781276346641
30.757841292442208
16.955399079216647
209.97533026432166
21.170733582031744
74.68977214586116
-125.8315432940226
38.41794239926696
52.321780033835466
-7.858226571771157
66.92155847387926
-31.110375918548534
169.22005151288022
-0.41881015799572197
96.17088622486085
17.237284894010656
6.644144826593759
-205.09293573615287
-8.533446958981415
107.6855677298031
-70.09658973843536
62.57443444449416
63.249024528988194
100.05008222125343
102.31020744775105
-10.124658921271362
63.547352879963
32.45759849815374
-203.07481139846323
72.59245981542358
35.62197823099939
54.938851447134766
-138.79833753339972
48.229586372192614
-30.241077662594126
8.960807558378558
76.44191803586182
123.54581973583163
-64.31002083958992
-10.622196244815939
54.77378052578479
32.26392246052545
45.76056232588462
2.8636500941155796
115.69607231490511
137.62263447055284
-10.873364742835495
25.67716085326283
-25.989290346189073
85.27719136203339
-20.200280773347114
-41.80306166640628
-15.125276867845912
-136.20477373796984
-84.47132341828956
34.988289222591334
-46.98467412259333
131.61730921720027
-59.65884682299348
45.02276725971774
15.160382240227655
42.95476509401851
16.40208123343782
22.324536071506827
26.17532738217222
85.9787633413016
-23.17813903098292
61.17158474247367
-15.301743874093063
-13.625916642003148
171.0736637967898
28.062664999914347
66.13281079033186
50.81131033556176
59.58600330633908
28.803283088953826
-40.783498774665986
-35.63366919174405
114.83559673147624
33.08536045558548
38.55747657244069
-98.37056094961008
92.96071484589856
-27.16075283994542
23.627291480531824
145.80023961290135
-88.88269870007571
37.26963400980371
31.76932102333285
83.35113859736646
-621.7467827809527
157.1123904798892
21.163108136389837
-36.37701817937386
83.0242974561155
34.21390917868355
13.890386861807661
-160.670414714873
-26.40235422227696
41.939398502189945
-52.39478933626948
56.176834500166024
102.8196160041598
1.374231656370739
28.904003049975472
-7.931972791667704
-215.72996067687745
-99.77261272631677
-1136.3145465962302
28.266866356180913
-6.505679021554977
35.63210033412679
147.47088757102483
-81.91189603363819
-3.7766003529438983
52.68697403667278
15.038648301567719
31.61386836394854
37.15242079940822
24.64453087743317
-26.814805176081336
-120.33376808773892
145.48932186940146
14.16932424148268
4.619171913127502
86.77443697838544
72.72825791134278
-129.65493375506958
8.200461515557436
366.2666840442421
112.25577809827814
-82.64017647996394
-15.91708581497966
45.73562104346968
290.0908717436241
8.551508000825054
117.28628614618697
51.35081219536221
48.986171234952224
-246.13516260604695
-147.64103098135
91.17702128188193
70.51714509440953
21.271666426611556
11.389938878741846
-62.44962535126433
-239.8319058754032
0.8137621971423776
26.7286470558292
-20.503976874391356
145.21324261288396
16.25782557225176
80.17352649202905
85.87693590533627
53.2163177196511
84.0947068499197
-265.28052201857963
26.688173132215223
-6.782043378330286
8.339729407851175
31.756421822685297
101.49281522258161
54.62127797383697
39.81953142864005
78.48038528932335
7.9301996180729475
-72.01761883938298
48.9081166557861
44.27190823077174
19.7823294850364
163.07706662341866
20.146675864033426
35.26012048498884
35.123747291314245
87.83750683501648
146.17348038001637
-72.22604912475344
-10.193075895534093
51.35906858882265
52.02724315698447
24.797936138277215
-31.275403896949683
143.62639423331802
-170.83301841668253
10.634805558275275
5.7684851625592515
-7.195632981086628
46.43877713207186
18.892503060769528
-16.64270570166036
-12.15530016962214
101.96896675601965
2.9402296518791595
-76.18365608191198
24.792861186287393
67.40957048492456
-10.699389626620441
-55.18865549910395
15.640298680359535
28.22408380620101
59.89475411252215
230.83564449754886
6.544911106588201
58.9656037037621
37.98052798110757
100.91271270220659
-44.68110852808111
237.1678517395294
1510.1464218057727
29.99652978571703
-27.633559181357953
68.12027380471574
62.18618713034584
178.53789789718576
52.916156618323356
-214.83431581619334
97.03960071593633
31.509774386938716
-145.01449417268395
-87.5342670864984
-667.3011446489676
-24.961523345466503
-18.46410398839884
61.65073027285416
-3.51680074588036
99.46671901756145
14.100920938213221
160.6668903562936
47.089481650214736
10.208313032449608
109.82116411153606
50.29459807427731
25.493335134384324
158.95580353143487
79.7962208791489
76.33830106378969
69.87097492842588
77.89203421233174
32.081785938557005
-14.120835282837561
114.97807917730506
37.668690455709566
-3.572100055430626
50.07211671039613
-29.0775182883458
62.089003453087415
-3.977542464612668
-43.57191181621329
64.89239795406775
57.47965102341914
34.85355247378948
7.33304246767193
13.163039721238498
63.07575909580521
-138.99103624060263
-76.85539331416248
-52.84580610210105
-9.013206201682827
-44.332331866247685
-137.40057104479
-119.69037027462264
48.395213178382164
1.6045650955225028
17.49364565567697
256.23018125926455
190.10186169059352
80.37695497713275
28.938874289951123
18.40914491245894
95.92867854443239
8.447943851151962
99.35350939642012
76.41735594904267
-61.80635993796386
55.56428618374207
92.44188578804074
35.315153691280194
-556.3717487462254
34.530083954072495
158.39492280093873
40.15213494914522
172.01146930738287
-113.67515734432436
53.59640679974791
4.96968967557018
-46.11047713485141
37.835614864833204
11.205221981667437
-19.73522782832663
-20.510358089616076
77.77200264228418
173.2248034044851
61.347288566810676
136.36106138970536
64.01379396571474
11.173994583475896
49.63185943947565
-27.18792692453694
-48.99286343101403
-25.38854351134296
34.826313678183666
-36.04563279891897
36.85588255511851
192.42298617474808
25.98034604928403
0.4118824958814491
44.29897277861983
59.11876031747886
71.3524391881806
-109.55401546592748
-472.0793744380001
170.06567397386743
55.669147566014544
138.94954982827016
200.35930743624203
55.45813189391225
100.28354898435191
114.40634777110631
-10.699920139927901
124.57625878435692
44.50860950405786
-6.555004085319069
-26.580499295434947
67.22523017583862
-60.14990406535571
96.55951561914253
29.792839237363786
60.25082318138175
129.04593102979743
-109.56886025504673
-78.05496652344664
22.3538889015226
47.367509794274255
6.804270256704548
-246.92815809927743
51.13569402694759
11.082899080186532
41.06483424780572
96.65439937359861
35.65229921813203
54.14914906687886
-65.93309248094738
92.90015386237974
-132.46715922499516
169.3508151605979
37.137207495075245
-23.855318998099733
56.01857358173311
5.541071839001766
-18.558605486560857
-186.5002126062218
77.22981596267259
16.196030228117728
-17.607098824260948
85.64575903727155
33.495929361907656
145.54279939184107
35.70537652862336
-25.696990438034845
-53.450009640856024
-66.85032880305062
55.57082211090244
110.89973952703849
60.23715522848579
49.02458038774622
84.20995124795036
-4.8977434146218
8.684325909499822
34.85439439317179
144.1868824431258
122.79978836415694
-34.91058393724139
126.58752000588538
-49.608833128392654
189.15094146112142
37.33901457295926
37.81078722787169
192.33391425292348
-55.48419174135415
17.832873452800413
76.12521826553353
83.8496702146881
-4.862455879846493
19.801591613140943
-45.05955704810003
64.86811127940791
82.61175299109391
191.38455837805986
83.19331592423441
143.23756384575518
-71.2675280869089
-94.40369152869334
58.31161772819371
48.024068309403795
6.697442818226136
-700.4546090674039
73.91549682216646
37.73021807074131
12.010368995320277
149.8132746703045
64.20410624230436
26.947060944654844
28.11806725253128
-247.99637874580367
83.24225224769685
21.703454366192602
-172.013974625238
6.479943418725135
-108.23744761772105
73.08107754228695
6.649322844104304
-10.01260187158232
-63.59294764261949
53.55949771559153
-8.24535634455151
42.03347111832636
1.4392335779618861
-138.3010299153546
40.416640424610705
150.20150005681216
14.786783646046775
-12.070911075687142
40.898294406905734
18.162511289336177
22.47201536127983
-11.346219295200154
128.11889386350913
115.79364709919605
-550.1942513213735
7.574876743033656
26.430366404337438
77.67549262402736
48.30827866918207
81.5615044774504
22.704604930510868
87.31861963537222
-35.68310971414758
11.848990972244337
-100.52513492026537
-174.51172457281064
26.187010001770204
-15.276402291318313
-20.770567940267036
-43.36181924721723
-20.53777833845288
19.053644338519007
30.773792215455046
-259.9776974421793
50.103868385609246
130.70659538070322
-10.015145656440831
-11.402055969718731
141.67383739887327
14.893831041188719
128.72676293927998
19.536229979583197
27.48118534853768
240.75599490582772
27.35970987222923
5.0164818422623085
14.9469666100299
-280.93186442450315
52.01825921941236
91.98745361472902
12.206640534200972
27.004201221982385
-127.58016972029054
1.935797894318486
16.20471247913906
-6.7579313597371025
28.480201870623205
-0.4984850649495931
-21.562922444019023
-33.67007491884611
-10.59402735786307
8.466809498809772
168.37501440022697
-88.60026658069728
8.102949854999515
271.31446585202
-10.189499859450557
33.7607762752877
65.98875561501518
135.11307444791578
98.36623700454277
169.69816454062675
142.68695941204714
32.24776355696075
123.23096456350527
24.722432522443658
41.72428371050317
38.78012292316021
-16.30617518539937
86.82012336242678
212.09855743658227
-40.72024017145327
129.2646560734347
8.942597118110825
64.66448716391245
-65.02823901009018
27.29689688288397
132.6577916467886
47.302177986694346
108.03722763494716
11.215464324345895
19.10108083444911
167.7037468327835
80.3538042976163
4.63980972392976
93.94745103299852
-34.60458120040403
21.234183581535962
-18.538481763164896
-20.960033340304108
11.565666882516098
46.08333899434379
38.713963703141594
23.205971766063097
37.10561792176031
130.63895505856317
20.24930470120904
1.332888199689819
139.51957347619054
83.52078799088213
61.50909716950696
95.8506183370971
7.25767818420718
-10.173126857874115
-51.74235506437594
38.432898099563005
12.195936368018423
-14.924247661617825
11.374963199029482
-116.73610687702057
-28.99148348486233
8.253112148972832
-25.20468756763296
-11.809530964925216
97.60859420489123
-966.4524574262973
43.092219497762386
-3.2170872482365667
37.31519733983805
68.0649120021917
96.55410717597806
26.8017278705247
148.51522977020863
40.809056540917766
-202.87185083910208
-23.44152209232425
-47.39658925031017
147.08562491836165
10.623530492203429
100.32914225335253
144.51033931004804
69.20791589214494
-662.0269941448385
22.154651125323127
-59.60831364375732
70.35784797078031
58.65258019407793
-1.7677298633391354
-82.630821177685
7.262514726480707
53.09978013779549
20.08933694860002
163.4386385712951
108.82681940118846
-15.118823927325085
-31.677127568200376
74.39185335602542
82.59251591766758
86.13675216005981
125.45506066704638
81.66086031630721
-13.15378061052444
72.76817169376909
90.98497877578552
51.680584223501
-76.50267933691293
25.304723220178403
46.23695307033222
71.86585484199168
-0.32677170601490957
102.24835453119272
58.93646221063369
59.389576078599355
-43.854042069656316
-116.75172875620183
46.598159749652496
121.9324389186495
25.487085137001078
35.372458820929026
-38.36877452723729
143.86507300030553
59.17263674190872
7.03996282106106
-41.97121039246804
125.72007462552438
55.35415915016745
54.7176756481922
-3.995754093335581
3.796937367780174
57.887382400418346
106.17506617543228
114.80044808614639
99.14159966707342
42.9741615640728
50.31341609517051
-5.545300453456354
45.04147632556669
106.9749151521628
42.626976716878744
-71.65463555258968
45.19913724355729
-60.46843292604822
71.49050479460817
36.0183039199934
2.6115137618614495
92.24629605925702
-212.28442943653408
23.026946875332726
-32.28805585364354
92.95293968952444
7.628199311397747
14.48202199984837
47.27618688665814
154.15023594009108
37.81566495514522
-352.8811618663308
247.53606677644802
40.680836559740534
74.80569379258873
-69.77196045156332
75.32623255864064
-38.062275742333895
101.67121391713289
107.86360319215396
-100.26780105321268
18.13894610673056
-2.581095186760365
-84.368084559811
-105.82143520241152
157.06720060206908
161.36802784973224
339.14150047879457
80.73450760175768
-202.27639123763947
13.639929636521174
102.10724508083706
50.71050496016879
174.2127405231854
122.41156781798782
32.47390040800935
11.516862999796931
81.79806556812491
-13.43622631485927
-86.62022181860038
51.94292191963541
49.32294053301891
98.22063621131872
89.76129939448413
91.77799990116876
37.084746788776705
15.577191555077617
88.9387552880562
-120.06342070711025
59.15118351208861
-208.2913378533667
-23.272770256586753
228.8490549069802
15.826716628057625
-73.42842351262061
-13.579650023751666
35.98817603284661
27.27785050038642
-105.90976520683355
34.89975856680979
-245.75946502803163
-10.889638586496265
40.89919167182322
51.52777047745997
89.45966248706122
59.05327648494
46.26692864088676
-201.1716240034203
74.62180423675528
66.76582524895377
62.21720032979874
52.46370149379527
61.290508133158156
-73.47851264654219
33.40686144977213
-13.399162744918648
-640.5508497540341
-221.81766543206186
-13.16958376272189
27.539760078360274
77.85005734226888
92.73218955038817
-23.364619356239018
64.98801451029601
-102.04663432864072
90.06845725142671
19.780206360510903
-12.625838105819138
122.31856389271525
-12.602865730192361
33.93409591682314
-113.84488828089252
50.97210796072744
-54.9532227882828
162.97152961111487
5.948902093071233
22.513484446932566
-30.121396343570268
147.6174659188082
23.019745724017724
-38.23945494548711
96.59720367641194
67.98472783860905
116.52653553942378
90.69475110215444
90.94803646656874
-27.996451856607713
84.61134400048581
21.41598387884264
83.31600751146289
-28.849673269348386
-32.923710625893406
130.38512570786554
42.098084514949136
2.879332438178759
70.35174670750257
19.54002241178563
83.15484025256103
-1.8631034619431475
22.034450166478358
69.98166201480603
-17.232376656040206
134.25962560255903
56.523433841529084
44.15146218527386
-12.048704070175972
53.34321776602815
54.51740756339001
130.786951784567
46.64475466327352
66.46153134997849
206.36875867250956
-166.2397685101132
52.45317316419096
125.36153591532457
-105.79773302905596
56.89542021798337
13.14310985996449
100.943580967049
48.12125378809043
14.250247872063188
-61.81194277424993
49.194266669151176
28.922497778584244
2.6135215781072034
-112.98746582566764
137.99963331134836
19.17750809318568
57.93636624693863
61.36634291604514
40.036187548405906
-93.4853149541841
71.52883864883188
53.47591576103423
-16.69106650233754
-170.3302465743609
28.250755976945328
105.49350816843798
-15.273515721574313
15.880823945820437
-5.1058764521461395
70.83518543221044
88.56500830019559
47.28126071919087
-9.875598607440956
65.14707221715332
-56.21503573159612
19.41527655555342
35.213777183234924
65.90434480883243
43.94038368558
45.82632520419793
38.65073955916705
-299.6777583229168
32.5705512948051
101.24027934836272
26.916144575213366
60.27782818628913
29.823237687518514
1.5925967405930144
15.803110853524425
-58.47639955808967
125.80505513176468
-113.8847155178023
101.20581933647657
77.94986046028998
9.574165834049836
10.96455644163865
114.51133752607757
68.40042704527536
30.461217438889662
-47.144065442736974
13.938439430891776
-170.00327370867262
43.95673989229937
59.8593074097797
78.75148113524295
48.79209734710366
74.63099530431009
-32.52229284716996
-0.5477247808125867
25.246760244481415
71.80606833495159
59.79473118712258
108.57369093960506
-89.69843541778003
6.7342845478669915
42.165278613515
70.03146139435131
-39.08077107391591
21.17921450257838
25.38848989718099
9.488550374272197
61.77982512342581
5.7295228090589685
29.15107083910187
10.037899913394046
60.57600169587241
-80.78992135973655
-44.970806436435396
40.38522139113528
139.75854567632177
60.38744278239665
7.0427820142200765
20.142994994549206
-15.07322747981516
-222.3747075360679
16.13545800829877
90.26740968417562
61.76485960386662
21.66322615321773
-99.00264759953279
81.06409607277556
90.76985570871557
12.624274121362987
-122.66168276221379
29.73852296098096
45.93191435669354
148.60283050375847
44.099201340932886
16.995162715954358
65.50608189803734
70.92570388340255
155.6922270312673
51.08673735797311
31.724261317359623
35.61775634183286
124.62089801547813
15.323358732047408
144.60385972344193
-30.006624924541125
-133.64831185799858
48.268822126843446
112.64646364941063
31.52547148177044
82.56341259318378
16.867094352228122
85.88090911570953
25.669692379739672
144.99967789058564
40.074312124699645
33.44237821500506
98.8762943206192
6.525107403082252
-99.1370031992119
65.87241863491602
-71.57957111563019
41.04900624139191
105.87827580624435
42.56228161821562
127.89346883779899
-32.88899233555139
-1.2236109048505739
-65.36719711304977
126.13091112082338
72.06897578998905
-13.10483036664209
137.4614025495771
13.726014304576227
-12.679434744381007
25.795055005581567
-9.56731557914145
115.00539549128439
207.88182521003728
46.83911660532158
94.66036895532852
136.91990388620093
177.57512868863614
-23.131748545827577
16.7860110551107
-43.64272848424366
13.964359498346312
57.26843044449879
-5.126627770962987
99.28618775086215
-15.821036583334413
231.1912436945663
22.988546192221268
86.12022964514262
-692.2058194132433
-8.922265492482694
193.79862730820832
94.1850476745658
37.24681425451736
-159.17593183683357
55.93979842895819
29.578041171140967
17.761278843655873
66.66989859245086
136.70659577094966
106.14602082793516
1.9203469220421425
49.10627891395234
73.04350431149578
51.16909245809802
24.85487761239756
100.47279493965152
16.239600560778854
153.92459581727917
36.75673036081029
22.469170856318897
23.05525202682918
55.5116520802736
82.57771477092638
-2.8818756349210877
-132.70493080533151
1.1270061258151145
67.58793564214764
66.16057446246487
94.20053848029033
42.28897068289994
29.751953587785124
65.96825999687837
77.11494617837988
51.468939278569515
-136.5891510707711
140.43290450751329
119.69985621309615
58.97871830214269
144.37300412780678
-31.186112817406986
20.43266259120966
-1.1484212654040675
-40.98712557534202
-37.94871911171322
48.69092515704688
5.562725013355344
77.90596090622512
16.312008047468588
-57.09575781914632
-98.42967576429237
-41.074991475308764
10.522710809503678
25.81557431058991
6.601862012670879
14.23830996254421
264.4612886750956
26.8573209497343
107.8789499146036
-36.983812808650995
-106.02424624448395
-136.52367341073386
-12.367606159801877
39.08010964000732
53.88774318889142
-63.99716636909943
-65.69043486042614
76.59544425714466
-49.496715870029234
40.84142221952184
-11.719741783002291
33.585251242465326
5.534989357468146
-21.37934648809187
-27.57267787158738
188.08364358500648
107.44277424271286
98.32529404553952
68.04789889993947
-14.45105753540156
-43.835831254408276
158.8541999002755
77.56823530818258
12.808331314589509
73.86327925816605
15.737216131138041
69.45405471459675
45.27625249528539
-179.1387684223946
100.39721433945624
1.2351830541225723
400.6103828322507
-64.01413552941317
87.06019567283965
77.63853727460537
-95.48918287542945
15.11211688877989
21.003050897375033
-67.19980017871967
62.9153818519153
92.2823548948113
18.566258528977627
27.39774525543271
-80.94369693934277
5.593647341750039
86.49271083769509
22.377178417514386
-0.9764332218159595
123.8705942647739
-68.24751794279629
241.79318303735363
14.255048948235071
-167.02981326922372
-84.89795621903431
55.557639894102465
-116.22080564749331
44.865233884992165
-14.849637771851478
53.537056601676454
12.68336296729983
34.197367403239014
52.86058352115781
112.43416340705244
23.77172156408494
25.035952241321198
164.7910435570957
25.549152886519778
98.02546049923171
55.549341572777394
123.81381838294828
100.70086549349253
30.59557241729042
42.81071440390676
23.581721234277317
34.15360820873866
-183.05016660909496
134.83510455850228
123.3243580126964
62.82006131301556
-214.68229854735455
141.16611262839297
97.25965054027165
-0.8370898140290464
48.789903022075976
35.442534496233215
98.59688392280464
-0.18395946484133674
37.61923294840335
4.910330127118868
-8.826110330942573
28.672530566270847
-58.56802670752131
-161.32788910893032
-83.43987984697696
-104.70091036918939
-2.945707246171878
24.969017298431993
190.57003985998745
28.86224927373587
-38.07729168325329
-0.3738997195926004
88.2277872895595
36.63442208444934
59.867169036659334
101.39547040242883
131.16263101461163
31.087105779583556
25.621847622679176
-178.7186801548196
2.815504154179857
93.14011821192321
6.746534925058374
76.6999212900547
17.414816011818637
5.936922978025905
301.72762067693384
49.50335553367256
36.90414081376275
36.40431497743289
9.077575549943367
143.72246778092017
18.60267268675184
102.06969696062868
-1214.764953529062
98.35021229944641
7.361896743161732
66.25934758109157
52.113228067685
21.596475941169047
149.05264237317215
66.22260671722353
8.466519045982068
152.13640265612958
7.122267146008208
77.50906618076351
-2.1252701304165384
27.295554643040365
-67.74640016197782
37.28265606312834
17.27455581929081
-10.290271884003227
-74.70678394781226
48.82348030150655
-200.97014460776518
94.88732035761336
1007.5251207610349
62.20350730851664
203.35244951514596
-714.2368785484114
62.236551344015425
-4.174841836610306
68.69710797317862
21.881291792891982
96.02740251577154
47.49572686966487
18.512218598560167
69.10990558957025
-33.42322924441805
-183.09765015980975
-3.574592597349799
152.3119038584523
62.09148004951339
160.50846011932254
25.150605906555814
-49.76040425396923
32.91582662739678
-12.173341307757255
87.67298364318208
47.903060534073596
-77.34400460187544
-13.349671648213711
-51.13118279270293
18.09170280282043
62.37704519484305
20.70085708454314
54.81982005295538
118.9680081169654
101.6669035010272
-8.016708775512425
-10.393861873387323
0.38621369057039673
-173.82421687711303
34.51633109076968
8.495340604187183
-55.350139977014805
-95.44950620230702
-117.30275906609688
151.5838902463172
87.37935752353135
20.33799084156078
55.59098971796129
82.31301789659938
-23.87073449454958
6.041781656067263
59.30315815305721
58.235412938754735
-49.48358012869628
-111.22018937906114
52.849571889879314
52.013384256254284
55.92816674062442
9.059317965585365
34.07350428810366
86.27761908764455
209.5211838656669
52.50105809076781
39.263241322035014
10.062796605185678
-27.92657667450385
37.403161944786916
87.65489248982703
3.6732558536549496
-6.291181277942542
27.67312769905152
-1.2405831491544177
54.56758304439518
31.205849278837658
-89.06404162578065
-9.522805179796016
-48.57142119930555
25.13925562452019
136.38823222312635
57.998902587619455
96.61196803596562
10.216562002039494
-77.51732072090181
136.47601091818842
-9.632926330567443
27.626922809477193
-141.24791525388264
7.043346222014344
248.5803350107035
105.75962739949705
44.81528399346212
54.09797197847547
11.640425744765253
133.960864100025
-12.81872509417417
20.362202043468436
29.961581704903963
37.57094616367431
31.53929715609631
17.128565131290646
59.12856266446619
156.314496733321
39.443506662003884
64.52896704830619
9.790168792176189
6.599757379307022
-17.747621224434624
-51.40740090563577
243.6452608528548
45.55764677105137
10.969988213570787
182.0032584263272
17.389621514982384
63.124313174982134
-7.021252966309571
59.97306371864977
-16.748864583619476
44.40121642267749
102.97431509413309
75.28941041982065
-157.77363761008974
22.092550593745994
170.22172840265603
17.07931008622712
106.50592424588876
-35.66787611404889
155.19927990893507
79.738479809757
33.2671937320877
-53.33815140933349
-48.51571748164088
41.182090522069956
1.39219662743983
36.27325975259727
101.36657543350975
-133.04036042212147
35.52292547248743
159.9579372900714
3.1327032326223003
140.56608448352017
52.66303849985675
-13.524608895289536
-19.82629698549654
-27.259585526819592
33.00131303616632
-315.91940723151765
-36.78793868552944
74.18420065902501
-51.510170050212196
7.217310078313858
73.0980793068045
24.80109911974324
241.83529320546768
12.845116285611837
-68.41596200772437
12.473653232000004
-160.89410109401297
15.076957085409049
66.96648065210763
0.5434528590688403
37.598725523524124
-114.04097644113381
123.63302537775962
0.022859328909319743
-14.757095135477243
-569.3741545382309
38.09120785037725
-93.99687288358245
71.34189158565232
66.94323916458893
1.7751491546335323
-75.44271315461901
55.75852201217367
32.22999227748005
61.75013910217058
61.61355352884692
-33.17425746536024
-6.632337131741969
-57.42452313522335
-115.69479930309171
203.6982822293612
-194.61565061199826
7.64530743860362
80.88561100969991
86.87660810102398
-324.83630323763464
-174.320727630678
-66.6360933680455
35.55523401259143
23.790365111192187
49.163249062499744
35.17359766875494
98.39729503527724
148.40435828974205
104.1876011682624
102.51644186241151
36.78360832182534
30.70373991284214
84.50328225802559
11.476738247096986
82.59205778866635
-41.37669228550658
76.37830428056452
167.5903587809389
156.44750541739222
34.22248771681279
8.338780488226169
31.66761787399957
-7.0209914521848305
50.9601465564333
16.570610714934446
-52.289069586885226
92.17908019343895
-171.43326400782553
44.74476929158245
-89.07658785694181
12.610424699068972
-5.0646746246519445
44.65666327225816
33.55395521491562
-44.416313090135645
57.33306352387103
4.744461180232115
-64.51293735607669
34.927940393979156
134.09944330557528
101.57260757128324
60.67354826530527
146.688725633393
73.8094710506582
-73.47706586251277
146.40108697522464
9.572759379101267
-128.96711204839812
5.877632355779375
-133.59117179338136
14.322269205453267
102.79344208063503
101.50312033704995
42.693294277595214
38.48048512185619
48.02499114294369
52.11757590371053
82.92821221670147
69.73996690712056
76.83012061620911
27.024343505739125
-91.60063145476806
177.1998341869712
77.78390186674608
236.4449828218012
30.237730531814577
-166.69174671072324
71.99259432983365
51.42055700272772
1.683987184454054
99.57207332432426
58.88997767029514
41.34398260316584
73.73177291283125
-20.796689108788087
90.36950146145591
-40.784033150303
0.5561504476706441
165.39082533375858
87.25746826947397
-14.593883017303597
100.46978260181277
108.57309903972191
-24.23652691877396
-1.356996631825751
88.5139235296179
14.309543512355358
20.44287573300528
22.908543735547028
0.08134888108772562
118.92356156371443
74.68996478323078
89.22445628555533
65.61965293640833
104.53274187708575
60.679915991864796
64.697760449452
-554.1538204774561
68.56559360567053
73.57537857947432
-205.2684791724614
24.147932639092744
30.193994073978367
48.96482833532673
73.0352710633747
47.414864062243666
85.71565070241536
-9.670293689510094
25.611326089428076
63.07579123280584
-20.751685735273668
-4.53799882727792
64.05306306124471
-41.78898542554707
56.73364765143975
57.677854986982084
-40.59441904361355
-10.673788608572586
55.56324996255648
17.96625238480511
22.35992302943999
70.89952193056911
0.19769857176164715
70.95262185449383
95.66688005994627
493.9079646383025
-3.4128543311103385
99.15917397716203
79.14812076319754
108.28275165838659
7.399821937100569
199.0706958706196
-94.4498147176655
48.49624137293725
-80.79963365104868
-38.259822988619476
199.89811215734062
30.63706992974494
67.04813125291025
8.306111008840343
131.75659253807567
58.298801507186454
96.88871487439746
142.549332555996
42.68997527143728
5.353260121758146
-99.54443735949144
-534.1361219650538
170.7727085053166
31.503562188355282
69.1277157165946
-102.819057623964
-32.80935644220517
163.70750937808407
7.96342033203473
-208.8146961861039
-284.48980775016935
-29.301893304621444
107.45870383866674
108.06689443335392
36.04974305608376
53.623613588168155
12.87668593941062
-278.1713307541004
-66.03126727233484
-24.052409906054624
-66.2732497323446
112.29547181065891
100.07755122731055
43.57542346030009
54.73760950701871
44.9106207618083
34.038013969649455
73.87616603997253
42.80817400254966
35.25615921341242
80.69320931392394
90.58575332388739
27.280315537501338
23.919562778892523
38.891423071593124
-15.26168016033061
-4.75088921969735
113.04161484458746
-52.42340554828388
47.25743238497694
21.002505171861376
-51.85681378020627
31.435841239603622
-89.45955966039648
-6.773815806451921
37.078157898479645
20.458715631965077
77.6018697893727
-42.96636245493937
94.58120484968231
31.75868415785497
61.06166520436733
80.57342177612378
98.18812313467987
33.35136023376981
3.983637720734063
27.178124674346236
30.77890107997655
82.47836807918782
58.9747460676906
129.97173420817285
-25.395413796997673
40.490709021292155
53.58606524981087
31.972140165342125
-254.07240216276114
37.97205410924201
129.9755377625729
26.817684675330707
49.96195871610157
-114.15277318191056
207.2849955521392
246.30276335820554
-159.01921494401267
14.924868836690274
12.849805663655118
-226.32365515673337
136.60305094332546
-76.788797795768
-238.048461205502
56.817169706739605
21.40539715496821
69.27519465620941
-67.18765312077221
-17.824257561072045
-11.822477955784223
-11.083223075815567
-29.9827842584491
13.284347518730556
-36.57590560782462
12.762545294457492
203.56642460947023
16.6859527825045
68.7130131524566
-24.935192520036708
-19.730264119662543
57.319608808943485
104.14638727470401
-17.934179656305894
99.37937164387563
-50.9926939063829
222.76604454820108
162.07657616076358
15.484409453765693
39.84362118413294
101.96455763977474
-19.159232941325627
131.14752858121278
-178.80096140780006
-15.98909193832614
112.9632367778072
-145.9136151059447
84.47435689325135
118.79408684305872
35.242282468849
20.19110989995884
68.85982612766156
-18.178296954736123
-31.65460741228082
-497.5701345206976
-53.371770640947034
-42.327458669132284
-64.8860432350275
112.17190552107604
142.07815971056198
120.57417157933969
51.57012846845237
32.46166445326483
87.6392132091587
106.24919554298731
-21.392403543652005
23.0230583358064
44.96842962993874
211.4854002874372
45.647260683594595
94.5881659983088
105.35036658317495
55.99189278822814
88.6997721227392
29.904415795555906
150.32616526430843
-19.711409655668483
14.811368437419516
-11.952831008489126
-5.792696400205615
74.47967457008872
87.55739182403119
169.4632315512522
-108.2794383871942
-52.003153413192194
-80.03035266740471
-456.37381305646613
29.186850084348855
99.30822094380801
54.01719706095787
29.822139391043535
-21.248365309007113
193.01965002648785
93.79596106168458
-44.60600013059593
-10.901816258754934
30.403576285856225
-238.61970715557118
-381.60060977797
-53.16911940017758
44.30835041525637
35.340257775801135
4.675446283439781
24.776669619053592
15.798847662823372
85.66531584140853
-35.15658016314592
-97.26174930688285
71.22555368966023
60.41599715294822
79.1525488953431
27.89432437158156
43.26432188595288
29.11927325685201
-229.12915833080933
27.824830678302533
34.470344671486146
55.9276685530301
44.39031747175463
55.120982255080264
24.24493614729772
39.41185829597123
30.134895380615845
72.5466975198351
-117.85013999832427
52.343144534449095
84.00561480879333
-29.84372621508828
94.27490510299504
70.16527378417732
29.523273314558537
-12.465185893606902
-6.619778603179363
154.02779387877354
1.8309213743880122
2.2814179638354055
-2.1654905957934933
24.733505415652417
3.5790863800287527
16.828182983861662
31.308132795999427
-33.52326436276235
110.92186729554851
93.13826254306241
147.8627294150033
-78.02949452521761
-85.40086457551706
-94.10099313744922
-35.722728941265586
-12.60862399314874
-45.052515848082294
78.52971727599379
96.69908689998914
67.43711035284981
102.66563376579893
106.12231971271456
-46.97807231652927
18.962169392414797
59.68360838594401
-10.398565388909901
38.82809244070086
-20.95149070508898
90.52482979790591
17.19881366779441
24.646400728635797
81.944025756021
-35.298655900064205
54.16380216773814
44.62299373522926
198.36458377733743
98.09937548831323
93.24764158775201
-6.072748836809123
-43.29862812700185
11.99886423357475
-14.945817459874888
-21.551072823888262
-110.8794876744596
-452.2852729800643
7.3938493757698875
37.40289248850824
6.298693113410658
31.92172132587048
-41.06243019884005
33.84137053464633
-104.21786344913107
8.677244810276193
91.1924971528938
-11.61034063115767
23.471174747712666
36.32901768115403
25.5991554349487
154.34680450537826
1.249702403254102
-6.477279877562978
85.50043626911292
-23.719269883387774
154.9107056442681
-58.68341944707231
33.01675437013543
-163.70039078156242
165.93440586550514
25.529127384884926
32.06246295910366
-3.204176486432516
16.223858243759928
33.299953060672124
122.69891348177578
81.11928844250315
269.380586500703
38.38376582348019
-103.8769918748203
49.26384851494345
41.42066247173413
-46.81086065056832
53.84425194397909
112.17211307835123
115.80042339220563
46.054570319796824
63.17866846838206
-144.2913239754207
69.59787066942772
41.1504438363437
60.89676258263944
-20.032198253529316
13.797239123603996
192.63399492404733
52.22174395854324
21.58336098097857
23.24519266496586
154.1745407952085
5.723401790096432
-41.40385011437638
248.61602644721097
28.385426902382505
-12.496020398594624
-124.37918991076276
2.2311162929999155
165.73918932802871
3.3810802646016196
39.18335526145921
92.37659667763387
25.795817174089738
-151.69171163380037
-129.52116510825817
-57.98748047609615
64.37105715863163
125.80302192544605
34.84838532231865
38.96710730462672
63.51334230020552
75.0674905671749
34.69437304039894
-0.4692795177784962
-30.546563588797653
-20.354171785967445
58.75223697786146
127.34723542748134
-1.490377492392554
178.47238425673504
45.947455557050034
102.82573640020564
-23.589465370009293
-96.83298389400079
14.950437597603923
96.84931359156201
38.98953946657089
-84.66991896278347
76.81781204737308
215.9539500939277
-21.855298835421753
-67.9870472700486
87.21732604653175
52.677069684903486
116.7457434172934
-95.36442923666755
41.11694099670666
-2.8806848138265146
9.328402715652766
-3.6952208985728348
38.8298757977318
14.492575611840145
150.3729436766862
32.90552622683853
-50.397344173286456
-68.93273417922076
-15.417410491096234
-68.61946518049456
-23.76584292769394
-235.68650511773012
-168.1310412470243
42.51202417925179
93.3655630632311
20.686763015195083
20.57538101559014
-140.4022741575577
-8.739133001600749
7.791620599232829
-50.90696783702788
39.99256525622428
30.317578115636934
36.515906368797204
20.344713428388623
-171.63681507725414
87.58689074085942
56.40034956600903
-29.158326965371106
29.50864707112339
-16.463095286839007
145.8305363493157
27.19562993141174
-5.352906763525692
-20.183219795371315
4.036131015336196
-45.031393521469894
236.07270258006974
-11.14329066009941
-126.07628837536275
110.29057232757896
-34.052666114177555
-54.52046630635542
132.1058188544339
54.55674237384005
130.31718145536388
175.8001272055144
-23.175691158698285
43.03615156840703
64.60947723304739
133.2397976429029
24.583609967607586
-20.886015026303525
74.04165511134397
79.86547038651463
63.328135005880895
-23.291496659980112
26.981047887899237
-3.3712464236549877
115.25547676424367
-18.139134834998085
26.327115219359257
152.32983395281394
51.687869899020896
40.43906068962444
103.48874763608092
22.5434104323847
37.73262366118411
126.47835733589773
-11.933119620713114
89.05225942727498
36.43271848186661
-90.08083085050566
51.96630658359557
-18.85269660510636
93.73664106068986
-867.8161787559925
177.26884626979017
-24.587282000114556
8.71673323135974
-1.439116572826606
213.01508634903394
-102.42025983526173
178.79617254264122
-248.1284017407288
14.151429962476701
-624.4961366786802
26.333573251465168
15.173935596187178
77.10089692569136
-20.42815255917541
3.3149194961306314
129.00712521348078
74.18348880371695
-78.1628773952848
17.4858707645908
31.96068576587007
-36.28696762941763
61.735181618296565
38.51790415723855
-14.899695237057
5.273239519774506
-43.08248987374873
-92.0534097369864
22.618023609009427
5.886016531530783
10.450637946272124
19.718559274106614
127.39590408929735
-84.57941926513607
97.42485688319994
103.6955876393074
-60.22091536146854
82.78589069898953
119.44143963760189
144.33891586804157
60.40889621227268
84.19424853176724
31.506171267931677
-274.03708329871233
19.901140412484892
-68.13261286542385
70.1841097051115
44.92911346769758
-1020.4952233094907
-53.768848166598396
142.91639518259376
162.3460723760004
66.38242112381204
-20.543024898255226
35.427613833847026
14.759201200965702
26.731729136024388
2.7013220274562855
-2.417132425807786
48.987144349468394
99.90704130230688
-14.58955755041946
81.2031655015453
39.542413605843336
80.45932327672836
-24.999326778165027
-355.3015972457215
38.34903852440357
-197.8471057849265
20.589438062390222
106.96447883483279
125.9485648638863
36.9354984583497
60.78263249901782
17.47358326108247
35.64889566430517
20.057490308831802
-19.564819704539794
-12.295236859447902
114.6105544337936
127.34103736571183
76.96539820698081
31.48517813776441
30.920006009063318
-126.46726770219175
123.02065343843958
288.5162770786619
17.671596180480087
-15.518919469342668
48.15795188997163
-21.85531953847385
36.894607789949845
-70.83335859206653
138.074370359843
96.34839843978602
99.7003418533377
48.48429120603665
84.63346032541779
-14.565673113060257
80.56638171304621
-43.11199717567996
161.99511418130123
23.107652049126045
154.72834653961195
35.05773808795084
-834.5771188257631
36.355535253269615
60.407061359715726
22.693787223305673
27.463530322621637
48.3543655918674
7.998262750883032
0.6669305902642639
8.88489375737069
36.73422200207551
33.44474866370395
53.86913253704256
19.018885731708615
3.012074119466017
-444.020278195109
55.11639038773137
43.45551501573037
-83.53975023294151
105.68350499507733
-0.18035646354366008
-2.9222066064077987
214.02457659697166
-645.4160639769026
-5.556920734120467
64.61709519799297
4.135744250197472
11.541876967361333
50.65362640761492
16.157405230477604
116.82412842317581
-33.4802833306494
69.10641578022069
28.15579586864351
14.348253766029053
39.07983138899076
28.622462675148654
74.28510656585757
20.99038398913012
78.1616709586562
24.38103285300491
111.27581001405292
3.056282609361915
78.7055240201114
80.8360192342887
-9.532843716698153
152.22616915865
27.509874385468393
30.711035117193244
-123.97874416761715
73.69126645686174
29.446992806931934
-111.28669357720901
-17.296575606145325
29.139994411132648
-195.39814583913403
11.674471775666461
29.829768851424163
388.55821594830013
44.48010467761972
-5.821116128860922
7.674057941349929
108.87318670095874
50.94009965975465
20.121466611578658
78.80743617001781
112.81639224678224
25.03701518115122
187.54701659724287
-32.358797976478854
-44.779187831822405
22.593534234115985
67.34667890783203
29.39594561797727
5.350612144689876
-82.36096584308461
13.177478744156298
169.1838364067662
49.08463440740093
55.628853628102206
62.92010360315999
47.08028786959267
47.79009694521922
84.03315125855073
63.52950212230576
19.53481389827685
14.69921781714686
133.11298390061074
6.217648988161727
58.08779592612336
54.002436452355
13.78382306972322
34.74986722790254
-247.05447353304407
111.77219699607122
241.88468372635634
-66.07877915134304
47.93753589591792
14.873781555725744
73.32774956965704
5.310050964984321
-97.76366100807081
123.34049205409019
57.87179249310202
11.568076626569564
-64.2679640559937
-4.665593252096187
26.935711739983617
7.905742401156971
8.254915359391362
105.21856950910933
62.8767919121733
85.15416816138986
55.045063527705466
41.78811260159398
-269.90935381844247
3.0084929526499753
88.30921433097481
60.71432457226001
114.25704780127217
32.90260441144402
99.66806076491918
119.41369934098884
-58.578491182379366
23.9068151332854
-38.898356738128314
-111.35166143126025
-86.03365980783656
81.72792543343803
-19.279094967906556
138.4032846292862
64.70926947763928
-18.567202662113687
-73.13190961295095
0.21726515570383498
65.31399955052656
-26.259943361047135
18.74833112142981
-148.05993445379227
91.85005543391867
24.664620958851657
53.75719269278723
34.61557541801956
106.37105876435726
198.18106199515842
29.090823344131024
-11.659882262018002
123.63930894559712
-58.47012145980261
9.914702031175153
-38.6157927188342
88.39514938880211
117.95471777689772
-17.2253006486243
-17.005125862226123
63.95812188141032
-43.7912131759546
66.8243851776715
95.23581527232551
46.05940255991118
84.26982072601231
23.74655920138108
-65.72685158964305
45.07774531613086
34.2000700642252
-138.59892048286747
145.7844619933062
-89.62659617634745
59.54785796254765
46.89506041539789
-102.89900678616868
-126.03711762468174
48.12245628938331
-95.61096863229614
112.22634785677519
66.79769688383521
-4.811624115748659
18.083738584603793
2.5419414281198525
82.70835570487546
212.16787209126187
110.06535454796449
-52.20232774125407
29.92664518114998
7.047901891327453
-144.80823064373544
136.69786088911087
-9.284433553217928
37.86284003473111
69.3125647927564
38.430540701645775
102.22353159306704
164.10461202627903
153.38784864628087
131.42967897581252
-2.5289772942305975
37.81383180163749
-184.7268923424176
3.2243307692825702
13.403804485867127
20.214292566517237
-145.67914993826253
109.02494224238967
24.02010804735431
27.133897354592136
9.232002157566201
-101.44098193675381
145.2779765515436
31.059420359921205
-23.01376504458858
40.864154091088494
-7.86018726945794
8.562928875730904
109.45409655358753
41.13375734182637
51.30302874276333
31.038944923215126
25.9870748157365
64.46867267478206
206.40400881769483
-31.457538702366037
455.9743251517284
2.134855715353722
-51.64564601941947
-18.254155639544024
-161.80063592436
-64.34898644045552
-1.4330286424194476
36.610366300982605
-16.111695398190022
20.418297336053865
-1.5510153436762266
17.78491520267331
-0.22500762939094443
-25.043154350978057
39.65216280752058
65.1146145706025
15.385247124801282
87.87483962794605
-171.6365131238781
-5.165623688643109
-8.50919256640923
-98.61714876105907
-91.62260850540952
103.05694862718747
1.9108764044648499
95.2619012182455
224.55987627298873
0.7796079151264621
-7.0960643579592215
64.80388415786001
105.72332898958211
60.289687886894626
56.10637002823451
-10.207852930298271
47.2047289444349
-17.524155348163475
91.74871368815144
-8.606669249112201
22.09763786988829
141.05329342702544
2.720072555959714
-94.15132172423455
13.425494245331265
-21.919073547464954
-154.46299083343982
-146.59340146946033
98.70438004751759
116.17383682314266
92.90935684074083
-41.65423676940736
149.82831978205058
26.137118777713834
-2.083572373183323
48.48200975985765
-9.483740848173511
-58.83486534872827
49.90275959565383
-318.9892598669803
-2.62850451257691
34.07144271429245
47.13907311819412
111.02337138318944
-5.944418219706222
-115.4289877045153
25.32499508059118
0.1409681277261451
40.343021656654
4.153906111959458
31.844603699675815
-13.87977260197249
37.27522624775666
115.38890719869187
56.996274174185146
16.237780000357027
22.334462685027532
56.55812754279651
55.472935915564904
114.5328277534527
27.42243592531102
-16.56410074948152
-134.16924106470287
18.080171281739013
-38.302888505746196
-111.79736137373311
98.20213768088479
130.11254090485522
0.7124288908437835
44.66114144897716
91.69551223211056
-954.5337987566409
-4.387716993959796
44.70044733740042
-41.90557387945046
66.06930675607418
77.23526916352534
44.45209562317643
42.15249167441142
72.66250656206557
57.13561172785916
45.42718171588111
31.285471217018646
87.33296166765285
-137.91494537851304
-0.45731935954654546
64.34837307837289
-120.40327379910786
47.06038629922245
-171.48052820011708
26.82999021242268
19.810352757353485
-15.24140721709864
-437.574613377863
30.302475407900147
20.94505437550775
134.82639467244462
153.39887766760512
52.52009004431693
-66.72176903841591
89.15771981679842
63.7663037508038
-32.41138079256825
119.23185873920852
168.79618781858926
-5.98772192610923
89.70145233657979
43.92020239463409
-1.887905443482623
12.20695134878796
-96.58884024433019
16.469100355567207
125.98356159102104
15.51120343341654
-62.401450235400034
-17.025341807181576
237.16531812089715
48.49081464859955
57.85270474766048
74.91995668013692
62.62303641941054
25.219422244934464
1.3738366243801465
44.75744748185889
110.05163809805856
4.676585597444955
-4.118995619699061
3.582008436875939
57.13472778016642
-21.998779520112695
-51.592847651053034
18.255348485432474
-144.6396657511326
90.62699699432483
80.78804288544279
93.18527646061011
56.37168623128491
-93.80360931002315
14.25015832301931
35.592588283275916
-152.39043813444277
35.96360638399466
100.21554863896858
-15.578963393331676
97.75815254186864
128.53628885106127
37.400274132522554
-10.54531910480172
314.5305853389218
-232.69243048314547
132.00076985410783
138.797360899184
29.78730184234974
29.58805842550491
62.972416053393545
42.30526543930108
-21.83332332246073
21.534276259057204
31.276378911576845
93.90220752399682
-89.99804448251643
77.78882436334061
71.8718556028175
-7.457519342467761
23.360732286248094
129.16895393546292
58.54105958106487
110.62398776862574
-57.658650731531
-193.54199536506803
90.60626639928614
32.70999542368124
15.398542403956444
13.495498069644789
14.46091265084077
93.2864697209418
10.646735272423898
117.94499886440099
88.35693539462682
96.48957358076848
-29.66428916334371
159.8783733350606
41.70777034621733
122.26122662748185
133.6832473951963
19.233641468723157
97.01705435161165
52.538856175689475
-13.03219281760735
24.436682719056755
82.73897301043326
142.07921161477566
121.14956543309563
145.03822641978172
-40.72532707110258
9.729628981763653
32.96409118838183
119.59599300841819
-92.25066686360287
31.52946259525561
111.49006949687555
62.624728141134625
340.964699429288
15.872312548209566
87.3401515331384
28.339548610047753
-142.23642462903263
22.428242328544588
46.72011236575151
-124.47043430769008
59.683642311933085
-38.32825855552119
-3.610926029771324
-38.097009437537054
121.26694489692613
43.679524810448974
55.27214260178441
-83.6047871881392
34.92856743555274
85.5662739518284
195.01216664315598
31.722059074734005
32.255261398670875
1.564151978910104
100.81107093386845
135.12958649777624
91.89265535989745
37.88823867346832
115.05513026402878
125.38828105025095
9.01405960013032
7.090103552070539
113.54634573300973
125.84891964599456
23.841434043705362
-58.10132592576156
-77.00508529547574
-563.1601810346274
73.54399365062636
-26.8545528930148
-139.8199534896853
98.09692595558954
40.890280864031865
26.0678878617407
47.610613563798054
27.394471411919483
1.1506963426760386
-43.339465783797095
49.93152255979638
130.104077593905
52.40546693704755
122.41319849271758
45.79210218550679
34.48273666024926
48.82169249736579
10.647717720663422
46.152022929108945
-276.9217833941211
-70.74310564025632
34.302905183583164
12.464107054205815
67.78528982396415
93.62554374634647
13.116552831236048
35.0354234968202
-54.5987170669905
51.749200336557315
-13.747632748442994
-33.77812783989248
-111.42737441679219
148.9872634147041
130.40761135950652
9.575991195462393
19.24410122822286
0.5413993335609213
47.02563792353999
67.80219403993188
11.128861601735025
76.31590322831391
24.599035558506785
-69.93967068950315
35.41919708427508
-5.673112597272393
-165.88566130563368
53.32167955192631
94.24096016292378
56.85926746535011
70.25238051138194
72.10836218560098
116.04075675911463
29.051945003263768
28.79691277689733
9.915816149679369
-23.714351724473214
144.88873428315856
-183.76240292509397
-92.87767113882546
11.151812837927856
101.0958450287626
53.3037081374948
36.80697547272287
-141.27727788083712
56.72714418223853
-1108.6435774873155
28.73936578517918
-44.00934323406101
115.81966296453538
55.91661277450728
13.956233578017418
48.17488151297057
328.71436424548574
-71.52186590293036
63.53008304054174
63.712976208198675
32.64423208048513
30.528885502021396
-113.22556704796989
92.51396737378388
-533.9674039837384
32.31098645861967
40.681477325194884
147.69111389331283
-8.777235546575412
28.480111905438307
6.275297937958159
101.9339425778287
108.72020676426564
142.93618679498957
48.132328187136075
41.82125337511434
-0.9706842669688314
-24.398646389188517
57.5169817877317
-19.844399372151656
30.710260287496812
74.66161008247536
63.660211457459354
66.46140380381632
8.555277768613825
-65.48787354431852
-7.132145060043513
24.652531869453025
14.94431785013046
24.046941548132963
-6.271589310181753
203.1769533229658
-8.226838022969332
-13.58718688160178
36.1363845607691
122.55920396031752
-49.28079830059098
39.72614358955116
46.07057578943773
60.12653639049131
2.357767193665495
-11.619291616553573
12.636195937305274
45.45137477654862
76.30539889493593
7.577087111047789
139.10856648569825
55.07688537779052
121.24957769505954
-87.27908300526724
53.29166330274681
-15.42412866421124
134.31467511801816
182.929139598828
-457.83237969238326
32.595504791920135
86.17405716338226
-91.79453297073997
23.601043331104684
-117.45149678822315
-59.52248260129409
88.62074001497376
143.9942012476613
97.2144368389936
-39.75688127301237
93.68727793241078
-13.997861195756741
38.89137567195417
53.842282254313886
74.97706488596077
148.93936912841582
-116.30641149606117
20.751839107254785
-75.34633004189436
45.28934914245133
130.76543942827357
92.21309580450361
5.7079731888889835
94.44555160232449
6.380515839748455
5.763085706748825
78.86727003607854
82.9040253318326
96.8430516284725
49.31004418892559
18.046107213458107
224.45668852469134
71.93485242211852
38.241289912883076
93.3097644542263
3.180534226637974
165.15362014390894
26.62884634826463
29.199434606220358
-82.61901413414307
56.22815778034351
28.135347042885563
38.707125481712865
180.47990822792144
-24.97955124590129
47.56683709223228
79.8867030899687
75.18806978331224
-7.22153828041498
-42.939688054658745
6.909788315647457
106.73575879119426
123.81676801310732
76.16585233788692
-476.5771668875313
113.51913698920771
39.737133318929864
54.25691941775722
144.02956310014906
29.873221137680957
26.699436194681198
-73.44063468828303
-15.699654322928119
34.73688883140585
12.390529480720033
-146.8369420732838
47.696027763757044
-8.491122554924914
-17.767878556653198
30.39959622871043
128.87169631887537
30.253857649932595
-1.9297106271710545
83.9866336575733
14.608249152801699
6.051354130269258
17.657977233484985
110.58597260205511
20.220729186360288
72.1345170926786
76.26161722070356
16.20070409609686
-146.0417095521716
35.219752646167954
13.578911176421038
69.40342138432051
23.70965351852334
65.58580412841042
49.052195440050184
16.72858504653368
-83.45891647667713
-788.3114392375576
-77.86285668887012
-120.86752621310598
9.7315929542297
51.30081919713595
14.341087793687294
-62.8372440659399
-3.4878661181578536
104.30092589916921
119.80475575458604
-247.6544581349708
6.9979774024369075
33.44000375736124
92.47980884107028
-145.4855682912803
226.39048318406594
-42.81953100099998
12.50941652381601
-137.26768874113804
59.88662237352764
32.69724416467827
100.66112606225397
7.068024476441801
148.81422427290863
29.098863125092038
80.1364840125994
-7.933833696831749
-11.131860116836522
129.20445758669302
55.34167959589945
63.90504264656228
25.975137761070982
19.60483587301906
79.78823138630526
-40.48402224037727
123.76761583699044
-56.873758985345376
97.15318078338123
123.24756271834167
36.02745374630064
36.03127494510261
-189.92641554727015
114.52520858810612
-80.84887276662812
61.72897878470212
27.00724548591795
98.04352869612376
3.7279749093595456
-24.881256403954136
10.911555124708542
-4.139590318499848
171.5782627174667
15.829781454168147
-41.75005302160298
219.42534633341324
0.8878847046150593
-34.138801549741615
35.324071434549296
102.93819846771567
196.17893566641487
-325.4082215975759
-251.38958131818617
70.60324409743976
-55.467689767015045
2.64752541100097
-5.431585084612834
-128.718495463615
114.18644810510852
39.464084345403535
38.92601821495191
31.486377656155213
-116.37188715893171
50.77637180623242
-80.84444047796117
-158.38141436430533
97.50576682232145
168.3598710493004
74.37966053330274
-165.58643181647994
136.12583168157926
54.45618003869572
11.008351255171734
152.5651413847845
98.63492940531694
-8.007999090431742
50.24670708665701
-3.4324114064500577
57.41438390900896
157.65093567046415
-12.604369254285302
-140.41655488255583
13.78649166283752
86.03394246692372
47.88117115173645
71.59294843145267
-254.46847639783664
54.91218397682678
-164.31255146867898
94.4717910876027
123.2310129264647
65.14137831878298
63.225985207922065
5.64064625492783
21.149157715121962
106.06856589509823
62.59533377102838
9.154453104880181
112.21976190816076
-75.23867091072134
76.52816890774477
18.057023570776096
111.1459154779318
-460.5206045785183
23.698075101195627
56.67567985496521
163.32465157585193
31.021601447694188
11.669714641560745
4.902046400332367
28.733758039716196
-81.1847836044899
55.196660082015114
-7.433258778155692
-27.376820144442036
5.538918805528302
11.597573413346232
49.71688428704374
-197.15026803639466
211.55303576396454
55.29370003512429
1.3987638903542532
-40.07386960457916
15.607272691391499
82.0175309813917
-9.219041622720397
121.55528330717607
65.58858607593493
160.7396628660631
4.039725701679278
40.49641435140601
18.558656109007636
6.592346997534719
16.10360753763598
33.916768033560345
48.86086321946743
-165.47738552577448
40.11312325288491
136.47562978775204
109.02703298547362
14.9836464779293
117.98345566321927
51.407216476659656
-343.1791408095987
51.442284391402666
116.28756526416282
41.62343050453683
11.561614988647186
59.22501972694772
-51.42988455833756
5.656786537637625
171.1716200693727
-56.72400063971418
55.14927441368868
47.33419443119374
-52.567209690225354
91.57624426528446
10.10049489646405
40.614992704720414
-54.272500286951384
17.66063709869912
92.25832602403011
-28.100641846454437
50.72550333143681
103.57716108334057
-89.74713458643191
5.969545452081501
41.88843579804974
-42.988452333125224
75.00189125914068
36.51048340663593
-11.006020167080582
14.714934653825924
77.89498723210704
-112.5306911417374
51.66788990159148
90.838809278398
-32.66827089158642
-184.30118093640885
147.26377124982605
173.5505835651943
93.98303902367365
190.01095450477624
-80.25490727153147
206.05139838527657
31.51437017660487
-67.29819569482879
-31.83339753443776
-88.11573192563264
-138.88917379003396
80.55811860992526
-8.994956903641478
93.0901670586677
19.66568976793951
37.79724596118527
-102.45542260560796
81.70644881037924
20.668612161460388
-22.846438165641302
-211.98608031315962
-33.67003003533955
44.264420435985784
137.0302105645269
-4.934689770654195
23.777121130587744
178.4503134439783
-9.833540487363326
67.66687606637151
26.967880225324596
15.141375646913275
-39.81252741005301
28.61562368093564
61.7933775927911
31.203258967450896
30.962904417355276
122.10905153430701
-1.0701432801385575
-5.979904782095834
85.90895377304261
50.992100433063456
111.8587595420529
-8.497775520025023
-51.25752246609318
-125.82074146221748
-321.05976098443534
36.95507930383499
66.75775412023609
-480.2324552397857
70.63017596075179
36.300114815041326
257.58971109890945
76.34745015650265
88.45155018613968
121.39855139279689
32.12234024060774
98.47262514001523
52.75012223639203
-3.338596049855173
6.601664510481468
-185.344995224561
41.7385909965019
67.31457491084066
-87.88188320796053
39.79781505410688
56.39086805175475
265.7369554025581
153.29223267730958
134.94598342611926
34.57557827680543
146.37909447363268
-17.499152534413124
222.0496062851007
-61.77384992237876
22.073782460686743
-136.5210346835538
156.91324695798903
-110.94235643441334
-21.494010631797483
139.75068994897583
68.160591131491
-12.489554421355479
-1.697556341216161
152.1151894866175
-221.57386331893485
144.67062518053717
7.308684788926365
22.743749834839036
38.53361767670418
-111.2049448281191
48.30675769920424
42.00463206602399
37.79454299405257
169.3710323901646
124.2422028965334
94.17432471149846
52.045769537970045
28.508055178656694
16.38482365762318
15.973176514107635
-7.969035613884358
-29.18313363956863
-83.7141045791468
17.654911424587915
30.601027229679868
-3.891478725518291
34.326890860172625
19.446481376521366
53.50355605136144
90.66357482333342
83.81151042225179
79.91333248344388
-20.09671398287105
92.6428078687477
-283.04047161602193
24.374452543093867
128.36276262386082
-33.87778896587343
219.7613538516489
-209.743276778172
91.29750671856209
-18.176318393848817
138.76873459212788
-7.177612251940774
110.76773176862821
4.782624358114785
57.03936646527245
19.728735889672365
26.78961727025065
-6.637007579158842
115.4639847589915
120.82218399320118
97.40411141322329
-208.95315174596544
-22.21831510138841
13.45590163999027
-242.7878937692526
4.401714184908997
-5.8734998390491455
-385.7977918219158
40.16015628785055
-116.07155339796645
-0.5164130077791924
59.93032218992781
15.926468897990507
8.806601127796
15.34773129934149
29.403161287554212
126.14721709144396
116.76985179489611
-217.89487454975597
75.45811457503714
46.10083456961402
1526.0964254625906
105.91799053787872
109.39211522815913
-60.51589679920289
69.27560863187409
3.065824417712065
-4.798940154536051
84.7671117138616
132.9720256510759
-17.937863479909687
-230.1491130354907
-11.988572500052461
-32.204967841684265
49.40089968299026
38.606307644571075
43.761052157654376
39.08165917884253
48.76015587695201
29.756847258948397
18.12002876441223
15.4357848403059
-10.730585666090064
-38.56926893451964
-145.942582892257
-2.108491487616528
-7.59412634009864
20.989673403954868
-97.48111836172666
81.1378430960375
62.25357815292796
15.959239345287182
51.3412273440905
-12.082141283104193
5.507660238156404
28.432639289184518
-94.42301782723962
37.41006062946144
128.37948973590255
-100.1585441296329
-0.5472679561685254
21.532324224214243
-77.8718378825879
161.67412510506847
77.8609555709063
8.569703441754397
-86.90132455959247
87.84965043326974
162.66777355755062
34.56801049502354
-65.63593729972126
67.10545180639684
-81.59111521584691
-40.13696132882927
46.707616440240145
-2.8896153581059782
-1618.5658504345693
66.52574317989502
57.63331729425671
24.93687997368537
-3.795996601089829
-131.39703403888234
6.508319373509494
108.48817969825814
-48.454681862610414
116.73679301470315
57.67576294003755
-91.17333569006587
48.718679540019366
-78.73734053613134
30.45215267440426
-42.7883980212051
7.7557667870579134
3.8213558970547012
181.55100567183672
-66.8736300633858
80.50010774296004
-41.371232823140005
-55.073886881345516
141.10169750108116
134.58249553706537
-76.11052637221988
0.16416073900653605
-185.2915279710585
121.39434902514927
16.628399157412332
30.90842162705401
63.79300305788172
-20.41852108793173
-42.479654084633694
5.550877121858011
97.06540588861299
162.4403846071291
114.64573539216781
21.779741823359927
48.708625433881025
25.121284294992705
41.45252616425478
-36.317886895406076
103.54237707315087
-7.321925046292717
40.72500454140959
29.86919651642267
-228.47269787815821
33.399110760898566
-1.7667610553835402
-24.10238417963907
69.18866872455374
4.367583085495023
25.91056929782928
39.98847325034383
4.028734640187625
-11.558928407262101
15.448070934734904
-68.64751242516923
-153.7247448392077
11.061270445100739
75.29823497388247
36.763650347115245
-14.008409294081048
-113.69702562895236
77.31411802014486
57.46693202922224
108.48413295427781
-72.43084282313289
78.23307989736668
217.40494996346933
20.21551770893843
40.43683826481433
-148.86806702084823
-152.9330365257224
-287.79395035972493
-17.789828804310062
59.16694993898835
0.3872560885409475
-54.10512708400537
-75.96904000665573
-18.211433244140434
131.12423067134932
-4.080980609691428
-152.5124068319965
39.898510410796284
93.04594132994407
78.49184070528406
66.11350899597852
112.50345893590509
-12.161378602098921
3.997439556788202
155.04412341159423
29.283538642178605
91.41670365938432
110.40872816323008
-189.9139107850524
2.57318793378794
-352.3265828609001
172.53935443749424
-35.978757035215494
-90.86264668790955
128.55794265786835
13.724706384798102
46.34443844628072
28.145196765651306
107.52093144243713
27.32836235478862
7.452128111018283
-21.512316063697966
124.0423933485522
-3.7802602112185326
2.1743158129584117
31.920520358485255
53.37735183653683
-0.2547235020917405
-9.990843477502949
-0.8824942352335429
169.8653068624012
-59.33559720312951
-25.728030038496414
59.7378225002053
66.76709188201289
-41.70845682873283
39.045899435455
66.5722311509476
-13.012358572019366
-168.32433207993927
-109.21456905446303
25.936621503751645
-25.582379121958354
248.28133368251565
7.284171475206222
129.72855089360837
90.22761808244559
57.48756582836222
-27.3053144122925
-87.80982668605597
75.36893186008638
-80.01332961362095
-57.26274452391135
-21.626503213920277
48.58426020653452
13.757799480634924
22.823265356445958
140.98449094481657
12.05084117555645
22.13309862558544
44.60826833371896
9.601908638527014
39.19419567686595
-106.28867817002447
20.131251584822078
31.974155863935493
10.85157961700212
86.48700744135635
93.35992183986264
110.18198230314465
69.33251427165578
-40.65976073260981
63.91604198500471
33.22223179027066
72.15214816210664
52.260767837517506
28.503017739045845
2.2053608383702112
-10.522431940783008
78.52473102512727
94.68690123637634
-60.30999544887351
2.7279640966762893
64.88279508331833
36.55240353768431
26.246845401182753
-33.386806889041246
51.114700888758335
-25.079524581882723
-67.85412395656613
134.32152571814527
36.26296336557329
16.215395714122128
69.79900922282559
2.403146402766315
-15.609507745823294
-5.025752374277531
29.77234038760621
122.65182794490511
81.60148060344818
128.40776835927863
13.958031687250035
1.421815955850434
15.320079957579765
195.07808004752405
28.89972790126359
37.682438727627115
102.97100302602166
42.37063641480745
227.06016621269828
-3.6355335333920946
43.87153949026935
27.929412369532656
-75.99654796665143
87.13670964274297
-123.25365070057387
26.7701775908522
32.850149267890174
16.318326250112477
212.53324116949443
-254.7488682404719
37.618517900089444
24.40939796971927
32.36954222791028
7.9062369954597935
-190.9913998039906
-94.19311133956762
-7.869209413525346
22.633100473638706
-89.31944417370914
-3.8611536756607165
107.4875131571448
76.76429636078274
-200.15980232837956
21.14171604556668
13.426142804428082
11.26512556613727
144.96048361299654
43.70840686068141
168.9570457177315
2.7638971152934957
6.900757369094347
8.011514420027986
-65.45010225240154
44.21141304912415
46.29385775471712
-167.08981582223896
31.608165419529257
14.473436888841661
3.385856207083716
59.925226791656826
16.732927493649143
-189.3225976355934
-18.036838463586996
-16.090192899263478
40.268778082438075
-198.7731484511596
62.46430157260875
76.06016765208062
-2.6715313653487907
-13.355616246915588
18.967941163500715
8.418160948975292
33.880288344388276
10.503120173586922
1.0596025284824862
-4.241428449142457
20.040210024339302
74.01809581693806
17.75345708064765
-9.493173118902405
95.31694654977628
-31.49319107015208
-13.86108821801804
65.18517889430561
54.580233677545095
178.50620954603846
16.942638655662265
-127.60649937973267
115.32466974797262
5.865284458016579
54.11551730242334
31.02469855365873
67.80245930000288
83.44129095307244
161.85818080465697
-9.40963776071656
128.45170829568087
11.276792325819315
26.03368875054903
87.17893269020078
28.15944696287565
51.23152936364003
2.8783168438182587
47.48473627260026
21.65730667968407
-51.05158192849467
79.84645729657683
46.50694952930917
80.50010896350113
-121.73948256085077
21.76388230196608
71.23141269327445
-9.584225127273195
-4.029441322919226
19.10791982786707
39.68114749508726
-9.009682206696198
-4.835472195860566
46.4605034365742
32.5540661350077
68.10223581190894
-39.99877874259346
19.83718632663465
169.33255925477806
10.538492009016615
72.28815234740557
-13.168863154436167
34.74230410443306
56.8402775065947
86.85995529863885
-27.166050396237946
103.99192583433887
29.841302914295255
15.522405656899537
96.28707979986496
89.45757811858971
-177.32695168922783
73.06560190081763
96.80380305955623
160.3501202194907
1.5675429058732107
65.15828602492684
-230.1395931064353
-44.517623581107536
12.835409977667723
53.10660341192238
61.39312304586019
81.554133160113
188.06213842739362
-104.80337539264292
83.16446441193148
15.039943626336589
-26.39789535019895
-50.387179857764295
58.29973155032894
117.24723379009401
-0.25894881378115997
-23.49896297259056
-17.04234799051619
-0.9903444052334542
42.71745968954684
39.62659931168906
17.86444258421557
178.3342292357015
123.78982638119714
25.690651868950397
52.08146406033485
-37.627381685971486
76.65665213026301
32.4319585544425
-69.85985242283937
102.48050950986749
34.74817267340768
60.801302072304225
123.86547313857045
139.18110984006807
-179.58960483189458
-212.87659664759076
51.49360896762133
73.13998160954367
47.23834364033655
96.33987421103666
28.29582498046962
44.95956648398926
-24.22656796503269
-7.391610233753681
92.90950544882969
8.251081976277282
17.36233786136563
39.520936278278725
57.19572591365663
-371.0783836338687
19.24932562565095
96.4142992028942
21.349273523432615
30.294969422513198
-30.309028815242982
49.58433067077294
192.71544900885692
25.62381330937069
120.62766185417559
24.98529720076476
163.29537708112366
-62.2893129084332
31.61446383792633
69.05632557211065
-67.20515670669829
38.70037198850528
-3.167281426297739
86.95985771732899
73.00052103994312
85.64037605213255
56.25567481329345
171.26035166808788
-126.28827379704762
31.74523319998673
39.836692534742355
-86.32445075746637
43.98822617375354
-22.724925615036515
3.344466567305062
-39.1138766682796
47.66167354272979
88.60988838989533
92.03918579464425
110.29484485944477
127.91844552674502
50.24705969778324
190.13578528418066
117.51293363604782
31.199898718973138
-422.27398446744064
59.42042566269129
57.26460303886617
159.9728913463914
-11.671169683651897
-461.37966635919474
29.805585072444536
-263.52734920955754
-25.610337219741993
20.632744414521767
-173.90473471975247
-112.89070725148122
160.31584813722566
62.15419888871736
103.17130804230419
12.512969434579247
105.72526487409232
46.72043855187985
29.19980156215288
-60.38557409788473
85.31554927409661
67.21969985682131
-402.2916327612302
-14.187952033017725
58.063442457686854
74.59694122720568
40.423877863658845
27.890559337130146
44.10801784904146
51.38664657327081
25.163481368531755
223.36360797797352
115.58430736750142
187.09689667909106
-57.551014786227825
-25.39321927041192
-51.35435807876911
77.13715702340778
-50.03614701669858
-463.95887784340994
45.687659115686074
10.000679620109164
-11.141182607269545
288.9182749420688
110.63893810049103
48.835293609490634
-76.26655811220826
92.6811214577342
-29.03685743090809
150.80966874766818
15.392668250287443
47.53792729698332
6.439847716977965
45.24846530430074
-56.0751207436605
79.67587507556527
85.52352005231796
-70.79645797704461
26.912804173942277
75.11613475654872
-19.673785586511258
44.4834197976971
-170.77166874527575
122.28926705312142
24.58685265123829
-34.876248536279945
94.33236248559592
205.2993942598082
9.93742127077809
132.11312635860304
-55.599147341352364
50.87940226124306
-114.9173542740109
-10.379297001704575
17.379892513182995
-22.31436262000803
-44.65506458639629
-48.94728879306649
70.17440580912222
46.06488837428219
79.95262014948003
226.2702098264972
1.7031873448874122
18.763344456779965
13.41759509335798
94.58519495184532
41.17257845994391
39.92590358969448
-145.10600206071376
202.69377864145008
-23.363238260487286
-117.30810275752901
-38.1009881458308
9.853872876369579
-21.378624512197508
113.4857580697244
132.97962838843728
47.93729929924848
135.55652702931548
41.11101440981247
85.21107825625208
68.89236868392626
61.124878107989616
103.69763618652769
-8.952479302565585
61.399770326481104
45.97866740425616
29.436936518500715
38.506185890568304
191.62667347384195
-37.47055455514237
22.019676932369762
101.80289534121084
-38.95985157559153
77.63035107481798
11.407121781956869
-13.166982081707275
40.26839524115147
67.0448828153626
61.23704947431861
18.219901684220893
-65.0544661673348
-3.150294451776862
71.62777383979119
124.99920161776026
72.27164433628519
-143.29510199514607
17.530785773624558
42.79837931741339
10.783664654778363
30.555058008681506
18.630285164963787
-94.10934227465395
-71.46526222276088
103.43531909623107
-84.5970410895834
45.28983581316504
50.82620067445697
75.2751568941477
36.290329771651955
76.0005991492311
-9.922594491605537
-15.959900156464073
49.55772032521847
28.107729288375374
65.39353646780859
69.39877029778921
58.017976681654545
-39.43602899926551
-41.95412026969734
11.852580595791096
220.20781985059693
34.314621252410454
89.00735698947756
28.891228054635576
87.3122329562583
26.348303088567164
103.1622794764977
132.22868267181957
9.428343292956924
37.05801035516393
78.84313916914357
-152.01520895196245
-2.779874123789874
20.51215071792174
37.938180211366
176.4739131463234
50.51435757147908
140.93248522102476
32.66588573507897
9.161251068717872
5.924700637972364
-7.68589081562204
125.4797814284716
122.94877180219248
38.79023189427505
-53.29915994517614
14.377373501704142
71.557240640891
2.941492381907665
35.95779011380637
-45.855151160640524
-66.8759807794828
-268.49218796233254
68.31756011933885
-60.82472732859151
125.36290205495152
36.86639446085883
-6.041158651356869
-176.25810699745944
33.55701139851387
61.50082169703694
22.512755446354518
77.31641585107485
-10.06938946951476
78.04865616150346
41.61760056950834
103.71672402760396
67.3744317529472
17.551796174064666
53.48477975301125
-129.06715377289402
84.78870467035779
-1.9058653343672631
32.360918645544494
38.8649252258615
-7.569784694833952
-59.551805363379245
52.19694460038477
18.640089650053262
25.290167119081843
30.527364908219397
-114.02532393617321
-20.43959900337859
-33.66717574888389
112.38541691807336
13.514461267057182
30.99285048343208
-50.24631929516586
32.35537571153769
-171.8860402009118
61.24181844315899
51.02652844097777
34.8222047772489
-15.316931583728206
6.874916814131751
-22.294504896731194
3.553291121572308
-37.758207925536965
34.07634851002604
61.72876382549157
56.48979292110292
5.733207560216849
77.8397532058101
101.2261707381407
-0.20356688224978825
47.6896093598848
-30.384629258321638
61.40823864769118
131.3566752353804
118.52503248829589
62.4358705131617
73.47249445937729
31.706299947890926
185.4343261914919
48.79430962218572
-34.44309284611836
-23.517869309791884
56.65831979611667
40.183068595897836
4.839376126004481
51.66158847141078
-61.26146190533799
74.47469370581439
87.8877427984429
-28.203986161759076
47.75846519960032
23.989914192438505
-74.89497667300566
-115.52501683255105
18.28790540004749
49.05914381752575
-72.37854298918182
16.45055234289761
21.32672924439612
17.271846162166725
-3.801639941954413
-43.88975474562585
14.372691602670093
57.51795856353124
-14.24083729311368
16.24980980146187
79.65317647773782
62.935490124774915
176.4404072975949
-22.85434914239113
-30.362317930570043
-69.48294805114801
-27.58942035577229
-10.103042546039433
-26.178730997634368
20.91818386861314
227.1583279046772
31.914497881299628
14.019288518324515
-26.572300396579067
30.799803628036493
134.95798798321903
2.945508408160407
182.1503506105646
-24.33029610199582
112.93039013042471
22.69360479498991
-1.354212592232102
74.51521509338568
-129.44680050111856
-67.37384848077454
39.12299338699438
129.5173772626822
162.10754878884882
85.590961913515
-318.84946399888213
3.2441429943087314
28.105939382792563
-158.11800539773276
47.913779116978596
133.35584492802127
-5.384999022987481
32.66529666283441
87.72995672722422
-79.80421033706762
107.61878994238623
20.804578141472348
-108.29566699448333
46.65827344159061
3.5437983349510875
14.011511185111129
-5.980635000402657
-208.6959961837274
29.421915559845615
71.19000923724684
167.69533626918428
73.75053949362518
-40.37787209313852
-31.26312628074811
-151.53294515064545
70.36013957179716
4.422928265364784
36.8509243824637
-322.78890233917264
205.14509552444815
-25.148153939472994
25.02411880134732
2.2315004044704576
12.610362413949417
86.01947163981367
25.06568781064278
84.01505842040135
74.97623591530697
-224.67758872232116
111.19580853929938
85.90473301038656
11.963512158025136
-147.4904331110115
-10.771005098739707
-2.439694745034581
-77.20253901654951
36.86733077292725
69.80006097823568
76.42997167672729
-87.03178024359977
-42.37193962213116
-74.72879495786538
67.87955215514194
11.768185175247709
110.16860794872036
21.498648454003543
86.55846908129024
-37.01213483110041
-166.05294889355991
86.21560750562912
4.837489799729966
32.603609510027695
20.528781979239184
47.97315079271726
-39.190681673964654
-134.5405254118623
92.64869369058943
73.53544545929576
143.986043140304
60.32223791008801
4.056680399885316
127.67547130973253
11.977528035962392
-222.7648286441804
30.827061410353053
165.66110757656497
-185.92696495010932
79.1241465680896
89.94496808676013
-21.06050590846883
-365.92559263334533
196.042419318037
59.95004530583296
-4.686132832923002
76.34076934175528
-106.39395271787726
-70.94607589855482
169.26815719211822
-33.6622818976914
74.06381779268156
39.561529479165586
60.83439987611564
-61.12419625149505
-212.28907995763893
73.1931312996511
-2.884951690177786
184.48792111386592
96.40717346266513
149.67073034906093
44.894374372291004
89.78111993623679
16.854749972761965
46.46413799102201
247.18826653271435
123.90064341897641
6.341353435613655
38.30655186174164
91.57083781249048
158.09995836333883
-70.3976615290594
24.667845500019283
170.13496664955596
6.420835190345152
72.15847558982
36.738492454245716
128.24554561084915
60.394850921986574
-1.1463798838800487
21.9008336115793
19.066056972393653
43.34491463362975
45.88999900832292
25.161365912138873
-116.65049858104794
46.68769394369092
28.73730483773646
26.204518264878516
49.32351651003804
-64.32223862142837
132.57495133787006
93.67261318090232
-74.27058123776715
-25.07850597288122
-132.53027678579656
106.15720435098501
-21.484844475007776
-54.14489334287282
120.22457378040554
4.829589739248149
76.19223080463365
44.927836990837235
90.21039650553075
92.975892092143
-15.745587372318422
66.37194548944396
-163.42260641381563
51.25361127464916
147.4441161445318
-120.36486847064316
-428.20773425776315
12.350223589805028
2.8412278313363535
66.61782638280579
61.1404688082132
57.81133654769019
-76.99832551993313
314.68367312561804
96.11697587499975
66.95860068565561
130.77543615964623
-61.983374000300415
74.36895016055405
57.08245401600418
84.54510100692823
-13.438738550727066
-211.6060982256904
49.719996673529806
160.21197884880212
5.061876443541831
64.8446526442666
134.7693181054492
167.13949180669852
55.82248619102961
-5.0873159035278865
139.6498654257084
51.88727308935722
15.999440011876185
71.7616852433199
-39.73538965227408
-106.70944414130372
-47.776421788539665
-367.60079085964253
-223.41252805602684
-49.57040204889512
9.778897038403557
167.82123028268302
47.48488223816594
52.307798172779
-1.7014787502999584
-30.68455100848405
20.812025598082663
-100.74529276013291
7.759312942148426
-109.43008757566167
3.1919881190606034
64.01345803186985
-14.788394701977492
56.146169068258814
35.5209378669482
-12.547628639001232
8.877074956831185
50.74640406424419
169.2255586506135
13.923172754567972
93.90668005955331
27.991654607764758
-10.049958404519879
7.491526953801696
48.03312486705363
131.17183512108886
1.6712713025671828
-73.22300740504625
184.10821035491972
52.63783152242764
20.27306911253328
-191.0541958175054
85.98100846166244
-43.512598606587744
5.736814881543978
19.907988998029566
38.446273568222296
39.84705607585265
4.723460589177205
-67.9465146256548
96.14096713404115
67.25465914838333
56.17858810277227
138.77001157073505
18.614751085058018
5.3063134580934275
2.1552065790397137
-41.555850086292594
-7.133962678671339
222.5805973925253
22.629400660026356
69.74464878142544
-50.56630280229729
-923.1431123737048
94.37655514666301
260.8463602316833
0.6179815224936647
17.777177354023948
76.74119778262457
-26.487564432030208
17.44224273283939
17.59060839079598
45.04579802082117
24.62771721725187
75.980936920396
26.506761845898524
11.375869759499437
151.432797198893
-126.71117434861253
-0.5733581086499685
119.9082976758832
-8.79091165155172
58.859128410370886
-12.27085720781156
89.63604544748895
-3.264134034246764
68.0843726961225
-173.8297199337594
82.44683745921145
-117.34256226288562
35.66157153174989
63.619167173750725
76.22385008051378
63.499280079904565
23.86322987367922
0.2656426801768248
52.512586845647206
84.33648360438576
7.800765786313491
82.1658566878491
-14.004590231104066
-47.664642074626876
57.38894259737462
31.82631138793576
23.54896849990802
-33.98019720056364
71.65340643249691
144.65130587564272
-7.063704939332638
31.257061534911355
4.993388566093017
54.90356929729319
10.896316693122753
180.08605250319943
15.408310332272137
-87.00531957775705
61.611179767194244
-117.91610810568818
83.55483194287723
-18.125888299126018
138.06430525459996
-17.022735644584372
-57.17797637161493
25.927500291943716
27.59421671831639
147.49866256897917
-51.570781146356694
49.568608166149964
119.61362216621285
27.669774376565442
54.46024025006411
3.742734073784959
130.7177714683462
-27.60396043209829
84.49190945837853
172.29760083096426
-53.696943861085856
29.873571781183955
-8.715119457799336
123.04206994278684
27.670932432218695
-16.516930515263653
43.16504619617464
227.0267404098181
66.44844204034598
212.7690471844985
71.00625797684785
39.95474185231615
131.21915604715548
107.56603054316793
-99.78230373805127
7.511649128417957
134.13540009496
23.587789384342784
77.86751504790846
45.010264257149366
-135.69447757605212
23.74596952292689
-29.480602956471103
94.04318575538633
64.87030348586632
-2.111980753615947
114.5776819642565
107.82812154591693
-129.53249237181734
75.78469878647775
28.44470411842706
-22.939625218632955
1.144254035948984
4.820293036535077
33.85178841683158
-9.06976271177042
-2.267162830536563
52.17884639912609
39.839624778565174
51.03655636418802
-20.430461311147354
30.20505002414195
64.52920712951936
-4.538023429200817
25.111720012559516
-19.559997223066393
-250.15834078261534
131.82347580283113
35.612261531002844
62.901155872541565
139.68956938102497
9.877041032924126
108.69554097661376
65.08862103231058
90.78389966449095
32.736003612609636
53.82187110817765
82.66938408907617
144.70413395298056
112.16627269606863
17.683844190341915
40.38636726407326
80.82572935914408
20.630056792256042
77.48539850026748
60.01902990130134
25.351717206071676
70.15293883627828
54.57965992136542
-218.91750990491482
17.965442210058157
-159.03388410715343
-9.908243846059275
-108.99334875134909
45.165889133223516
8.703480117806976
35.11127964432717
29.73183907073804
96.15031828786277
-30.43448431558485
-211.7744053036913
3.379560373732218
-184.1583013808986
104.0629017182182
13.386915062347049
-100.8154080405493
199.8111919349344
88.78029356344291
103.68691452413645
41.53614559323948
52.90892954476469
75.81523186152128
15.538748237222311
-59.02252931834437
32.13659689199176
51.386840500300934
117.91622529339065
-74.64532781974243
16.367166996117042
70.79393294035069
-46.34066951704335
33.05385314614743
-28.774760905493622
18.45414177862819
195.16107855579685
10.907956084549731
45.63837527429564
-7.4795696301334065
-65.13271014522924
41.472527443675666
126.75305030954041
34.009662003810035
86.03261496617961
58.59365959547577
52.84144651469842
5.77582211104027
76.49160891533398
3.8681633585268584
2.5293697044462533
-16.123292077511906
59.413474970266975
67.50457894304554
155.6819062035638
-116.92960040140406
39.609756499128736
33.04753305224018
-48.24332185308878
120.93957889989133
39.148284956990295
-37.83190026026023
155.18946891614087
-22.684100713538555
10.001459168139851
15.243332533263459
-59.19420323018767
104.89542446560154
14.16104578728708
75.29373159782836
34.50903809735125
109.09015831061242
103.71046552582914
-20.7308834923873
108.36595538457891
61.96873844654522
53.029763978331175
96.79684312359791
-153.03714387039372
-158.24311474266824
-7.78469144397506
198.42714846698345
26.820022441876972
25.147593812716874
-0.23720459587548248
-143.1782900489456
23.532776174932188
57.05051430792764
-46.72234805899707
96.29446711541823
79.0226993372529
0.15371082238198142
80.39691314131366
47.30952509566828
29.59999696962541
31.804937095716653
29.947649388049072
40.2427883475641
-48.04751544657347
128.08124666299636
-78.23416724391382
63.3032454560683
55.98818544299775
93.27650490235374
-65.90284125740754
-1188.1031628499804
155.67614763926895
83.49388630327873
42.16935104557206
-1.7477866853722617
-62.78125784090583
49.89315592026636
-33.04176134187085
-93.90894717978426
-24.742863330862292
152.8382876051851
23.459086847653538
39.58754517937918
126.45928169322679
2.7870603680595423
47.919294993069784
-2.768956233984227
34.39090812933856
50.48456017640592
-133.87553153094723
107.53880580191526
2.5437748949598102
41.25808391809904
29.121273133445243
76.83883282780926
151.7724987507636
53.60981727096028
137.6096898121118
-9.584855538938722
69.12203890593713
11.392849877117783
65.51187217048289
30.61735252360039
94.64100943921949
53.98418884781222
-20.72391658695598
-249.89814639995166
-47.22382230092899
30.916350108343206
56.62527683830888
68.35889311312985
15.443270514781108
60.74009646753893
-33.46154592294246
-23.202148803478924
42.45967446742415
40.46540812556748
41.16052327221087
1.622658327158423
99.12262496006451
23.794347210240726
128.36436314590082
-228.80987172059304
65.52109367987116
-18.22166783925286
138.74788406640482
-109.05774354074583
37.972616880541864
62.56354930112684
-283.3293927729037
33.60967621975311
24.656526392738613
69.67111953385347
83.8417958337327
-16.903273186864816
10.960385293644606
82.2307108678271
-19.30155210026078
-121.40947669143588
-1121.0545432803565
64.93714038572034
68.78508519959314
19.085504114872037
79.21959231084202
4.105096643010711
30.39967697094471
-37.97766884454154
-56.01468952196518
50.13624056062628
-4.6265785579256296
5.430417599252323
35.581118459413574
47.188970165160754
8.023969661168806
34.83003062741591
78.4005550610384
72.82570785876942
-102.67446562079658
-41.86469114034321
-202.35798800528832
-19.780660554187147
53.95742619293674
46.43168491353168
8.862319705222305
179.35126342676858
-11.604083225178783
-9.885339660555257
45.55794203795631
22.303631066977907
188.7734871374355
117.6792197661639
34.046683616926856
104.84535959336546
124.74754507029661
40.840519596024215
-61.89289528397035
-14.375671035269747
6.541568555695903
20.170578845421694
3.0188928299803166
-17.150412738637442
225.9381154330822
47.13082325601181
82.62118058157739
-15.380052181560586
24.337226902978415
70.12645562364014
251.97378752014583
-8.175935761310688
27.740055580734996
-22.192684258244945
59.2571992983888
-35.14064213245911
13.91085523106949
100.08044282837818
46.37828412514927
132.42641163343842
131.06466213057638
-19.253466679468517
45.897709070409284
-80.8500351388875
35.877962077817756
43.043147767361916
46.63911568925562
7.645256057618099
39.734582786953865
3.6449611971114853
44.93555493243048
211.24379013153248
-84.91275951787247
79.70450062519637
55.45513507634939
-21.44283567705088
9.542183290331083
105.99013521281677
255.96876987140058
-20.474404882314502
71.44265037633124
-51.511540854603936
-19.81470435090887
-0.458348669439232
23.444990114755182
92.57930402365605
63.39690272607469
9.164832721405674
54.5018681508642
32.81226224728289
16.130380005138697
20.737858894473316
32.56503090015258
-36.953768891718084
21.919658562037878
66.77590298745932
156.75441410829126
55.20804317232887
70.66725166986407
34.66774702739306
-61.792771124916726
52.260969378621496
251.95874978699885
-125.1128447324545
-69.34354774228223
119.50279448170113
15.701503550482357
-113.38998014641538
45.5010367004179
97.58938300689806
26.52913051454173
7.022192211166593
137.56178092361506
92.56859313134714
16.37084902886781
9.73541401454743
56.64221224596855
66.18846998352274
-152.60672377714445
57.12787517653351
51.6136175957662
-73.05838452397575
45.40649599078734
54.28163976041793
17.35303369593794
71.07253306533178
-10.807867453440622
38.93986938508624
-63.918244415981235
206.76907239952016
-177.09181682152757
53.76710900911079
-14.157836361279792
-665.9421512474803
30.60553984667661
12.689196931446531
137.17090030118834
6.0875537544836895
70.58573465473228
-48.78235018028032
67.4413669241367
19.798043179499388
-20.834277023842446
-12.62425451046147
69.31298813154854
261.98994102990855
84.39960841156088
83.41112045926548
28.244733901099565
38.40722055409491
128.2499563890667
19.15671560357366
42.130253640969116
74.0546128250536
82.93812021925442
88.49668845791166
105.31316424129
-37.144540954576385
43.30846843745937
29.167098159607164
123.57954593935983
-436.9134782140054
155.96037871876842
145.10879975143553
18.258521597405952
127.05286513266947
90.8851507006093
39.474143592230575
57.495843274107
35.66609534762287
0.3793817321602546
52.268794221586504
26.005619214960298
66.61934704903842
51.184233408308046
1.785743244783498
-59.69979066340147
21.469693636890177
84.76781948715688
94.22863198636355
61.629351883278105
135.9224380203259
18.58061021991034
-225.8184188968262
173.72082620649326
118.7872235666157
99.88343161630041
-269.46356334960365
37.55656506235073
134.60590779674794
85.72510337181578
71.32476579333934
7.261055675066126
24.679464372841533
101.05879711222974
-132.83939093219578
62.71754787063719
-34.6009620603715
152.00640671355814
51.89053516701822
18.519224774628576
51.445500754784916
127.67830026030424
-113.44057398779296
65.8625919738979
-12.908511057679561
39.38546899810444
-15.062279968856796
66.5984183281215
51.89564641429443
5.3278162213787255
156.8273970866985
146.09777864568105
29.639901626404935
-321.8241076893555
72.99375779439879
-179.61875077317535
54.6560253762791
30.95659767065752
6.87016696162982
-110.85944853809997
180.08829445840047
118.10257407094605
20.198622267905797
60.39160010730711
-181.6094302953943
9.034087775848093
-12.749671087663955
69.8494378121568
118.86541654124449
158.74133888850747
48.987927438051884
108.11324229064621
173.63491773632063
-1.0547651407126815
-174.8722972653187
70.95234325799447
76.98671033929224
95.7509687965694
84.21786269135532
262.4852551361405
108.14417272389437
82.27167917144243
15.503706681626264
-589.9931504159998
15.67535585999201
-9.75022826705299
2.8020398416592798
18.57189501684161
23.966204320285858
-138.74364623119618
-6.211182786540514
-19.224438326785606
52.2596800982428
80.30413623291312
61.96969445938612
-220.18289547720724
-55.74486132006632
47.72869280374027
-153.46169638581438
6.839851890282262
-175.64373091164998
12.947588119013638
16.584476622528857
-8.18962257214061
-4.177867940435758
36.569752013138846
177.60305260201903
-24.81653205792645
88.51881921654922
31.15436760284026
31.07759978884676
-52.62611842818387
143.60527500567628
-71.56236070932573
-15.698830153998504
6.961815822249834
74.03037912413652
40.16528608735421
48.622803561833734
170.80135221225828
-6.050346255091426
29.641613834175587
116.72363218053397
100.96108987527077
153.59412033902254
30.214110970952625
32.14138044747077
21.142488342552817
112.78976035123696
-19.969542396596317
13.806445560024956
103.48723998231321
-194.94371746329398
108.94349119249318
72.76096758280636
33.74906273327906
-24.725491448522916
-55.345317853556026
102.86833567085478
130.14823600291538
-11.601834964294138
-56.8713241123756
-125.95907862923181
97.25076985773376
-4.049820742053073
-253.47817984206006
80.92580183660766
-68.44884869828911
56.09101813815498
30.531106648210695
-7.546303335407863
-118.85977130829542
-284.1238963134083
98.64331885276408
134.53523293429816
51.92310378831644
196.25037481999493
-75.13626768088398
-208.03408427003598
50.43432807633404
-10.130865275628366
-118.41481917064903
-109.38730021549964
23.836857893144042
-16.744413613361505
-14.635509657011168
122.8152081179353
41.80446591837218
-11.772392786656297
58.83643004251553
10.485892090159723
97.10681354795793
63.86472988875994
104.64460387738518
-17.55049045427731
28.333623582576102
189.99594699201134
23.37243941738417
121.87625089920652
-2.3194094985437914
39.92123498994194
141.97295938683874
-78.58539357973223
-48.40983656540175
47.239576947798696
78.40751200223761
103.65206925213306
31.286416312756046
-26.727848315378598
20.727837495722042
4.7515044213482724
145.10354194920183
7.925219499483746
48.24981608417323
103.51270389682406
28.993957126285544
131.10606964352655
32.44147090416266
88.65281624739555
64.3310291842595
-12.616920093123497
160.27361211542802
157.9329527415698
92.7732105330715
46.20382804767544
50.62511551629268
-55.05605542285002
8.976880380017974
-122.00429916663965
71.91564339574948
84.58939662718785
27.955479540210227
62.22943938765957
69.28071437301617
100.18615138515588
79.65593380406744
21.481487921699724
-72.72352227006786
66.71155899280575
-50.84470626473603
95.88655730659207
-1.0094240744228955
-43.33122524039027
134.53216328113513
64.712952968276
48.44177111327451
96.51309318716147
34.780827531307295
69.69682610500558
-213.0393850047558
186.29165934277216
31.91963341006044
18.05940152074956
-52.50871783841558
117.53695122736872
33.6911378234198
1606.9755681415154
-199.01375120622515
101.95700584305541
2.8573800460699847
84.7413069046479
103.77692015279081
-27.756884241177886
25.323111527217208
83.05186614530808
55.53408010427846
53.54975168055903
-23.744052937849006
-18.550115960449325
-77.21524812347343
-18.856670728692393
49.29854014421074
115.06638893371746
47.76114212236848
-114.02516819200036
109.55035449251454
-37.815897406203476
-41.738441884725376
95.56503867482252
-238.5392381805841
13.691395010358843
65.54464060049818
61.92611174955937
9.491052547702735
-90.03433423739853
69.59388209242701
14.23190364832117
108.23018363909569
21.813169853278794
127.6191123994181
-16.055353069177727
-46.273529945905494
-379.9537447730372
71.81116202302496
238.52338511589505
3.8622250952766444
-24.89267044681349
-5.44573477641552
90.52403788428774
-115.81099327966331
46.97659567799303
183.15897090654198
37.79413156706883
120.00995701866441
200.2690954574523
148.43870689739606
16.817421369875305
-5.234530059319525
-10.146971516566923
35.3284861019894
28.66244595003718
40.4757777353837
67.19880208870018
-67.06230120948135
43.20811625414447
48.964458877815105
11.084048761463642
-170.6398894492476
123.44829711253487
122.69052088013564
67.5376143666021
129.41665713926113
86.81057312603394
57.03329628975122
67.49536711323947
-33.68537501787068
-199.74838547126637
14.643385257967676
128.01819698998816
38.783790874588135
-252.73056619508043
174.01616897317126
-149.85728721700525
105.01364539812835
22.766861652495624
19.051073044419677
80.82012781430603
-248.5336018186308
33.69476117715039
83.56015111854992
31.647425821878187
-105.16389439050363
28.82091338157291
27.70455228738752
14.225297280428322
51.335353231332505
12.090824496098017
35.02862619129441
19.658464590667283
17.71182785883245
121.29619735314827
107.72806714477747
88.26758778418957
0.024501155790403573
-964.9479875819727
44.393057938931975
30.222922604536222
49.14710345838603
164.96006177731397
-141.1094618456932
61.9714593055608
-712.7184321746022
35.35027883165274
-101.2499453701239
94.47695684126347
-62.476262564524305
-82.58244232608286
58.04483385895128
122.77347024678602
-86.00484531636539
45.00586128437271
306.90695274288373
12.52722778994966
-8.84632765696216
-133.9934430896683
32.14091633607313
138.95048257065537
129.67059138246873
14.51121792430445
237.77465960577183
-10.629561931781609
46.15168897290882
92.05677897406292
157.19101824652307
114.7547677392331
-155.95152227129483
-2.451793718561674
23.638734493078918
63.255687940531516
-22.104845847191925
-92.60752388040282
22.128865864489853
22.1405810724652
36.67202863869083
-61.632100563507265
-169.97620558172366
130.0534097189784
13.738062828689307
80.31113644268305
101.97915673051102
39.23589843751279
17.912127692157583
-48.40890068876058
37.069964475386314
-2.78591714739909
61.999413864410144
80.0677329413054
4.53297734797641
93.37759841962134
103.0632934754617
0.6528952630119735
170.5006852037409
-92.88429332443775
-179.86035642935258
215.85226107941162
-127.73986967775681
-68.189151127689
1.4441499932379287
24.313352916089343
99.11974473484929
138.0510395406659
-5.705299885971783
-113.16871842537648
118.33315010816568
-176.65310419355956
-14.350733675148945
59.27532661718203
85.28484531875839
0.012339689213263227
-5.362940413196473
30.04916108362295
77.95535402212909
65.63460983592847
-22.544649187302966
-126.03174346959258
11.492480076538298
18.40276117506744
-15.545264665389322
-34.80605189115977
111.14126170646944
32.29688621877167
13.389519158364035
40.84797657338174
-1.7263474050427874
0.020986851749616606
26.00313661490914
98.36724526938679
38.48925821086389
43.92891162247071
26.00819181475373
21.495669902972324
18.833916643059638
21.294795778289878
47.710807464480126
112.39889513939215
136.0369749266706
33.71524952533446
31.446693597325396
86.49275920018476
3.489755206615898
41.808528151589144
-25.75774372880187
89.96878217105086
45.35210142753158
75.68667090084418
-394.88470171768125
103.38003768529848
70.93509119319106
151.60136363245965
52.46821281924076
10.170470155854412
43.25722217688599
6.523560893807371
29.61912266324731
46.54340627341418
85.95998183555281
22.069693922644543
33.49093600661217
-21.14259434728598
-39.205975025389115
81.99557517465928
-136.3186923520816
81.08564258579054
-27.55859156504721
23.256094302822955
-119.18826106987399
128.9768292450358
35.82465059133665
23.83002308052548
323.7197745719618
76.63428726827578
-31.452171386946247
88.31124512205895
-48.462171004755874
-118.21434916298313
-124.65357991393557
41.60533213633061
162.3822240121924
29.879933961823202
-6.493591564623566
88.89112116745082
165.42476093853338
-22.229741593070685
-6.588975670977334
57.19666750845249
111.65416174094207
53.473273175400706
60.109790947953925
80.95365370178763
62.863773014814115
107.54577396221771
64.776352395223
13.864449114751551
39.06005984398157
42.13293173484499
77.59404566266471
21.45828980819357
44.13564960156572
17.06784768237633
62.68926472781977
-67.34733906904512
20.303817303806802
32.45594816361188
18.45896454075798
-60.72562998011274
114.79204851460008
151.54826864191728
-5.952339308546925
99.09777898670416
7.682922320956209
24.363014030025262
68.14241544903525
3.002750196443956
103.88730770036
-1.6038743070280272
85.79956991774066
113.75917780993427
31.94155446385139
106.57578847848163
15.150627812257722
107.85009300079673
186.62468828300143
33.32367881836028
169.87149896248138
-108.13495219996139
24.904022046168834
138.2416522647635
-113.82347503538995
91.46341147138719
-1.7773822660079652
18.47569294171698
42.51037610347551
68.77419189260502
43.88894585348467
64.56901293355196
171.5394725350793
16.165287558873853
-63.62639220235951
22.9187557259376
64.27582900286541
-36.01913956631324
27.986412698379226
-469.51905858201644
52.366315793863436
15.021391159571067
14.147162515487853
13.905970415887282
61.68176426510959
83.51280925854553
19.31868480441767
-100.06484114154773
54.34790982759266
46.741160286227114
-89.11387457709588
-15.981158092407908
22.81807530835631
137.51424842579274
50.922295194645635
20.77631491388604
225.05769342735812
14.934719677986322
-19.443300713940747
35.80588120307765
19.268343927333422
-42.655016937916855
11.753519062112133
100.00228077830116
-92.07471329415
-170.57185535995404
19.892457339972125
-58.201713844622645
25.636519086832777
23.495566430523922
101.92051119600455
-5.30350315065098
9.696084233883195
186.64225453074164
56.904126557404965
-250.3590811202639
47.0750756963115
77.16947793337273
19.047721276283735
14.871255523359196
43.28577183550055
81.20482264703696
57.49585172778461
-46.99196343810282
49.5706802007397
-243.82040229153063
105.33529016876219
-3.2857734502420604
42.828136136157354
25.797539029231306
-137.44495471595928
47.537455673092836
2.2738295926853347
-22.798310055301044
36.79834638305099
28.956957076323228
13.010733727821368
-26.739729954079763
-24.10772689686928
-63.97769432296592
68.53051894899545
-58.836104609493304
117.72744031056936
3.386969332383617
3.2442117029108486
-112.12029196793719
63.63949790657517
120.31941768331217
45.165531191801826
2.004269433092341
11.918860774817404
-116.33196444892928
81.79638277026197
46.97951021148401
-42.16584775592719
100.50046955346522
-71.42772527592206
54.03040579026356
31.78847889619672
45.339562961310214
133.16593729610543
29.156431336750302
25.37317811989692
41.60092712937781
70.45039319011448
75.85062985456517
18.00460628123028
-93.82737888312522
29.597184202131846
121.15213195908223
176.8707227272107
41.533108916886974
34.20672772620167
12.335050373393187
88.35226751250502
21.246904669406423
-77.93470410026248
-15.087167906333434
22.211272592147075
44.21908400296752
-154.54081488733755
11.372651996108349
37.706497906898704
42.92881339039772
10.490661526197462
33.46348676093888
45.676634248607904
55.3343307699273
71.95473961562436
44.19210223184029
12.855733627360962
-67.61766688944135
1.7118821480053121
42.92216476617341
-23.25374820627835
170.92627447257746
57.7291929500946
81.54871694438998
-2.665615324175456
55.754661661013415
2.063260631216508
-39.56064753646615
121.27885904760228
111.05399503760918
55.04760711355135
69.93645953370134
72.3892994824941
-33.31303927456613
317.40783154313476
-44.18314469230655
108.517114496673
138.397725734269
87.73517604759718
-143.78149837797082
61.02063832735968
77.79631534950784
100.23011826418497
83.91790599849838
94.81825007936368
-474.0554699308737
23.747818543048854
34.713883167701674
13.926770113543022
100.94994099801198
17.76221485007319
36.85208993869492
95.80852312683714
-86.0904070769484
33.58536316802124
70.32553011194841
83.287739302266
3.244208470965077
131.54134656583392
111.7888107995418
1.3110781680223984
5.790009185741837
1.8104626649092845
180.60074286294912
29.06733104952348
65.79396052025527
-39.81504838955437
4.525752899632703
-138.52192591367202
-10.175418779765096
195.00596944112021
85.73971955440993
31.22522129971184
308.6952737893748
-19.832211231976466
16.45284445067456
13.09887565689052
25.51794636417577
48.4391394482804
104.35656714080324
112.96216446804272
50.05714861211226
7.387020316176353
47.00435992831149
79.13562571603023
48.59054052728379
-103.239268354047
62.012235901967415
14.967337707611023
11.493713955375275
56.96070488581188
-7.847497954138618
113.67248652653052
-5.9922942828993655
197.19580630181872
110.67711894844479
30.879810647623014
156.68932441992888
90.78536103974693
-28.623808085666244
-3.276706684652954
7.411778832700993
-28.779333993663386
60.59528508708485
29.58277712382366
71.6085560996512
74.68487144218375
24.1697652510162
141.49818934565633
84.39038420943189
3.979973256719859
142.498340221769
132.90915030010729
55.781815358252175
53.51295415048209
-119.90655271599098
-123.4248670101415
-273.7488920372216
22.795757365944176
-60.19766420290489
27.23147937350859
28.31760900377776
54.249668302351324
-306.6097393783062
110.98687978155522
65.74321646274052
-33.19416293925471
34.85613797406543
263.97646111800987
102.3274886453296
56.54671228594457
20.079925036137276
75.30222662760696
88.57532786255751
136.61188923798068
201.21454060304995
31.811810895394583
48.6945926925755
12.214736991997082
37.04924366710595
-17.828866809070405
57.209556412666416
72.0155006586545
4.3166899006213715
23.794887952103323
42.61287703778771
186.896691631247
-6.589407517118435
27.94102907717115
-0.3729300052573308
-9.603245442473053
76.61513638765064
114.94207666182865
13.509216410898684
-21.048657479036887
64.06876036339095
51.473435126515625
72.44627814690762
96.85199204585774
93.24282132564667
83.02715683878887
394.26852915949894
89.406340821085
161.106345632807
230.57856673758715
-4.285617662360658
-8.053150653700868
50.135662998712405
23.668977119019395
33.5711867278636
56.75023868473954
53.13123407963454
47.37350808212523
6.892660433592027
80.55052473854494
-5.947869245218499
103.4107564846056
-113.44411283164754
96.29880126262833
-27.50537856410376
-519.2972309735433
60.39050243930569
-128.47769344501376
-27.93657713389439
98.15926997166184
5.316304279303086
1.7045909105240566
33.31130645760117
69.30250315403566
-7.760355922458512
77.58884781906886
14.01533929125747
10.480121410693204
115.26490505767879
187.55739369203275
117.75698859270778
39.93054183157909
12.36048682625568
45.4232224228077
80.10450472657408
67.26988522574567
-40.543094640525396
105.0624955831272
-836.0937907155394
-339.27564530313157
70.35126107613769
96.21176038852445
216.91772091952953
26.020811245912228
-53.91306612888093
73.39466641276559
-2.1129250003459674
69.37033297908442
96.75104700694828
115.55995723214619
89.3143651604405
18.715311239232506
79.54674146933075
59.56840026338097
0.9107195377710013
8.064949460196658
24.087057328257742
38.71239872927447
41.07289139932385
48.00921165748191
9.184527619623818
25.17204195563113
-55.90913371511533
30.42797826412282
70.3345734113878
-3.968682146095034
-575.6635846250289
95.35024000009855
-73.51254886720619
5.627098162209525
52.51582847815946
52.8491848099826
30.784085782114644
114.53281894683437
2.135577432859522
32.85960550391535
211.72287727241837
101.80984291995753
95.19846093268279
72.01233544647448
-80.46676397941792
32.915418718930354
75.5968003426213
31.011488740314086
14.513425035403202
62.32390442623536
25.09997052278686
-29.697788470458946
55.46503647883759
58.52807535443995
23.46253551066748
27.241233079893163
35.09023940616498
157.59569643985878
52.537756227681655
51.418452558731374
3.2741905866106897
66.77214241428601
117.42822948750518
-1.4832303767849968
-46.63940875278513
12.727475108620183
157.83465722850315
10.062441587627585
76.75182488182918
58.385412764759806
41.10784250733424
88.03092735758037
55.71057566599757
-243.45336024036624
54.296171227409786
17.036235688738543
54.45839847258662
81.89260811569511
29.62959536943792
68.89894798952946
-83.71498454327366
-222.13846963282867
74.5851249253468
157.01879520805073
36.33409716378033
14.315262477152233
81.71930786113825
34.60834581103501
46.33877182097177
121.479819407989
37.34695122705216
20.69061399687407
37.60141382538058
12.678977667861766
80.74744265108814
173.3370364448724
69.48190825649316
101.29274443889653
48.10055641808981
64.88113452841316
78.47885346475255
31.128310867679374
-36.016256037329185
136.3778597495484
-674.6751313375989
-77.25176449762512
147.22678379599074
162.4093398549121
69.17153026241749
-17.327830247018483
45.96379908361757
81.03864629989744
27.616322811782084
93.79181855327431
105.13053790325375
-38.53831992756982
66.4398149900711
98.2524921023496
-224.74547149898996
14.724553870299928
135.05727404640947
200.85177488305226
3.629234989994117
-318.9669777756558
44.22796500596347
-287.9665494620547
-33.77407980785392
-56.17776034006238
51.714733383445015
31.008198087132513
93.02984324841191
22.923542471299925
6.178632450096217
45.23729383120644
110.66310239855102
-55.90009399876726
-626.9699266967955
24.993069248961547
32.79090383940973
61.06278761144995
-14.780564342881462
164.03949862614036
86.35360922345808
-112.04778586881275
-108.13395915155161
-5.219087576122699
-10.458350452182913
-154.27536775037606
120.74167543000476
-542.0925457274295
58.206948328107046
47.99076072838329
12.98552830670451
11.48473889702276
11.711726707015089
6.775213644153627
-239.43849182161102
-68.84476526858744
108.30606226003601
-92.17773432619333
437.4684235491454
-52.0298114149125
49.224757651710604
166.1290156983291
56.60568972186388
37.137668104813976
73.92580598700611
54.88784541234154
9.922959567226714
-158.80367513901365
91.24026773709875
-10.490707756350039
35.51068895073354
31.28364724717428
17.850801101538988
-6.376358437333238
-123.01310855154225
172.65557096766088
42.64568606498025
59.66654609421383
134.2053885704736
-1.4520826144679404
99.64646193106682
55.20976489222245
-109.63374053643565
35.71250812661978
49.682420005399266
0.3259529941852044
1.630128422816881
172.2088787270768
26.292004795191495
44.18614489044458
51.437284849551325
127.88074862708254
100.79889820225253
34.866614577979355
28.2875749579855
2.7247123993478772
4.892673587232601
82.16534181674439
82.8185022061416
142.23926803352015
85.25297723408863
122.24589638150769
29.587540194890718
76.83005653469736
-9.692205994712857
-333.4755405924352
100.94816409536543
46.48247860559047
70.53536839578115
-2.179335192135743
90.18946925743671
97.08511641795735
-66.05937253121158
30.206236755985895
1.1124920041137845
-17.063234021897188
34.19119511263102
-24.351399486984445
141.72206836554597
20.525351554947065
-17.766419670166503
37.5026095568239
-5.392331251196818
6.3669158180147996
155.17841966526203
250.56813281800805
-1.5699721053277287
96.71803915107648
-86.45123355338455
150.30909848731426
89.11486434801475
82.31802867655529
31.74934692988692
-35.76367220987753
65.33266790663657
12.894664433790012
-75.4562868461644
15.020689862195923
21.150972247052902
81.6764234266816
125.67316495952946
1.5267529857169393
56.818229008845066
181.1495438638508
-135.20144835454767
4.796760119871578
-182.77070110344357
-4.180393931692301
-5.690597606219898
194.68364453314416
-144.87296914805984
228.75426673933248
46.20791432797873
110.1987927555083
38.42231401075878
5.476679022599141
-52.42178662252604
-18.256424349335248
-150.41155441289084
59.80534309494419
-27.6993151507142
67.79895242960225
61.97489598029415
26.773721779681303
-31.902797401053267
72.35671067540034
82.356026109102
51.82597485340125
287.65765694016545
92.69968735273414
65.26093880891015
18.277479582323533
46.42129944395726
90.34989996065895
137.8743004593225
-58.47740801391774
-136.84365074891002
-15.59862463332507
-78.71876323133756
204.13058830537784
101.75732988529717
96.47739571181
-77.14417676905941
7.383014186932542
27.45505897373984
117.47505028703836
82.07495128492343
56.719091418955585
-3.1469477118425857
-66.67797953393347
139.55840301946273
-41.67972937933314
7.48614204046655
-55.946755062145144
47.99140530625294
175.110742515752
-15.717273137699067
-6.392910739716767
75.6450016945937
-15.577203898188145
117.14043764855205
36.47994461042845
86.08651515489714
82.833277376458
11.743373867871469
52.589347655311485
10.50876244405444
25.237407656874
-36.61197455337333
-124.29739613161746
70.19897833757972
59.11362651346053
25.5459194485083
39.888263390244795
-18.807203000286098
52.81677893770302
67.9191857028195
133.8564513993383
15.406150946521356
-77.8679485269613
69.7768252252431
68.50230008798357
-1.976862837466797
-18.05244840222209
66.82747474500134
33.28105795887154
5.895370511240884
111.56400077005173
79.44942909088223
55.863244401475214
6.055936455894143
65.21862648054558
18.021764158918813
72.61918784671208
-15.047020567150051
43.9965421341567
9.682651010189602
-16.31825596307499
29.583304492828006
24.507454106835624
30.986539806239307
-10.687268587261315
42.74292820495407
113.43375445809806
-1.189481719975447
-38.0004465193275
-4.530233701000114
63.632145726415274
1.2576667491716
82.46871003970003
31.80888170186213
43.46607226135151
0.15061411977429895
-96.3217777666705
227.98416216814985
-22.83550149055509
-79.04836125450947
-56.4424494746162
116.32555155771888
-14.868671860996216
-63.97319896714089
128.8314394269587
-116.96756559108326
-8.140043274626631
-7.9079337578273226
40.21061014730293
31.65224160274738
22.00285719780277
4.2852088404775435
-6.362084301513396
25.34805321834963
-19.64203619159502
8.359029626541554
5.244055477916692
66.91056666774875
50.9403032224967
-195.18986585511084
18.86138714584554
108.18657023264086
-24.783275882040016
33.31042194077327
70.72759191348291
-111.50637066716081
-54.181977209119495
40.715095297631564
165.48034323415868
88.91848476593293
-55.76231273312578
26.048042487980553
-3.5820843307986223
90.58395948132909
11.05100206350653
137.30231555671435
5.001010089964304
-10.834441026538116
52.508145609264346
-42.377391064729636
29.161211107666304
80.88559473288524
152.68491718498217
-58.39431175202207
-100.52175968656229
28.10935323168854
-101.86932115885793
98.41903351547944
16.795285976102495
155.79551147781922
-156.75549336013228
42.26147769375649
105.88547320354655
71.38341151166878
-104.77600874019981
38.83263783657185
13.837773595749175
5.62201457241963
-25.835945045225802
41.41601064295173
34.10087708264328
-6.585507319068256
77.48282366863396
70.53556412219768
185.96936679853616
-916.0790603356792
121.5809697135578
60.146152552012154
13.181693148902955
-206.77580535496327
170.38428707816365
93.57185827302442
55.50033279005237
68.47376563954322
79.10124503553789
45.433150865923494
-216.93106060406262
-9.518686773063521
-139.37607613010368
51.623278811881846
20.667468114964322
-143.34090892032236
54.9705667867247
85.60067910093221
12.602457096320204
28.453310473726233
-164.5890230514737
69.73765477385405
-28.83693682104062
-25.256559422364795
-20.944009767588796
25.16752605386762
43.438039203105845
35.34773047659695
64.83166033591897
-2.969635473217308
-22.482608075315245
50.74499292404652
115.52439944332991
67.37970984453978
19.9820495014133
97.60917176622547
76.55323494628814
83.91313810135534
-126.81835446183868
34.36345905323026
21.311279412610613
-91.25151977279393
65.50732105278303
-44.746235394017425
-705.3875619266703
67.57990962265336
43.633678445139914
-89.22325006042365
60.71825721912228
149.11221145731724
63.054446815174735
0.8234309064946927
53.086654881974496
-150.619557422865
87.30575726173856
-57.201902150402475
67.56319022889619
-47.49945344809248
-71.14297164901821
21.233008853525853
76.76018276610444
160.48674751112912
136.65516278646692
116.68735636171778
1.6951946445682182
69.29753996618547
175.87779754015355
-337.16807131660914
-39.89284584700454
10.259965389376902
-6.59890293076685
52.02583262432165
44.960305926287575
191.73422182210197
43.85397383823082
72.96117418348751
36.40590225850292
125.26632801054348
29.500694349579508
15.39816394853071
186.65275812139316
55.38760193023768
90.1027542532147
72.68361882206813
76.38363151322665
11.646237232800248
219.5054494742335
68.34696254274715
-30.525808149226712
53.0817811213629
84.08869093552039
63.68234895750763
34.319341456262194
163.287272324274
-14.034358750103365
75.92511806825883
130.14352513301083
169.06091857864658
2.7820327631196875
19.595852236368888
71.92095904848432
23.763880832682844
147.65907717924074
31.878533206571802
60.841654803391066
22.710083129905343
-60.56208612357477
38.52606620031054
-20.12210789520468
10.687741671055933
59.51689201578208
20.323601803197157
-2.092210442563214
-27.274110630976793
187.097717623486
5.252687615345618
71.27084002217953
78.68697166542358
-18.1349905558086
-4.481422660772296
20.706688339884785
68.38376598140246
-60.37103421685242
38.355238089179124
63.27086370259303
105.81637300660873
27.17129549712172
48.69191622343726
34.12675303266275
138.93653758410255
51.29676878152259
1.0056128304040612
64.08311077282471
22.53005797822516
68.12748943153528
-57.1360658483311
-34.68762246721417
-49.914184005390325
37.41681273702646
79.46095523450799
53.08643072655741
54.86033540039534
78.56923939382636
66.13445330727973
148.01350394601832
115.56871802240858
238.9455278892833
80.36115920024758
89.28754112434888
44.49198125768174
-44.798262730963415
63.06059431741801
51.522685726209716
-732.3096099134688
-6.842521785701225
52.5615180916933
21.789868283301303
30.113227232857326
15.817795963027972
85.15797341019027
114.77367855143348
-25.309567772651462
-92.32904268762104
2.775667800609622
-60.134711853522276
-62.80909484419817
-31.543125927057982
106.26333131690296
109.70271736127779
129.13815587657973
45.716660722860155
118.78863833717355
155.21882120786358
129.79244321606336
43.62241324615525
28.954121736690734
115.88672999343476
130.48498593519616
-65.54473614457507
46.30434788222586
112.14320998415496
36.14992274270699
58.35014691434026
23.193751919457466
-22.9090338689316
69.29754428299661
-0.08013780953524474
26.55995388174665
178.91323744268266
67.54140767563922
16.00753149134289
-241.39605442486527
-220.83929415988322
-443.3739057968223
-3.3906728724480586
40.429770383625055
34.57664577176233
18.959730264970432
38.61706011002228
65.25084870842247
24.97451890857519
5.090336819822959
67.15871526220141
21.112191583575253
76.71790406719424
-72.69578576449521
36.04101318976551
-31.209987540684683
7.334445575455675
24.01452927099126
51.07739736998792
37.62252759660886
18.902801984530925
-8.066223730613283
-0.09571450184753261
42.30608471069697
30.291091951430776
121.44332239846244
-19.025762688104805
38.25538225079706
-103.09809937439104
19.935500484152126
17.877223950021808
-69.68601117565444
-1.4403809359399316
-0.674194279150809
50.53470432458789
-69.35480057930248
33.8831976504393
-66.0842709159142
38.45838942570552
-64.97345007795866
114.08926263438639
-127.90373459571765
180.54790081536862
72.42920207878467
-80.5012875241805
-105.6227489687144
1.7743095926106243
-206.16609594576494
55.05154809701827
-61.016215005131016
68.52520629834771
72.29100362485315
30.954802760288857
-16.054321266734753
28.44936454880275
218.91587516819345
65.67453762344576
-1.892421597862695
55.00065965756474
-48.763978486025735
149.63852284319137
44.34772206357926
125.04850970323014
58.25397549827858
-319.0380341831251
49.67399104141917
-373.990818621839
-24.933090650474618
36.05031358596595
-129.02496090475051
89.1460150412504
-26.751595769238065
152.51073970507014
110.99804647840915
63.94095841733349
-101.1894100123759
59.02609423835232
17.005166314920416
40.1186712177996
61.40316034135594
94.65809624127473
113.39482381437097
6.549979280949174
98.2804855354866
-170.93920645828484
25.837634752221568
58.93205821935281
44.45178831323756
29.925094586896947
-123.3026865328311
-29.198720288580155
-17.140724009011137
69.18735142468358
45.00606063859034
79.60605120993387
-124.1784359782132
41.544089397576045
7.617014787558068
47.99653529157097
24.594701982260176
12.388558771992855
90.26123922845409
-54.60538303653084
-14.586370561950957
24.822114860822637
-13.512194291399965
69.38115934395174
-19.637672177755423
-94.86067487606942
100.67938614051627
29.85289299762617
47.0483511696375
-21.871073322376446
-97.89742762668993
121.96477130047697
8.341628085830962
-4.587807306056594
-14.126444466156414
42.90974787449386
34.455026698340134
138.1558737922992
124.50542338541845
27.49477675161073
105.89828014690329
2.668189162426529
31.34464067272524
-16.414762790459307
-12.74077533765859
47.26943367448829
113.96712667308907
174.9408178539286
121.33471717588918
155.24809793480608
18.868739485061724
-4.099548883810059
67.89153364808408
-0.1860044278184887
-14.867957585964698
-34.643529977624894
45.26291400753158
63.3357093533659
67.88669419248936
-66.2139061282628
44.05300446279839
-217.36920972136704
-8.717301750578486
11.742555978296423
26.371218610205688
39.02944256789703
115.3163671054026
-6.643382718309562
72.63242693003804
-137.92552954628536
64.9764898379234
29.997313724772322
104.80413841406858
1.475638443141861
68.55874108493566
66.40301260415231
38.05992967546854
43.17846136660228
80.34249460341346
-53.450595469988
-31.357866927924643
83.11103701028557
-33.57898955740802
-577.1925852567229
230.81361758251387
-117.25442818300417
31.573763529244516
-96.90521594930169
-35.86340709673618
87.1846816409086
-34.95653363872523
170.24334356575037
67.58752421215581
11.860898081927898
151.20089887331778
76.84447229747263
21.480959028822326
14.260571712600726
141.5538743529837
72.21762392665505
55.565435101426374
12.499261009175825
195.48885817283872
22.55562297395111
-58.99200956407594
-101.63313970337549
12.166213628227183
61.505748119706816
46.02256936543279
-84.78115163304847
37.86769441074205
27.34862804254948
-33.050662138898254
66.58827755809864
47.4268700533079
10.014014938917654
-64.36670701287358
96.33867234452276
50.83894652453236
104.3690448050171
66.85513704569931
-127.45431973733139
-26.8589515173674
64.40711921107132
-58.259569641324525
58.140670053183385
55.12396058469676
65.44720404904865
86.27796119259705
74.78876280617959
-15.482387375673262
16.409623699572524
-127.20144915255332
92.80740178847327
-258.3842142620142
46.23452157918845
14.094668957746308
89.80030876939884
69.17074236286271
-37.38708959930327
2.956513102250483
63.391225015975124
-55.93224820534306
58.60635087357923
50.893262214127844
67.11903412574247
-35.00014296715608
34.93383795370245
-62.31240913145376
20.4948689593978
119.63409892555137
115.97278926376282
-17.824903913745857
92.75007000895812
46.67783319652813
157.0188284880926
128.61216791070956
-5.90358075524216
-17.429765506464264
20.17311219249541
213.477276011296
46.00465920821275
8.004584530952153
135.41316200198526
-0.4242383586645315
30.011261264356108
78.69387719497877
-9.30302931254956
35.01748262152082
76.98286288732379
17.02467281036496
55.06367412417902
119.49738201520131
13.998669520969283
-224.29907343666946
-33.39373911549637
79.78664138058025
116.08880493024935
54.76325196943117
-962.9635200265591
15.227539520078153
16.006827515473105
65.797644453266
-0.73245370148652
17.679218576639023
31.11984336809303
92.36698425670022
10.403492148922275
-20.297877221123503
136.45904706918714
57.19160048267645
30.163798666235664
27.919053568570234
-4.1325801948222285
-15.267017428141116
-123.22093068512913
0.5793535073321426
-1.7565352058322787
-37.466992735012354
87.35890462239558
-27.800215341514214
54.74950852056054
60.82592194099948
99.32872319322541
120.0508552891315
206.97186529464034
40.848110400311725
100.9810436515047
107.75312976177315
22.764623541152787
74.98909680949365
63.72479344803014
16.022481940700246
-23.739179696290194
44.78437985779763
22.062313671263325
-39.19795311282178
118.37330926611457
-55.51701734568087
61.83077911327294
-297.6425204436749
-70.8824386911665
19.300718290457485
51.61118784980363
26.183623158802234
4.209079990233249
31.407107410415147
1.6671095349792553
19.94656865656847
-18.325045253493265
21.99215943444269
116.9929138089824
16.9029181676604
41.05947317223945
187.9691987598335
35.45500104639752
96.73040507621312
-852.5241356325168
3.5390438051770015
27.32732473935881
152.3971619158492
-326.65496867054935
48.52879319499789
105.62434383680466
-256.6443228128273
58.9013991582525
49.880622828234166
48.32251232264114
12.878464079667353
15.348367639344072
40.62829840185071
-3.9634456709500228
79.74301998506019
60.048187690272016
18.618286567209744
61.89815461774606
40.79929592729786
-2.5980617184488968
38.15847186740211
-94.88923812441226
71.90589003766809
20.030080621250818
174.5524883230064
-111.72214334963974
42.332774705571325
243.9348868847601
90.31278160152715
12.381950485790757
-41.23893114730481
62.282126343638566
33.48806183282694
61.1437342593243
-47.25822158497385
216.26059015150668
60.19640936786618
143.55758526370573
112.42449662992135
25.73000009678014
56.27386727236413
-99.97958011201263
22.892284538068452
-185.08554945727337
-9.385398965301388
-7.801012819374814
62.86929494126309
-23.787914601617103
116.32343566005102
98.02658179217997
25.233025674797485
8.98114606260068
28.093631102944983
-26.6623552393321
28.759417814717125
213.44935032007834
61.863062159126
138.11984003687212
-132.1927820050637
56.78969945849349
-2.079680658011227
187.72864227789455
-8.459912971609185
76.66865103292002
-65.11943977609599
17.866012053069365
82.20947817756337
19.39579397269926
-131.9539351675312
49.59684870233514
-19.89037558398968
-189.09264061421163
89.35906546515153
104.38075637516249
-1.2004651540325995
-19.0045355376503
4.994733765359644
20.978442720639578
-170.2943814045766
40.81697106892892
-92.07994097893196
5.45462571130556
64.00694017202431
7.894534257620606
-4.572489291538995
52.92711337585615
-3.666726588764903
23.706007738907374
162.86494886996388
133.61055947886234
-579.8512914225603
59.93414840659034
-33.23020258158704
-24.683049509016463
-60.87040058282082
-7.223306233889616
109.97492020351729
-44.71148314804577
-194.1897825658998
-134.6747306689167
-182.424352123659
83.01439020702583
-112.4766285457963
87.19367965353388
62.82576226150094
46.68827443405421
7.143402421292194
5.084203565730604
31.096650550816378
154.23409004817086
56.884006192766364
263.5570371184531
15.32855984940049
164.63220032322488
-4.476090025521444
43.11702257502223
29.28285639213862
39.53005936123724
-5.97403742692504
-87.06139513394191
-868.69852186772
107.94296168087976
-39.16799794144975
127.04330691985251
193.56363325838674
86.6130995209503
99.51235169723486
29.11021903815088
105.42446363663112
-165.65509094597655
-63.37848325896857
6.924342852343216
19.574453419374798
-75.98462243750156
7.630182577068502
81.52116097537828
-5.001027857247638
73.16439256446301
33.57309521049997
-4.2213657706888625
73.57748158156764
37.280980220918536
227.39251305071866
62.29932346287052
60.26329498314112
-96.1221743181568
101.89469398031815
-10.683831410179437
14.182966819298032
47.35696038741312
-1.6080519511446723
-23.108185057767926
43.733759124906555
76.24304977114298
-42.64439898137698
36.39259154367872
57.52130362873237
37.17968161767567
145.231359694023
-108.39480587252729
99.37398986423568
64.12286420916666
76.14282820496612
31.379083919169627
109.7229754020857
24.717278913163703
-86.90984354970715
134.35422321837905
106.0911510833796
47.86773620421408
-25.386493181439302
183.38952311937396
-33.87538159084215
-100.974229162739
104.63184351152427
169.59850338763317
100.87987984062602
41.39232520839599
37.50024043863198
-14.496908668754514
151.00276012229006
-127.92553631596274
-25.502509764934985
65.58836406965065
7.0336301245979485
-6.9227565151491035
-298.70979727376067
46.275382847567414
13.754310358321618
-20.564772532933603
129.50771302294106
42.657121283745255
53.80093486919401
140.86731418186378
115.32987659923174
169.59692312611514
138.89910799665927
65.06151496912076
66.97059176916173
122.16778500735063
137.08053346961697
-53.89941272254464
26.65366693332019
149.79626410437686
18.473291242022402
-64.30695238847875
95.41880112702324
8.456019929683013
56.80928774282859
11.083855539357954
34.043492168316824
161.66515152722286
-7.262646150368596
-205.815759278531
-2.9196259484280063
37.98026272086818
115.32984931553472
74.95094646568049
-9.838175781448188
-10.149481850385945
23.141408138447332
-113.19943619654669
118.9382913795971
38.27686099783483
39.285347816179
66.91986337584532
86.46819370184994
81.37898993539966
55.80174404653958
68.6452559545454
63.61041059355534
37.853724723579035
39.298097455597784
21.03949827128702
42.653348700440056
67.14035878127217
4.373105538691448
47.16722975940466
7.574666845754564
124.74820647086653
-105.94385656187842
88.14341735550352
24.609096708286042
22.43423910632596
-55.256330707708
4.216394557886731
5.965123683173353
74.61195329288057
-15.736687325963885
-11.264383503981435
-31.377258083255754
69.2005479469961
-90.2578265686243
48.41625288821706
59.77165496441443
148.94882052862476
44.459487794650386
103.28603995107301
24.76594131461456
12.359294720933473
24.703960646858683
-164.31285244707033
-73.489185594638
145.83320390315203
-9.874626587808098
32.84520960237276
-60.245767136949326
324.62530375555434
15.842382209119691
135.1526046504282
9.10266821718739
-20.286394490321484
-466.7335627319262
-80.65972344008333
63.13424705838315
47.210670638296335
-865.277936255939
116.2871277997018
44.05229745320591
60.05347815276487
-289.87353567774335
-149.62548015091988
55.44920120642695
52.82313421257831
112.17632616135029
38.007519384108846
28.850056723249963
-11.47392869391059
5.760506926736397
-132.28337070855014
-56.21271149004315
-165.33347006171016
24.07825091575224
13.47702490984102
-76.20143573511632
65.50333981106067
33.60195791443424
17.715458915805524
-105.35862346761132
165.20763153543658
53.9081360156592
-69.82648457449264
14.350979054485284
181.62540754860765
-16.300114607249725
-98.93043353683788
26.361289323150324
-30.1643346879805
-17.24668163011438
-9.295036459616387
-208.17198310728054
-68.21523568038492
63.855865892181555
124.65292107385176
212.3340634573151
55.99896140657415
57.32516199337033
-2.18258813121957
39.000415942048676
190.7820439349698
-38.976861690667064
-220.70322405112802
32.96417146455675
-10.498191862147905
-96.03877775863657
29.026445358740922
171.23997574414443
-53.49268261968703
-47.94023192101213
131.52577751535546
113.72826804925205
112.05166573725501
10.92676114138726
117.2768318491444
19.358222059866417
95.64436077928985
24.544658517017695
109.20281857156533
84.98616854314923
17.01459571048235
20.082163565157575
167.19600861504023
13.487718559251068
-94.31527393395208
41.347227796072985
-11.301142549917016
22.62935413555423
121.34866317457795
-235.9876066013303
23.90658995107617
-149.16377407021173
53.87378171616814
6.731429757586739
-145.0186743146778
-50.66014434823808
95.07153418024632
125.67767722115468
36.07555749997286
119.69108237320393
-79.21891664338
69.44076898200888
10.394537024949186
83.07215198119547
-82.12806556404848
-1.7474853950911893
21.593246721918025
49.44284736014595
137.19457907657852
-216.35823758425795
93.43353023962754
49.30653202890994
165.73282709599425
36.02402863300449
66.95991180522947
320.80347528762013
-30.283329769426373
5.583127356091035
-6.8027742911161715
-25.635343927069755
89.24458184126468
33.082506191339235
69.47579293855779
18.73342460632648
81.23702101910521
213.98002151865148
-304.53687588325283
-51.23727423721266
136.18989815124587
52.834210008508535
21.852408661311216
14.910387536805466
8.004651271144663
1.9108642376608458
53.63948172019997
-17.05206901360316
-4.056226171010041
68.94677518314367
48.601941270855036
-90.95406898225337
-56.13602506820939
45.95176028565521
143.33971372939232
107.6888714328611
1.7057111936282967
-202.82375033348308
49.70409272505708
26.702325022001787
109.38601339259947
68.52463991744115
23.67518855739081
74.58662599342972
107.044726293812
26.441169838688438
72.05122691825073
95.32341305769239
-48.78267951876296
2.675647433688983
8.315719024425443
24.941715896016376
-32.43597337385381
18.1483347686928
81.19016806671152
36.5313553293181
15.581927341414655
32.5466802777501
108.62785659032306
88.67185255261035
-131.09492762972877
-7.320197824588856
-180.88630092443782
-13.59794944965888
172.1231235755372
48.92511384292294
-285.2053417802681
73.01571191453013
124.06017303841463
30.954919628714272
147.96834825927453
79.03472532375736
23.797974533405522
6.876722554465232
183.5528252141653
35.00082444040794
33.24030600596598
101.98602499559775
18.13756710926981
112.4940160651363
76.37246365777628
-90.82915531789604
29.552334018057106
25.221433546883418
17.867957020655638
87.26547983296382
35.50527314562997
127.03398450996906
95.09896538224689
66.17284439537852
30.867964179832768
76.14625984010209
-39.08495651088814
-10.527084415299214
-29.863369432768877
-162.4098553157678
-9.685912729478787
59.415040193629125
60.35549539551232
-64.93395527803338
25.183013336383283
132.25623670962477
3.492028379496337
185.1569559458244
-16.29264709302834
24.150872508049105
117.45435106186937
160.82001582329758
25.069580145861405
31.03916581807937
50.02465461300562
63.205216766631
176.77411167689934
59.20368613314325
69.34116051581177
106.00525708227269
86.14069361155316
69.00588447492646
0.953966386711727
188.79058220814477
21.627651297488754
-115.81058981561455
23.597313905342716
53.79659041990453
132.73372998840728
169.68493346252762
-50.546344906089445
82.88985691501512
31.907863482532022
135.40379652128286
18.13281607374627
-18.506669372531857
-67.33137201766067
-18.259366979409005
94.42136460854863
49.973592919385794
8.474472882706284
56.087404595280304
13.915403273477217
114.0257473175484
58.65125667495828
10.038544730329079
155.76260669221983
15.334989711263006
19.467068782898878
-182.51879471243183
115.63294533994122
-38.79766220194142
-4.374484714846084
3.6043947475487172
-219.6960811208446
102.02184491212256
9.09123815339388
85.8415689742842
98.74638231403355
32.90148433605394
178.7587054941555
92.7659141194199
30.762199437551
56.916915957880974
-24.15342180009953
38.77414396882668
71.93412916928236
25.69661471865445
78.03719710594987
24.35669306166072
35.28767958798426
113.56678511962309
68.7909576702557
-23.086291359729785
134.40800527969986
66.89043786132243
-25.87799838311115
2.673648929955789
151.0906912361338
-76.56960443549178
9.54948294334281
-438.4309148934635
8.3998446604312
119.72065442941812
150.45879790029312
-108.9849711094912
71.82475770986366
30.25257351014334
126.54975033049323
21.801135699338317
-18.29016887223283
70.03907133847497
-0.9722441156063155
67.83035612364438
22.91941557321752
119.64848820824113
-138.65291762056495
72.14847334334718
44.51350514501678
43.40551406131834
-140.37224878120355
-4.267527341279987
39.849651741941585
3.3116044390312567
106.05918341920506
-21.015828711205597
8.32482899241645
55.430443579467564
174.20324638121247
91.2855197067206
58.892598379098196
-11.534662897444782
21.524179966113707
42.95027290263624
70.88579689685741
38.515012754737214
47.847755009728644
26.00104868181056
-109.5617979595936
-89.0246253991354
116.3487653735433
-116.34838401701882
-50.059119159474314
-75.05237028252986
119.18688397524875
-43.480257923673435
80.98384536888065
100.3817442477141
345.52192251954284
38.563583508785996
179.9127500072898
9.951943392629751
-14.429239581334969
-93.11847294695781
-12.614505563251727
84.91449068185625
-433.86435947979334
39.865298232406275
-8.49538570336387
23.093763879790004
-95.08832587512188
6.653532446644559
80.48039266730098
-37.97594884718637
208.44752246697135
81.52064138869537
27.264690406420414
32.29220874039288
63.03496232621376
-9.600914242332792
107.18451329825302
89.08417482174673
64.48689196589521
-119.71095488523315
42.990717339781895
-16.338173175456177
85.70116080896878
89.24139258462174
95.32789519583594
-154.64439154447973
65.04307236740948
143.07855325170658
33.533326561033505
-26.205551356798743
84.366694324165
48.121814962185
30.604234741114993
90.87746386685168
71.79728796888935
-61.23484467409844
-67.49682571836183
112.87818332888861
-73.36766356919429
106.66773809885444
0.2557450381646049
-13.828908547234295
62.877870868771936
61.16701190709047
30.85064927021189
2.8386764915580898
86.48541793341474
41.19588383008994
12.281182873675537
21.61462671108984
20.76791732996103
-55.3100376688767
81.53943298065354
21.811066077149587
74.28448470534113
211.5762082129704
-221.56383286592518
5.877699532915358
28.503598851466148
34.343509943685326
114.86993121908063
58.65391860582622
56.72936778216024
43.41343173433024
14.332637666645102
15.673520485101799
3.085741638872605
89.90298335120042
-95.45228617395878
-1.650334350435619
26.562902469874953
93.61386528023286
7.437311158468219
86.64545125227505
9.44393951256643
109.93696699728389
-9.133470339319336
12.93301011651397
17.4416969318517
159.62421554853017
-8.349085947519143
37.35431334140932
41.99535042524474
33.83527274589528
95.50377688729122
16.551447366950416
-110.85875071241298
69.9839123851782
75.4410684006616
-27.430950269187633
81.93476623092096
-135.35539998214153
-22.0490945515603
-15.340507119009203
70.06328493222372
98.32236903982209
169.64650747072483
145.41623775691778
87.03995192284992
91.87039051291731
145.65714844285185
139.9056751899716
-62.10894738326442
80.84530592468946
-173.49658784267638
162.91381446350783
76.82256804876806
-161.9185994318304
30.180176726332206
30.739553953359973
155.9624490037022
23.069952687023722
69.3604669791182
-21.311118234095375
18.95420401113031
124.00495272673015
-125.49834027013776
-12.34046171200498
-39.27419147799492
107.46350396718827
-40.50637684646699
82.15392501182953
84.77379902872235
20.731749972710077
111.42368440314146
3.7049335483662693
-55.77307649961904
239.65163980289844
4.407479999000279
45.58970511602092
133.55920634535505
25.00706974459399
-145.03777439977458
46.44194653930839
-63.651908358573564
146.2563945230322
-902.847025491717
116.72658835416132
72.81887280471767
138.53703202498036
10.819846639904455
109.02234755469954
68.80899993037781
-298.340141716817
32.52736066618627
18.451969619699867
29.005269971783648
82.7266217175603
67.75492618079079
12.51893358249481
48.479328151587424
-102.0447173234088
55.23341389776841
1.6180447711227863
49.62777433103105
-14.404566456639259
16.891360828949743
-25.445541969237592
139.51803011611582
33.573056207776425
47.83168805121261
86.97533191662518
2.4789473589500184
50.86503181210489
-13.61120249319978
22.873250302010188
-31.83555793926306
21.60882660314983
23.441099769833617
-152.5581436217799
11.317898925205204
20.35406539513399
107.09917847143333
49.539084540905606
18.121441212521447
-18.542759106597373
-12.446684311968685
39.38991135133162
72.59023986732035
75.42357523447959
80.77835053220596
104.41728955557346
11.083773436844659
101.37429219406545
107.7876887316404
124.53324976522572
10.174652843276874
46.16222288126522
41.34857263270139
68.6570106520303
-57.361723828973936
-106.82665376058185
-122.33881375033707
25.38491513262909
56.39867762203312
66.7376608554373
36.82996562226913
96.65848741112563
23.188043107717483
17.12958609980765
16.820385423150938
33.58346550074293
76.49201575420634
-5.743441103036275
78.54564654569322
-122.02521333817549
53.20218387107883
72.01419418037244
-13.363191820528755
-2.446895265435387
90.20791068930521
73.73266653139149
-169.7047348008391
-50.38188416184266
-11.163127189558736
32.537125568592785
43.60603998302539
170.1364886357528
0.43986261096277357
55.14750856409
42.261453385147774
106.49431818160974
-22.886693818954882
46.8998660729758
112.8254619689651
102.96838850458198
36.158363810267076
92.28421815458898
13.225967501496871
24.699421770951762
231.1718256909162
19.04977566366378
195.84556541842903
126.61754344762176
178.6350164645728
28.11780822652509
-133.62321716860606
38.70150501664648
52.12603265181451
-2.6713199204416824
48.24301047883395
-29.146268580341882
73.8783941928582
46.63041406537121
24.611795650227435
75.91078054493164
121.82074894953348
-14.796034202342092
-38.791518846275274
247.74508344552032
-160.78224938597532
41.52657900305212
76.29525860088671
48.33068608068848
197.57026137248886
142.13261153656822
29.368465875593174
-90.88888161120758
41.60865997393185
149.6693634540875
122.3174757710699
18.974181028286562
16.74306933249956
49.3778389396914
34.76258574138092
-57.626009430482554
2.8092412892965513
37.04529006257053
57.66405980822165
79.17246420849096
81.11173098979663
89.60118344242397
-682.1106241720895
81.05832162387333
24.69906116325356
21.825048206838872
31.313161820791077
8.987167141047376
38.43682750368862
110.62125440985301
49.26195859081645
-244.08252828954497
53.77581561230008
-307.50842285230647
53.413143129282616
16.284445888617505
170.72223873424446
-49.5874959269122
-8.693052714296726
-12.759850127513346
-93.01217103211502
33.23826895667284
109.68167171952803
103.0790078039413
92.94616060822318
-103.29772635988866
-67.92069315795013
120.04240398316642
105.1055389587691
27.27488530109622
25.511668731526697
196.80509033824683
-27.908118579767006
56.58433536111397
63.78829893795046
115.5730970978359
45.697274103238186
96.8620157686446
-31.830684303434253
75.59410402575895
87.71258578988267
-222.64090229938847
-57.774638293830776
2.3433694517788126
77.10517575837184
5.445213473555214
169.2132349924541
30.235223119308017
-161.61441209915392
69.01832028405215
90.01229259882385
54.8133590254497
-209.50060481466699
-25.450088108693762
-329.84511712177755
55.220715324033534
87.81814501385156
-22.763390564046194
40.286353531806526
-40.91799948429623
37.85795551929368
9.476214574927779
77.2326750267905
3.959936814455759
53.63976453287266
36.56632060589409
37.01749378227902
32.07968722805526
59.031842727777075
-2.1189735760952804
26.692986816439284
13.520444038114885
39.59150806817479
152.9609978421895
51.278954467359846
50.48509435736692
-0.2832529129150565
19.433185023901615
137.31976544924783
82.76250251972834
-0.6671457099346441
-16.3215513540367
83.90776806186781
102.98816009075745
12.591593388885851
59.02864958245482
-77.55269408236518
-1.5703479493517989
96.2298737162605
76.94905239599711
-138.1057182276714
57.34577843593033
-22.908014929607816
0.10818129116339747
38.29208804958125
-4.188624802754192
28.312643808518487
-50.29631268660932
-45.24846350026081
15.145391243885774
44.092706123452444
18.509126546459356
-160.7789786686866
64.73578589434783
68.6494042260997
-21.403575731525507
19.216789101867064
115.13895595643544
23.522451831501996
-218.29868872627048
24.076691963762187
-13.9567947413614
84.43338294966838
-215.12138198071898
71.70524847398383
138.0798548539792
81.01823798572059
50.32002467505259
-87.4752702609594
62.4448388866258
59.904024506184214
21.154730908963643
95.75903265766556
105.96938656880411
-25.018128643726353
154.1784411575495
166.82462081416907
88.11028131651847
16.731123322852124
72.53515400074048
7.781813827180377
54.23628872105097
14.883119416326736
94.40698600097676
24.788472758079934
98.66415074058159
80.77843045936928
12.55236754650906
-14.132999058274436
59.16886209950735
174.01422339111832
-23.80763328655909
12.865380017227153
-16.882513643843595
-2.9268174054650444
77.85004696675423
-22.92635612464222
177.37562236161284
68.26735574800318
77.49877567203475
-159.07786838779884
24.33420944311564
117.2862987452636
51.77084854605075
-21.98041871989244
121.50713222741683
33.637859874679634
14.129808935450093
76.1076305405303
133.64428356763847
-97.70335862071624
132.13662198340353
17.702243109330993
-217.1137371271061
115.05754645878051
27.22257442328766
-119.9867147278701
19.656273028461783
-38.309427696723105
27.295452418321492
17.19671433206085
-36.12607743994431
104.58008875731332
-2.867862935732319
13.349499291333018
123.44324979522685
7.330938505060203
163.67003593874324
136.7649591677091
19.035446112405417
-87.28402638629814
37.21127428287036
-5.859121832059344
43.10875670155473
-82.34961322775689
-8.809041981583674
59.66459311339079
-44.62085575296038
17.135309119928646
118.50234468555414
-183.23050517318234
40.08093889476917
-16.733070594970023
102.8555314988007
-46.72182259708916
50.655388373709
58.34116923109241
-187.17377869511847
56.56193694095964
12.659702045866629
65.49680781494226
-8.941111465444147
45.82032000675963
-168.97013945181698
59.5767573933922
33.608721372375854
107.32768787238979
18.18097828324314
67.57072462993483
129.5712465370916
-37.339560174433174
9.31765825178718
36.463611422351576
80.65692839988515
94.88466363197381
107.23351904688161
75.05734773905016
-3.8573544775258597
-15.337458293511645
66.98646521155122
21.982992562468098
111.35384042562964
25.292013807171198
129.43074271576393
54.2561984176229
-90.31842685795215
-58.578078921764245
40.68117674702307
108.75946190610011
50.03722585668402
17.412756137352062
62.045653565488465
-11.21858497647412
54.75550170138558
-163.35743421359803
62.55956772222859
25.063481630810656
-172.51339503274312
54.74166657448609
91.2281967928875
24.694631092086638
92.9441828408327
91.19447835147878
-123.88116541870795
40.69467427298915
99.92757049242675
52.83713072849605
16.09249948113564
98.98923476185428
12.148977428064114
24.980795425780343
73.82966300361431
3.719348795335914
-20.71710008671171
50.03606313930226
29.086004205459282
35.46883390589654
51.09286636955231
-6.767067247686555
-41.061205556954064
96.30006949536573
37.35129719211608
25.640325874094113
-34.32054947868346
-72.57876942595158
49.88684165860437
90.95277487416479
-15.294453518916043
32.7864473569855
66.7253849158019
157.73710998414072
46.149772745351726
6.067317580010805
-79.40545012966686
173.4243906732445
-94.58001602048626
22.10606881281305
19.28731459038997
4.833568042939078
20.20794702610215
107.35073023478651
82.87002722269426
-39.238889527851825
37.666606873410075
141.58643801092876
25.22688796137527
149.10992314800592
5.808644907221749
36.72681551193409
-14.061523954798758
80.19786264415075
-97.84715759143319
47.49861032651633
21.57582800860869
-121.15165416297486
62.84642633254549
46.338958031149964
92.82460146570384
-100.13014168495424
112.4283525961464
47.387362042712994
15.920337028967936
-90.21340604288753
-141.554503086762
83.62027087167189
22.30840775095179
13.051639085480154
20.038524068576635
185.35524840526477
98.81077805250135
45.880256213975656
282.19470743622696
120.25511445233133
33.72642308589366
-74.43082684488718
20.0887951363338
22.812708201197267
-0.6304992680788288
-181.6548105615506
-3.4990636034001033
-47.436893897547115
219.93586342164826
99.48513810868496
73.29362772801232
57.9638901516488
144.15046199049993
-111.30284846186441
84.03142724702366
45.74141183933737
-11.548340718821517
59.04254802367694
18.800737258131942
38.649255337489194
-5.280344091495522
57.69767924629084
54.5254588412472
170.36770490200024
-118.98251788285233
26.95820810040947
24.22540801055352
69.97099632588197
115.64085604244428
94.09010809679376
34.21028688349399
88.94457519762062
112.72677475140381
81.48685159854631
78.11841596904605
69.44490228674692
47.6203801117008
-64.54084000652801
-9.593663763805864
47.76234270127031
-152.28776473329071
153.76912451338103
23.160878481654677
116.06490755484992
157.35089172841685
162.04713405485973
186.02956480250577
37.96399470295096
121.75041190144304
46.829291291049685
10.605718901005394
176.00173728076925
51.196749180227016
58.83922723576188
132.21298677436766
139.25069926323636
-36.29699914046128
124.8178057663074
48.624567386356624
169.02570488092215
51.46927538251737
168.23919184313263
94.01399378689192
53.989167921725766
-152.27969114659982
29.91249853781119
35.196259497199264
81.90421826008333
24.080158201879804
28.528849285511914
40.625358333690556
67.32262548004923
50.29202779902884
132.81003759065243
59.53054988044158
69.77139732194121
123.56273061711772
27.511008868466558
46.631034448977516
-258.60764398202446
91.76756340746334
106.72387640867623
50.18189540555886
79.6911154975478
122.26239606386139
159.07326476191838
5.652869351758599
58.10873720846752
-96.0790558280687
3.7115260944351065
24.982242899321136
60.28867157299692
94.56737095189328
58.331934033681364
70.6739415852262
-73.41183925925088
21.592718936654176
116.43914682183208
34.82984711924391
-678.732058296178
143.0752940856089
128.89102951615723
69.90794630509161
142.95919037527028
16.556251812934534
35.35089900036902
10.223657457810978
111.97171863849917
-82.70704217967159
171.29978724514604
12.975596241663425
83.66930615268348
4.0306536496734395
13.066628450217442
33.956775604063935
-27.20285985669807
78.05259862343519
56.680677796651935
-40.89300657599324
-10.114305327314014
-25.047432958141876
-10.737583798848632
128.87599128119814
-164.6202451465765
-22.335890833535835
69.06507063066408
132.34515234097694
74.66472396461467
28.92466155173571
76.20132468333719
20.34622152137417
211.27626930989481
-113.22766398206613
28.5031343680525
150.61613604068543
75.0787312786627
27.972889105443773
-113.72261947856259
-102.80356669228331
45.53518591998994
14.265043362008576
40.38929535678123
217.84769255387482
-36.04316256689481
22.49130099303404
-670.3199896736769
4.504102892326017
17.24412509163608
15.440452452826385
-132.84914187433787
-363.47226156711804
19.895179840339097
38.41242017060128
118.14723231488597
13.278047350847658
139.03860508824482
21.438881144632887
-13.337906130733018
22.348208637157768
110.50283187910281
103.0083970938806
4.082937693276108
63.70797684046846
216.33277671805217
-11.587697984840815
-59.28620741295738
116.98425774070529
21.19643911284139
74.40324163531659
111.66098638009817
84.13729982430004
-13.736795432723808
-8.080187258488422
61.45827010105836
73.13970394610396
48.81396346589918
73.10545280923559
-16.317433235345106
192.60618556069176
-35.00958408434781
14.134711200115362
84.71812326456438
44.085327996750095
34.94113375551013
36.9596585766449
64.36256583115824
-100.57766495111173
107.78314659626312
-33.81547030990578
56.11759462904017
145.56189458710514
3.143607458153383
163.72051975804106
185.1245784339285
54.989308543004
37.80852460661686
48.995656435257814
-25.042062940742287
39.14203332060151
-123.0633003367202
8.611913762156519
40.86356424561433
35.63368582706599
26.345683000211693
116.50408110140597
-113.0629054406126
-111.19905102132478
53.03116628283726
47.188517161131074
25.24670355387694
-129.84607002942903
-10.402541409990988
51.28224824632951
151.0076575134733
-8.115276237470088
28.876318031992177
32.7801756373366
152.77765607602896
70.41200334356972
77.63764535453856
-7.179227754514159
69.88372412478611
49.08728403225821
89.09815785575165
-297.8053468348635
13.645177011210876
15.846836105115722
-167.2864698345029
61.98952407580646
-86.43089217326344
31.454950088644097
15.20976865249466
147.47364293288706
129.81379039699186
350.7017785324233
-31.76542906002578
-32.94151916519331
12.28738859381172
13.557182651182742
-40.252330284224946
111.94031054232914
54.9036051608316
95.99012711130337
-101.72450177450264
-49.64362793007954
-97.7874997348099
-7.738200147210819
108.9231608652633
141.5506139613608
30.406726379670772
57.00360294841036
7.886233071681545
77.08147974694566
-7.574905030792745
-43.8936938861182
17.475743663302183
146.91849935721007
7.236511560673978
91.7625931325124
153.68360827912147
42.39651039111635
64.17467112575724
103.24348222560411
130.97316914047815
-96.22454172869675
76.74213463213522
125.73535974982178
-34.986253268569826
168.79256573761086
-109.72815275146331
21.54592508355043
15.13722456301241
-12.55888199881747
99.34568241375246
63.88023211346808
27.665370261140303
-19.545531319872772
21.241761279532888
48.7907226068183
-89.18286157108423
187.1646871013354
83.06798699123328
68.99903025580988
34.161432644158204
24.023509332163485
47.84359166519698
24.090207013394497
51.82345356953783
-34.1196916889669
-220.9676079966148
94.31244140368949
-21.69750953691449
107.88199654757864
29.91708675628542
85.80001241592436
159.08640795898327
145.09260249008958
50.80706207597652
42.65070040591057
-12.60429127380462
-8.267565094892532
-185.42597100244075
47.00485209389557
29.10047133941316
41.31006723425458
-403.4520246101665
29.0680866722631
16.18982100980493
10.51206319449166
153.36438002945306
86.6911120113923
68.36289644806217
40.82970465905328
117.37310931389038
80.90530913510747
-13.249641749197659
34.66023536815629
37.47906087256611
86.52129450293887
59.1429908523578
23.15356792552788
-411.17369637501963
54.19048780974829
-62.236562490734286
50.57648991162199
-44.647036247241516
-28.36744580770801
87.32340114212161
27.11357371178974
-10.960828683785534
42.31375147799324
46.633022106327076
18.02101977277755
79.32710698948267
136.58689567743
-50.65882726104701
-10.71685265461333
228.2393512027279
152.73551020751938
-198.92938717721972
192.91395573715954
-6.862646591192671
33.534141044360695
88.61225776564152
10.838939776730754
5.668106817939588
69.32690428451178
-114.10623384114024
96.42200850451286
-27.507916979408037
-231.68881242495718
-31.445155957862205
54.3952335162021
32.55996194807085
50.784326976850465
-35.748932018023694
33.976628521218956
-25.24585647861487
-137.22635207636085
102.48665548533972
121.47523740086217
52.97352068163627
-11.378946926550707
-5.177895824337373
-58.84453295039327
55.36162020858637
62.93118690346182
19.469529242252065
169.3948002581733
-0.2819253526682465
72.00994526790828
-122.20011548932052
99.9028324986939
29.409270561895138
-27.151438508465276
46.97484534130015
19.47598454064513
77.4736114738298
10.645692631966725
-27.230362150799305
123.96148156028539
41.91101143886081
16.534071331704418
36.24735830132431
52.20489687366846
104.50563764422054
40.471173009054496
69.30934761455683
48.79629302737203
-695.4755803204152
-161.7135109804276
150.36462870630476
92.4717598968873
13.294658547776546
55.86502342994436
-1.8004098165828282
15.518214000678274
36.01574103482312
22.059328259111258
129.90979524592012
30.62244889378144
15.700358047009523
32.64397783352388
12.641401731324601
100.5970896798749
51.64314201404886
111.51887447304944
-134.18102574854856
60.19321706863895
139.96493910878235
68.22622157369007
9.572525049713825
79.6009521542187
89.8881992364918
55.05122009053139
104.94057109652158
-0.24420751263225782
-34.10719410800676
-68.59717546134482
59.29598241111
-109.55327465764594
10.21349578540503
-78.43357920521204
-27.445615877242744
65.12172009748241
33.82664206045058
-66.84354382103265
56.874356451385665
83.13839193290889
6.563739008667373
74.61143466164822
-32.82404530756008
267.40533773527204
72.12506305363559
-310.8509990798584
-169.93388554171452
-14.91921571419789
-7.960323829942304
15.42975466469214
52.23606180338483
52.22972597795033
19.83680204306364
25.373129297078346
-172.01609191818352
-122.18480805449963
104.19804332280819
-28.63538996804448
23.906254248512607
28.93508109475472
178.53713960926598
166.03423032308592
152.60161613546825
19.427303462865147
73.15718678872281
53.89831259807987
47.24727450996871
191.56806440282367
32.980470819859995
-151.09035740147374
-421.3095909690792
68.95277180089147
185.6263291974892
-43.52338953051003
-105.45738590904966
25.346298682959056
70.60421576211735
84.95083213237422
76.22186991537643
23.68970395049641
145.053695787788
44.34662933342952
-104.30252861852978
-463.44216362394405
-20.63785212963663
293.5952630107404
27.96677350116215
167.2177002344829
-2.6375741926136698
41.23310658136961
60.53209570449144
39.09410857621177
47.21638111315878
102.95841264408409
70.15029163244208
-969.9722528640757
36.354907807363475
-103.23960344749185
-80.42262987582444
48.43337650021505
-150.3473432414412
10.72647316764946
41.97005382206028
17.474195036663403
98.29147172327566
125.54375506596057
16.554088283281875
-141.5503723799511
96.60629238976253
-89.12552542271344
118.14910021419337
137.9760037633573
-10.159659756293973
34.470114376676065
50.34915389283998
109.54066785945463
50.339740925044325
105.75577847208183
39.46566001850645
81.5919615537382
154.07260708114245
-1.3649560365043818
23.196155671009265
11.32679266012941
177.50643769729822
-10.594106804155492
104.19160731154716
46.80065382542648
56.4094169867971
-351.857385724451
3.0795884368453246
-197.9428449259094
136.23564931588317
-6.732980678610468
20.36683141285681
0.4609200321110144
198.37418147160497
-217.39166828983616
-10.669752547841991
134.65840928616103
17.506572709954106
-73.80856839329454
52.27384912385668
127.64969780821912
84.87811120132437
19.17682192988275
96.5188299487213
-6.520841055968017
66.27033016482932
10.997841508883507
-114.04763955058706
-25.713454728498316
51.487139611489006
103.97487289109313
113.2721088737726
-72.83584755748734
239.17124647686296
56.92042099224024
76.18570328178384
110.85539501730284
-59.36821261256842
-54.586309045656435
130.60423684926604
66.66432845657164
0.6015810577357428
64.43892619246506
49.37229180488697
65.16023544030531
97.46661457043365
36.888306619365466
152.05264840450718
-12.97737955130814
56.705007043689314
5.570578883762664
32.71001684409274
17.449473506718274
33.14213227845511
12.373515971367935
-403.56836972522615
44.54221093758645
54.31018289889926
31.0590511286973
90.03631283448709
119.66668037384215
26.835418420906535
15.709669662025258
11.320821012716806
92.29622759869085
37.819164026117505
-49.23847387462183
55.596923046802964
-15.624059050119286
-25.381293946064588
17.318603726189394
22.85217396653382
25.906521003812614
111.97873744111416
20.203618645095958
111.86798853243818
25.038815754618373
42.63225069190622
541.3616412996089
91.35247752021678
-4.988590282856421
44.693818565259235
29.51314144815492
161.50395885631497
7.17506088868055
43.591798899330485
4.806997696666268
121.94854264316427
139.8053064773958
60.28020740189447
-31.645235203054497
16.041150903834506
-6.819677913056239
-13.465037327229766
49.5590859130064
105.97279235319502
45.761531436035625
-27.18981574431599
75.87364421472148
34.21017316161404
28.501683586634478
-51.19951139164641
42.36180393009299
-28.90113144335273
13.146254744563493
24.82750630300019
7.8360671393113535
-12.239752794804984
132.3442000356947
-43.52940219298489
10.781973440181677
156.1522353496698
70.21825766929692
-22.049689831219894
9.64142934015473
117.99068712774033
-94.11796939780142
7.035448963154643
63.21227925601331
69.37556533771965
42.12943028571067
49.86684205684779
-71.90698469441521
-4.398717456158984
45.92641163610746
25.071857435447782
75.4517291947117
34.37483746860016
59.07038354200566
40.94058906174621
170.42301939622257
73.11706542529191
128.63733427649458
75.76496681276154
-10.919124800153421
49.720541713190926
6.4164139224822
93.247110851039
7.92104965266833
66.34648499816127
83.99554484222699
82.09862662058458
37.80573593521953
110.6326583209675
43.03679765336046
45.132940570618075
4.935331037981086
153.76222921335807
46.065071661576674
15.390855758472288
34.690145922408206
-33.50537325459845
-23.650223884082152
-7.521712966102699
42.51782117862509
103.0381042985664
27.676919800498013
48.89250492695328
12.548792332212864
66.53152844060264
-108.20704052511883
32.68933795856901
-23.681091488573657
152.9564193980391
1.202779938668106
145.84478495964822
50.66507192198756
-275.942651084938
69.91544814977442
43.94822621480443
-20.381862698819987
-149.5497031982968
-54.66390886943191
102.28225420579656
138.12183628904677
111.95108021384885
15.128709386619988
72.32103534068392
7.976355292780536
-10.608118344410286
-55.871011887784334
114.08155133647574
8.250311273932766
169.40062576230002
7.838165953308362
30.52576227327498
29.206138942638937
23.35787669743422
92.93777269316934
44.05170419610886
-147.43733855686105
0.9246189887053121
-5.1940028176713895
31.855507594458935
-6.781214875134682
25.325646656244274
-91.90115311501859
58.879940836150666
21.735218938854246
45.81654896320023
-210.14466105106385
8.65944477616813
-4.960182719641459
-124.37648875650893
45.91729655747781
-0.8449163324467008
130.17231610599174
2.3069089379700927
124.63051042069492
-29.970790015410785
-164.18326525610337
-51.95402733393786
128.16406730564586
36.299060732420685
22.524008064820237
-20.780738168335716
74.13444154736774
175.81140914516754
-11.614443431763904
149.17559715765037
-109.57265870877745
56.49987724394862
-72.73927262458301
63.76914068181543
129.1464709257657
-123.31918153425795
-246.07724574767644
48.51424079941771
168.92324212375024
88.46302806898848
34.53731202945359
-22.844642558823747
111.569192378975
43.15397889634558
-81.08976189980694
-17.6804248686949
-14.04012742473742
-94.88064267957088
21.104348756748497
166.216087121672
-25.56207878093278
57.102357970185004
23.973248492941124
-50.17531397336279
66.53812623804515
-94.62684665176448
37.23281878358162
40.17416397588312
-16.51365453370073
52.0857610859171
4.43158410817523
126.90747516265219
129.19762232195194
139.24077314674423
57.89128052324617
139.17174652547192
67.76395698122542
-34.57217461252651
50.711528092739655
123.50212822885442
34.429141644584526
9.900703131474074
120.61589898086368
159.4916919276966
63.202456519259165
-44.19635290445188
36.82056308059839
-6.459364040508262
2.760139734235816
-28.38158919207217
9.408082474273172
-254.81880595191075
45.565396089265384
-1.2025727071134813
-25.16676780397711
-144.9784617457226
121.08163412640624
-47.879561950435345
115.394528281877
3.480598084779672
-0.23277301397606903
54.38302276185868
89.32151595086589
28.213328108478013
73.34077983511224
57.33887575840191
10.87513035486339
-20.777675436409936
98.74629920014377
46.265247307871505
-39.43085961203098
117.98488398954623
0.5144748032469882
-95.84864759205402
73.95098658084544
13.30982449812484
58.92648779196361
53.506909785319294
99.95793361102415
94.17518745883808
33.696511976282984
52.5396587394054
58.45186076150907
-38.9349355690274
-224.18511608935296
-121.89010396696995
137.55284573845302
96.06868560050401
23.93742072849721
17.93382139721878
-188.10342551357644
-22.310382281329566
109.34292308736997
-51.356090494997716
80.47764189157755
37.75403830636828
4.888268942268757
47.557937395322824
44.14348570210459
71.22527366661433
46.54384854161674
127.56553648308386
16.297475315072916
86.35278856297691
73.60854973722599
1.4051981105185405
16.42669398502193
95.72576522822374
69.37369991071682
21.227118195342882
319.3508435725553
12.497505711124226
-154.30771835321957
20.80517250663661
33.8844416602005
-21.906611052145927
56.991590382063166
33.96791987350025
-16.360168105323737
70.11669570785051
-10.866894143869377
6.743367189403312
25.094845934659453
129.7924562107096
-36.01449971367765
68.09206950260176
40.847504063123985
311.7110548048495
-5.369236131446996
50.028830144906124
47.08670709848866
-35.08146859233784
-11.683524583288175
111.5445633232548
14.602990230320756
39.59153945590983
81.83261234950896
-132.23646052450295
169.9522050315304
122.75333235971084
70.75923500113277
35.11115361881522
-124.52594880035794
-152.63047021819193
24.985773708250235
-1.2297364272242564
20.340572546169152
76.34149712677402
3.0320701810901243
90.20176971193132
-67.08579389917395
81.92265794726927
79.99184266520194
-45.94348138635678
-2.1548701193604463
153.26280576340287
24.93790753289494
34.47245215415478
104.57917781628225
-59.083008621823865
112.43438208784119
40.23062790671039
42.63168779552986
22.48992039468203
147.59663825584857
24.655268703717187
41.760317667780825
-85.69927307170943
67.40462548658888
88.11726419501787
-19.85723943435584
-57.77899996602174
321.92474972209766
49.79140818446581
135.83079085430836
188.39297948835792
168.2317810731106
35.66012786025037
27.591704965666395
26.407206175202116
18.446912303823584
37.09356273007817
175.40282973253898
57.73379720191201
10.329520657177335
-1.7014887565515444
60.933937582781795
134.8424729469068
39.56198799655385
-3.915975066917931
6.977008215093889
77.79909319615575
107.21159168673967
5.534127123280931
-30.393972284416762
29.786164149541733
-10.01867620483845
12.572076328042202
-156.38636228869245
-9.952860578546556
178.52270788309534
4.897888523135862
31.841389402258415
24.03630320217599
36.17354569302006
30.322693623462687
29.509437207198744
5.457899617334988
49.32057754988361
-19.73797504082
-241.33674901734412
216.96891474612949
17.650957976984046
45.51045518503042
108.5303596486483
137.40147479040206
-31.68485369066489
26.613726646711992
130.71249855496853
-55.982538527626936
-52.93481516461909
55.03219286517103
97.35812397116183
46.930873748673605
67.20327267090488
64.12107831048093
126.6991379914698
-172.42093330643274
92.00563330362309
142.63387472406248
126.02198667750918
20.43601550297842
25.40160897110914
62.62234877080812
27.502088570209253
-6.4223846267996265
58.72627723519008
41.0512226222424
166.72771072768046
69.25204136559728
-10.426978688953056
18.96716825974128
-154.3164091564754
40.69352363391323
35.96121011367262
112.57665264351635
11.356870379626498
30.431952559552485
56.82354453086555
34.76716565858533
74.60501981099137
14.635983508871934
19.919505798496836
41.286793645299895
107.042025635963
5.571097018456352
35.9383733282293
42.31982041322198
127.20953698645462
16.4683874099393
8.55528100326789
-6.807941002273537
101.42992509772012
47.394861132090796
8.131412212361283
-44.69201837450191
37.70340331147872
-47.970788127746346
-69.00649561951423
16.263356243127678
50.431180495179376
120.76560885813706
71.75448212449288
-49.28177724581039
-94.43037162656765
-112.43862902909792
105.68879298181582
7.918447535987894
-57.81608514013752
-117.91621892625699
-148.61935725747935
27.879196919009747
94.79318736955338
-27.78101717010486
45.05384478140331
-3.5410716491242056
12.620465105781683
10.315155296969625
76.73601431145744
-21.016185396122076
73.23057609917669
168.38468592142976
-8.177731451269207
243.08573885263513
8.903063136452538
65.84892758811088
-37.549176390919
76.07908485496444
-8.513257039332075
50.0636861557677
-9.61509121214781
12.666287742430558
5.685818592896993
-40.13342645085297
1.4361887901307
33.655051185141076
32.956281021513554
70.91802312643631
-14.399452359300994
14.208502096567639
55.36106158275379
10.712497220170533
-35.09046452943015
17.088041299671463
8.829044151286103
51.80722180122365
55.68506884822216
60.93696841637279
71.00711108729148
52.2746833570136
-1.845892430769106
101.55600081191733
46.03929149730542
88.14637417402457
92.61850833632809
-199.18971152042923
69.36345439522165
15.589369992738142
-143.93459750044394
34.02684281276783
45.695103953537
17.718823903701843
61.41043572807698
122.52186791922531
-126.49769208866928
-54.156026297184326
-947.2007702549881
41.390900416556036
-199.99086394092683
94.93728483348548
102.00699499553821
55.79504173305733
10.120766268417512
32.191801176469596
21.45051129626228
158.94394290320452
78.94217215515528
80.19989349368188
-13.060562751036915
23.60304087496388
103.33683816071948
-26.290676937016663
65.4502375790571
14.854892637991185
154.84630202691596
-297.393059369464
39.391642456453155
14.531717915220725
16.745007843514188
-319.34218399319843
-134.4145638850623
-13.805570627506134
23.030207648956207
19.09454937227565
7.161272836234879
77.91367200355248
-55.507867081562836
50.894327251358845
-231.6005199914357
47.19428360488803
103.67945711181085
-2.1120511497051666
123.4785046831621
39.61408891401447
-7.065852285788335
75.82174712435463
71.89584349818341
59.041046372054694
118.07592813890915
-16.286840042560236
-160.98444692789508
46.4853537214595
-150.15594685220458
-26.517063403887825
43.30662253342609
-3.3004080270456324
97.60683075060479
22.060504856621474
81.56620060896034
60.61615902383414
42.063911152442415
79.50886344442233
4.026733298548922
109.67162875602844
49.183443057626675
-196.99543951652413
60.40625331568617
-50.31416216589281
33.964662174773345
8.235369708719503
134.16277600437763
17.21889113186249
-54.700039301950426
315.4314645515351
85.80012078475556
23.246657296331666
-3.3559270856814405
87.42330846159109
8.51679333350444
23.767483057341906
7.3307832594647
7.328485391702286
-284.66257452409354
60.54733208149446
70.68667410021135
5.906875677500331
-564.6560660042142
-35.851242669774365
40.949455722976495
95.52853254447541
50.88994487641148
52.790894056583056
86.61753651357594
48.44678910470368
165.77802258049405
38.314017075763594
114.85790251439016
126.2476086734423
14.71552976089006
-0.09864595451092793
23.368738055868107
82.81896731194729
5.7620194295910565
73.2318442310893
-52.443627953293344
142.74033684271535
54.49969999824728
16.81722339907234
20.228792309545497
-15.027006698511286
85.63199379066998
158.82682621666208
33.292069492965766
-10.147722689904391
20.293613486157426
10.240539640853552
69.14891623907342
47.53322882149452
-28.142982579134323
95.5984665034796
-46.497679652021766
71.76134854138652
91.61335220181036
93.26413705577693
60.51122971094901
80.5637610524453
120.01553290582751
22.430545127615783
63.833460715731405
65.7030109829036
68.5983103181984
136.36443523269463
32.27177331806817
103.45368688208464
119.88905441151564
94.88525895966109
92.21343921305288
-38.727124543507216
69.90108941876588
53.392645727884585
51.78918554509619
71.65154521855993
131.58760187762005
-6.999407703196962
137.01489512420494
-134.6886557776088
46.00510112954635
29.969922834725608
-170.86135325827854
80.0781042026216
31.677567956923667
17.210360337691007
-8.048660080126467
27.05378747550003
40.796407478806486
92.7301807192348
139.78602441023213
-63.69213491666551
2.6030555502993593
111.15290162090423
135.66292962471425
-345.4557180891534
18.221056318762948
176.069406399713
-25.936442265805923
86.5782258019342
20.464257203897635
-98.03164326116939
120.78200561429912
72.84768958626228
0.38522356165867677
80.92961514263584
-154.53391102576506
-57.58040421665464
62.16239505421845
20.905974143118105
47.105572248349475
21.098041595225283
-49.62638054596664
112.71116959662004
-138.63395051345287
82.4343907058369
45.98979129725676
3.532464606671539
22.04603047266619
28.965721352219912
-254.02548807007133
85.58001292298013
27.639725208276
136.78041061003591
-19.23544465287614
128.61612557259468
29.697037434404336
61.99203548235531
-22.18563067878612
-4.835817074918064
-23.595354719553697
-76.21268170938237
4.7147603880264715
14.188277434905501
23.094081143932094
106.40409638438496
12.346017495723878
73.96291202731118
57.414868684104476
97.82600179916744
-3.9429625178888372
134.58993055146811
76.7793818605303
103.98172812849452
-28.13321242302618
143.66071385983923
10.510247933566461
56.57289996072632
19.363856961810157
8.933426566442066
135.85711215814308
-116.70785686413183
-6.103264946416857
95.49303987286703
50.76467228168636
-58.0138401232598
-42.48632800489804
81.14429214142413
133.22254731310431
14.169919208969102
3.3347940048045075
-167.17226998229035
73.57840451635286
37.564243893238654
-13.572630401061815
-134.15705830488514
18.15054599110499
121.31477210271805
1.5367332282914958
-11.53165643097509
65.17602721391494
-196.01309523546752
55.04626228374673
-39.58379847089607
98.43999017970282
107.72491402351488
2.6572541302970802
37.06048805625824
19.560521061591114
-17.940928277220934
153.3180771109087
-140.77015377986427
55.17607778554206
-6.381711656961252
-148.15110653493866
11.591003916757927
105.32228458100462
-2.7674489429037976
61.95140158626873
27.62084892750613
150.96615577704415
98.34658376198058
8.07673692133231
77.47116612903403
42.60884132919546
7.371327645710835
184.95088142492386
61.61233207434037
-13.156638943610233
75.80426182397844
56.47686050087668
29.37665139503588
56.8909137436558
-167.52907450235216
17.862269979470454
12.933597335360261
-222.21214104427781
4.998375108618802
2.599022072724297
19.61408612074142
-44.48253364698803
-33.4777193557411
81.25237707740962
140.33998168091966
98.73726810856806
110.89535379008908
80.86334895788536
60.025568914722896
25.819433294434134
-163.98278372953018
-2.347005334120947
-424.0484826447673
8.068331387969074
110.03014317416773
-3.6202799149446037
69.59045091573762
134.8683658228383
86.07626085179209
110.9803382454611
-54.4341972735283
25.88682506486015
-0.10147903464348929
82.2668532159305
70.97336977399425
140.52754189826783
-21.7859547934263
-191.86687681884865
15.51372942724463
62.4216980358633
71.1729010756203
88.24005673549709
38.60399294416766
0.8277095471557914
118.70545408174303
-83.86387593492555
-9.097346270911912
29.01143370432237
18.77832122596223
138.44579632182695
14.292932441021458
8.39410807104776
-453.1690824949397
29.698943777604654
-29.56611408868912
10.063615471059297
45.814292716238555
42.841889381987585
92.03323413853786
151.09783159859217
152.77828084454404
-0.2647593646663602
179.30380040100226
221.12651687938342
28.05319127542321
8.156867386855538
1.4314347885974712
19.731443378175967
46.786622103467835
71.68507869213795
-0.5355257788658605
14.13675526580141
-33.91243564860132
-35.9531140058516
-29.26970788868448
-76.30719772788962
34.93124252020121
72.79415976218348
44.4562319058773
-73.13868821792039
50.51470757140919
18.06524566824691
178.22652770238074
50.22350660122871
8.663358510277476
1.894112972859395
-82.69021084729866
13.503853022480143
-7.383630637644046
-105.88706769028977
-15.353137226910007
-30.439161041233547
19.905406245772156
43.827642712883915
88.63890522929307
-4.72522288919751
35.641677560311415
235.34265018189672
72.16051549188765
74.31194519535109
20.14131334283164
-45.518221926354485
64.61330271711006
65.31875806094376
186.53215864495542
27.42049138925604
-11.446188559401264
131.79849072280604
43.56493657763258
40.22156396790797
98.55548615046018
15.700466507990338
28.84170490752691
41.08932239524223
24.40934334764279
68.01505337376761
-31.888708775832356
91.19214228771656
101.45988239134658
-26.186166626293925
20.56839323218088
70.54859151928258
51.455672664383656
35.981562569702874
40.39953639928024
51.46627085557657
33.950981402261945
128.7790065883612
131.43430051366067
-160.31662558980315
-5.4482863993239965
-13.671264051921753
-53.992791661946285
47.661179205046665
-180.36538005838702
3.912538040801735
60.736903590838
215.81888307343206
29.967646733633195
59.87625967985832
11.641229375926741
121.74263889604185
112.03951837458044
115.56741493814388
-120.68700232700454
54.68100771012274
97.39065191587542
146.6954375973196
-353.712786625013
27.872455979439383
32.88247242791891
23.89286177166467
43.960918246307216
42.60177636184221
7.061329791657954
31.64102799472787
179.25579580973863
53.30348329525869
108.61730089064076
194.10288951305847
121.00174591547238
91.83941693303268
-397.6683332990324
122.17515410560236
93.06966422254351
75.41217929847716
41.42383556144966
38.73086804048262
7.480254333773473
-52.468032096315206
-80.3724966516329
137.67953889080127
93.07598168013305
37.78343390679868
-137.23658994940524
39.00019441560153
-52.85019057388964
14.533357083671035
-28.910187931732253
47.60370772805544
95.19335341020394
159.88691665298438
-87.8966740476103
-125.96883554406486
120.39631708188358
-10.50220333731688
7.837183438923603
50.811262918295824
94.01109854788092
71.8007798128474
70.49842115654928
-26.631279653670628
82.80600805860402
75.41784563360949
-5.728724862191939
44.06916634021699
-19.080129356986617
-57.58893213745796
-45.62858134948874
-15.73601238382472
162.31848764217466
-41.242488466694084
12.577709718845341
147.3425967091971
-90.39446110555764
87.17289981833511
20.866845193291
48.10505178532412
-698.0831285718982
41.038397521501764
38.977557520454525
111.21841803938162
-16.76625896311816
53.282124482723674
108.20383479375869
72.5911926306643
3.032439966384227
126.8624207667109
-46.9912209098577
19.00337158994938
162.42102643453018
-14.285397763294895
57.26760952346558
-10.22953103173869
51.95405758985914
62.131933132930634
85.38963926368115
-281.97115345822294
25.16182026309457
10.907418561169738
98.67168903135416
191.4467704724757
18.55217594628022
-36.8249189663169
9.937460523258265
37.5727730107742
30.24771040061205
-8.551233547935709
129.13871051171736
22.181101361651486
19.478747507382643
114.91082798661773
123.05103018798002
-5.854127842019324
-135.90313563989002
-79.61741545923269
55.23323381374473
-49.52277915186278
6.579716869114321
43.22077817451827
112.98656546640586
-11.86910805269424
38.939540528198876
14.466670415617148
122.95366395533574
8.294404265519871
81.91409065676467
110.23128063243962
46.96784859629965
68.18501531213747
43.30293630561792
107.13326425496132
88.9444237656717
68.6683921611654
95.96065476868989
70.4152497778964
-10.12665019670203
-23.9728700240712
-198.83836984094978
66.7405399319291
65.15430171210846
75.91950924560251
45.015599877844124
50.33807028040913
62.63543107784699
-70.10695941972472
132.5915981792582
13.837575421550241
113.42411811519992
-10.669283940392331
-34.55932286753341
18.651609601077926
20.738928172613214
22.985864699247486
-102.58659893044933
59.78089739122473
140.7571406030911
109.49651208099544
-11.754674679894833
-40.76351142268118
-65.26788464475703
-25.36320332792502
59.51076970761498
57.140028222129786
3.693624025507148
-3.0408300600610616
-92.27234104468198
-823.0315176120666
31.787402455898473
44.04999563473464
106.36088533891666
249.70591931277409
76.50634164507437
5.7844614439036945
-21.789249982146394
95.35403807376451
97.97657546113629
5.2887096919521355
-182.8659698966594
14.975257992692377
-149.5661718340507
-53.31058432532518
86.18195584087184
65.37680412791406
-6.450965801460675
38.272252567423536
63.97356194348389
48.20212305060326
40.53347896166819
-95.04282757772475
39.366433644811494
32.73735812409099
44.004752589834425
38.33285893516121
-87.7653847292595
205.24115861626706
-32.446799290344956
162.62793731218233
139.8914667000272
118.07732486245914
59.94187364183563
48.18279308652339
94.1757572315496
23.866800016142406
43.308959376008715
29.59387913763385
120.20628750747301
198.8381887217488
127.40800780831114
136.04670732465684
154.91073714580875
123.52960842847187
-39.14263278522003
63.35443104289507
-1.4914295806051996
90.16938685900823
22.177699641801155
-102.70872856877486
-1.330770015973485
49.94995106117803
32.869064103004945
11.797276839908502
-44.84037674311185
15.584573264711842
-35.420728321173556
-83.4247970080919
-23.556400653205856
39.02830495078615
-10.001447709148124
31.908877604266536
71.0670960279376
48.285775556732005
155.6563749184279
55.05847213829156
82.20803386070878
86.49313545743234
16.798966315308917
25.407861548230926
-29.454287723026034
52.15813459679606
-167.10136396131657
-3.4753072088361474
100.97367608211584
-2.1536932374942457
-342.927562062222
34.74606913920297
158.09054854860824
74.62533126216647
7.503710700259203
46.66035492273693
-546.14347788941
0.3640500674282805
23.238127085734867
14.262358469987607
-283.9884965838737
121.68858463910237
287.0302366719984
68.02534352196982
45.54976810326925
-7.543047204916018
-71.97075625134767
94.46301225697698
47.77040404611398
-14.589032019821275
7.887682860354606
-55.06083590560365
55.0142817370903
43.15731297263892
-5.4448053883499625
146.40350116502714
60.68106019149354
-173.77501120306397
28.757299733321748
70.43610814389314
92.1653852694003
157.0379577706915
-23.10884971489212
76.46021457041843
160.63423126770977
104.16591877226324
-9.469768597188704
171.6093289728342
99.3580530290659
-18.626988448889666
122.76852079296168
176.10181989911166
80.85066645209818
4.590283127087787
-38.75885666303909
131.9333165485
60.41603076765719
-38.91095231778945
6.054216667239863
22.540192781112435
97.5938232259391
118.81533101225341
20.90984163374505
-8.587328604375193
23.792952360592608
-16.1084179567017
-18.82568879818473
101.44213490350353
8.861842207853607
75.40473849987399
156.02350096873988
6.673451619751219
-28.40080907333413
70.5872073177485
7.94082029342803
20.3052768578668
-283.0205228122277
21.510323975301592
9.528352055384914
57.00681156236203
61.234904222111254
107.62345694818396
18.489616628079148
77.38531594903725
-62.53854868350027
45.06218562614232
52.70444007492398
6.432747576695419
4.81898489609296
11.625761468423889
6.633066813151169
43.605007941029726
-314.7160302113898
-194.17466585000284
5.928930580576434
-17.709275271507522
-17.208568834991254
58.722453492761815
38.64889374274677
185.69530099062786
-96.10426409474849
-111.58398486442184
-5.953730866040132
50.67156749290483
12.053037274399834
62.957709446116496
-133.62176644510146
44.13779032546017
82.26622302715987
-130.38139861368563
-10.109973001600281
-5.294710755739743
54.37318350031228
65.89294514722701
102.48553928042111
22.107823844552282
-40.481395207511866
23.873580005920502
121.0648279972554
146.5017117460552
150.7851209495252
30.166056108714418
19.690550058861845
41.94848863682617
49.37527977770309
208.60086963997264
37.96310007924362
155.30488193358815
25.56788259146996
37.91413003544495
-17.639787791394156
26.268786425488173
-35.17276140468027
53.58592549092543
29.222560561257012
9.65788084887663
20.86555063036246
180.72885953361856
20.58260367835329
-120.49046951131095
14.00871237688667
105.01022948820037
-247.55019768988677
91.4447337185793
49.55561832565393
-25.09503175365099
60.595120537200515
147.99046851767116
41.914797030141855
100.4633384865756
64.8805646341878
31.423500713352666
43.64287026096231
11.988503789229998
8.780236056347555
48.17795955488077
132.38925159505152
149.26412913826744
21.812789544533757
68.1722817293932
7.2642479566288785
-32.24951261238084
114.29421331605067
130.56959734466636
76.27036675093359
-51.695310562452384
-58.102565122531814
1.5686137674165934
78.77014249841147
29.069865952008627
7.684224477615962
14.21008813490792
42.15825488480179
174.2773701541164
61.84575775791882
130.89297690602962
-14.663894829218407
41.443946903417384
-19.308625938221212
52.069178193881726
-33.127118047242796
8.143882413281744
242.61046014013618
14.25037269089728
-10.042179702182233
-18.10230287642389
41.607931819179484
-19.849170987889185
2996.109545455486
-27.047747536705856
45.60786622232273
-9.223923928350805
-21.675324411058682
6.94054832781103
12.251943570689946
5.562232061180844
18.38835908077307
3.5769674311737667
-35.371012968187046
-152.42618411577814
49.807729629596
65.59812418107776
67.6081416996206
78.76264462791059
79.14126934677506
29.169877719921878
-58.629151166505636
27.72838767042765
59.63855727538021
186.35201046611883
23.79694055062828
-62.884465244084936
61.92325651081592
44.0258718963903
-40.53863598068938
13.400957134059354
-21.90735660150949
149.8760707879037
-7.458287234201321
7.064324697693614
9.128376543989816
-39.96659292670853
100.24660759786843
172.59685764690403
37.53826972767088
-13.584204543540464
144.1742066312413
-42.241420681981594
-187.84514892490415
-28.39793532154181
12.507974049710153
-8.092949703973773
89.93162601824213
37.04067610068773
40.642567220600085
99.4219762429691
139.67866747002063
60.78082523513774
40.39573571667313
-52.38056290006216
-49.07060543217176
43.1628694058977
54.90559600895642
-8.098605828354266
-223.3893987718884
51.62037196817704
-33.24894102056197
275.1260757813907
-17.659477977932056
89.5531835890838
-785.0633625807268
-30.828036730074018
52.087011326844674
98.21110409473204
-9.28616142898045
-88.02225721084591
204.1631766648852
0.09457508287596283
38.255293171396644
-741.2765769540101
150.70799520633045
136.93957854314817
135.565970110154
53.53229287190425
-11.073525827599497
122.02552239580109
-62.539632774914935
13.85432551333993
46.382397478096685
32.0036022556892
111.8142399024714
30.014433599482345
112.68428292809836
66.73767736988066
130.43225405799603
80.59643447210777
100.68256267473453
-19.12964684902545
24.94037742474918
199.80751802167333
-51.86243452633062
-7.6519718206382095
20.780176425023
8.313941972788825
45.90762291224462
140.71621330679682
-246.63160406532734
122.95415107392574
17.022706552233103
12.934580058010795
16.755633609590458
122.60847160690628
-36.87912864170994
2.462644305868487
49.1104017558564
-44.97969510513826
-70.42429791969153
80.15409652098651
17.61446307100158
-43.998482242001046
-0.11768389153166936
119.99600431281169
145.9310015331098
-39.16127118479062
-122.41681813716468
272.039986777404
74.66649905500844
-13.420978864304743
160.76914722324
25.6459064176006
101.09624172102667
-16.02812923414058
35.727443020449634
32.79868345271916
121.46107264455122
23.605703007746797
-8.998003557981308
16.568125621947416
144.28963297795235
19.733649518646416
59.26766736185937
-101.89737123932082
-69.6132339986325
36.40769167572679
33.18922677206392
154.1198762101194
52.398180098869034
-29.34352521792971
53.40395035080701
185.86115839766398
-28.046186164903713
-32.52931137640553
33.45422680853625
9.59700463880263
114.71887213756418
34.670523321054475
-9.285186945045211
1439.7589602643156
18.10413046124481
-23.21694115207538
-98.20580939040065
138.39965118805844
26.69717033818675
-59.99967919230494
137.4087557654293
-186.63452172688267
20.732888960790063
-95.55065328174396
4.476431605592448
53.67289133303136
9.075440473713769
84.2464351674812
-0.5161428474132057
95.03663935973077
54.84134296170515
46.740365293727336
143.82603907437533
9.245390826163884
-114.17283486112501
223.80066842817178
10.708574817513576
39.5074921621745
-88.29313235206064
-151.44162955003276
-77.55846071072392
139.69792815107485
12.706573102983873
84.17789803299354
29.89159056491812
22.297915405014326
-148.50037991652061
7.081410792503885
-250.05783779416197
7.486410382777411
155.67030247336334
64.65881346639388
94.1352582498821
30.665492471558622
-22.211158547577725
11.435637082344956
6.418511537305676
83.28274587151378
29.027837809609196
-43.22217657113754
-167.79518209410662
133.46784032887854
7.354409287367901
82.51971979388608
-191.51747930926194
73.46388742045838
153.21589524961928
33.39009258041551
-125.15967834627054
148.0553499915552
85.40421728837191
-49.913194394497886
-58.87922320765074
43.927034967940955
-100.91360584925724
18.670346973161717
22.643220211736036
-79.4405043414531
8.24253913548432
23.106515572009357
56.79985571386135
-66.74291279787758
-32.97593813014442
208.69986183086849
62.711133350102955
182.95202799670915
35.281075373737025
57.808636920394974
13.314850262339604
-68.87657423541305
34.74612264564121
-154.73552136341095
27.988906968174913
71.47369869096752
55.26134068261846
120.76625686950547
40.17468240126446
-7.050373602374556
65.45154586055605
37.668091278050966
60.84964427339227
74.24531803879432
35.779286331940625
18.45628526486288
34.58717031345486
-185.76594761260185
-170.58731225474276
56.78558903780255
5.535679153404158
-164.37028657613973
93.8813765494458
-160.46491746219226
56.487614018111856
27.277380351552893
21.87374057665056
103.66928507039245
50.023400497870085
45.64942376959676
83.96858404772365
-33.04276550253985
4.332746097269137
23.29847304768373
-55.74295623554917
-133.2032082025039
57.697614103177386
44.339366105620016
75.61472462507572
-148.42261490353894
-163.10211459246557
102.2402549029407
-38.056663221653686
-12.722079073494115
75.21998695714274
57.013612278579004
-2.579047668103434
-52.40667762987141
-171.60052748496037
19.111847664513505
-211.89258950096882
68.85581226101885
69.3735364442997
-61.205969963107236
-208.3118025069598
22.36940809652977
36.15701850159462
-5.315006911773
14.05471381848156
40.18784586893083
1.8531058744295668
72.24943644775567
127.82064537582255
78.92051293770692
177.43241839902885
-549.4090117990215
-32.215456101875205
143.65808396591956
43.99549298879101
46.0879775590053
-362.1381499769959
-64.00513625994972
21.94473508124827
-7.224494642022819
11.768573483831403
-3.730822798113614
-374.51938012989064
44.5450663444642
-285.75553764112374
36.83569172435975
30.598709754810834
17.432704807943992
4.695709900723443
167.30189068017899
167.97295456457414
-26.24504905356
-3.768815628317687
63.219218236146205
10.778953960773833
-43.32645219058895
9.831208455392254
-37.392467617755266
44.961538022715814
46.59418400598153
46.58090754659263
-42.67331897771558
171.18037223452188
-63.60458586225286
78.35287928205844
-2.533242925992799
41.688228230954984
-105.45110837808387
-163.75762256788767
246.78247848469846
59.18123399099886
69.52490633557272
15.756106841790825
185.10907649929686
34.31077684673426
4.090583584034639
-1.227557642306003
32.673265763982045
132.13955491825072
48.47981064920532
45.759450255888254
51.06054663283794
-91.32625433094927
-16.541128171237396
131.2819784385497
2.0567872315507714
16.86706581911302
83.2479115379374
40.50777710063403
36.42140996644406
-0.31178712313221646
11.659383797145779
-208.54498755080112
156.35455723094492
-40.53956144217632
94.21464665319559
36.15536791346142
49.670659880315725
-8.411486586124283
166.9738446060851
-24.37523115446902
28.100246184335674
-297.0008381468424
4.916409123504309
25.073085843822206
-3.464484036908848
6.264475350564143
-11.142260091289948
16.817052743368407
37.27373341589122
158.9260629366429
21.94349752685943
12.1773363632459
-125.87725489843342
34.71195242002568
-72.47985371849973
31.852438885017495
24.899235831918077
203.29577668533557
42.106761397887
55.16611076188934
-201.47325297402494
16.84251381857992
9.452220351146934
67.3349615063795
-37.78927707168705
129.79763867449765
-19.74828701777607
-223.00568340179598
97.08839519260982
-5.371199891939341
-0.8241214329111743
110.69710453272683
-11.416072658878505
-10.592799785483384
24.695330090877288
-126.72594203572316
63.11441846522383
-148.70480856633912
-253.03972222643642
179.87463767926647
4.719546630925834
69.49529965298689
-24.77199675926113
-151.11827527151218
-2.784771240807686
28.38421150992326
-39.83293820503832
54.62547418956501
49.725012285983574
2.283224992710248
44.14793549215068
41.81222941959015
32.431265420323896
-33.937721762020374
-21.60526707123654
69.88297966031686
33.48917247922634
70.61311479174498
41.99999528664807
42.2414611683962
21.419540817599465
136.68636993269592
35.432842249452676
13.608903218008095
59.73153814846091
120.66103288328486
18.995681080504244
-56.69835616539119
60.22272943475127
42.92491766344074
28.34154844420614
101.0083102150179
31.96503419401265
92.52798619854639
-1.5074591684185918
8.92867086551191
60.53067952761762
16.20532253060128
23.90998068807496
-5.081571528879067
31.402680543479576
66.53419810576383
11.887767743280254
31.68435632906431
53.048002867063
-5.923505932437365
82.17882578456937
21.826681301548945
-2.5247945803441514
-43.69771394152849
-110.117743993781
141.0250096747627
60.62705412715991
-24.533493417802674
4.672336256948027
23.05295713053681
-120.3778311498927
20.42267139902424
1.3445288519719725
77.07020914285977
98.63773517802042
4.031232068634381
-0.9199076094337215
-64.32716739558873
-165.3514323115387
20.605529615354044
12.136855920431545
-1.0252432989153704
-99.97911384848112
-5.650490602381069
16.19072041078465
-153.5539914912997
50.12284864330559
47.889177537030264
52.548727710859026
3.948837662622406
22.84884002815308
-82.9591208271413
3.3278709153079133
15.617944049378735
-6.920116004549072
12.098443220301306
92.39570676538096
49.98046023736689
4.857815057536349
14.006985873621865
71.36781554750769
12.99973227075321
206.7976932024103
-378.17658219537316
84.8118174806641
-38.8982730678844
57.166654362524014
55.30973034600129
24.579425378524775
203.42326887370336
-34.32664093529684
-22.117853999188355
-50.37648565753149
35.152437617093
86.37059276261789
70.63479854631112
123.66274394403297
-1041.658918812174
37.934991163319125
23.99441802708091
25.92488745205387
89.52054160841772
63.30906071681284
-142.20170720543865
-10.276243598965806
108.27086317583917
-30.28430316175036
46.642488185893406
-21.137264251147446
-35.59748416264392
17.631991855221713
301.9532638542364
-239.70451447546475
136.57363047709805
-197.44488429625198
67.43273682162541
83.86642807256703
-70.3948823412752
176.74065002514726
32.23607904553046
18.2890811547436
-258.22117990627703
1.2694159314436713
8.708030383306323
-22.315439378263395
-317.61902338898807
-19.120177371039517
-32.617565113717696
111.6967944507337
48.95683244220689
15.73197505438111
37.24092758132036
14.215401728803272
43.79492058842082
92.26627746499798
-88.4773550414035
59.052115217453775
147.4850725714873
-4.2251718575927795
-9.724489482323145
8.873460405813345
52.15650250949767
69.36901761211928
11.951483159055954
135.09380806543686
30.035953437772353
-1.6103866445400854
26.925374671088857
-767.7753742560275
-4.884247937639234
-15.380329886796517
146.1431275256964
8.884437163217838
95.91045241918698
7.206345212357673
10.156057362681192
65.13782460385073
155.0222472696505
-24.58856726366832
135.05273580497374
66.23275058987883
70.08587214350018
-21.913563568652943
-131.74061911016088
91.33557773580287
21.533750881361357
41.68118182142294
139.24406742878
256.83545462546226
22.097221265299993
149.86370504199067
133.80322770715338
26.647169940687363
21.45727836410682
7.350218417785779
15.406791242856357
31.408260031920356
68.70290716831585
-18.430680994161403
41.94346769877211
45.21304389231536
196.78198973035842
156.27527526077893
77.30196567102712
28.302510598109393
-62.95989862008355
25.851405124982104
45.68961526685871
-31.7773712277467
127.38517113073203
-44.17561505969388
43.12003906266773
19.89788275230876
-43.987480223241164
-66.79836455263921
96.6277828866655
23.422501344403415
-42.46720845024538
1.2454579914932422
31.798351885249044
-77.81694269645965
-108.14374865073296
32.07156185653682
3.558067544180366
110.14135313221527
58.97281484686584
87.99101409898594
8.681642327574394
167.92340436197765
70.69956703008995
-16.171804399516077
52.62983752077034
-37.36924555498234
7.102705492547394
59.95704814274973
-99.32633839684354
147.78137293345253
43.42679573485702
70.097035466526
18.135390211715958
97.11620788103335
10.288607246420824
1.6889950509195992
-20.00706409191152
13.640266364014376
-25.05188799711836
49.315922729113026
103.09503691507598
22.412502757012135
-41.93757059431664
58.60177933885281
142.1152118728087
-119.53756882102562
-77.13512722382166
10.549518730965389
30.49380052385589
142.9306544115425
28.16735805838081
84.22728177605848
32.15522504785582
270.0089174212917
41.78130059761419
13.918308583117078
59.01523942319591
5.835308016805618
-22.693902683814716
48.30306748066815
125.10747607312146
79.80070409633481
-271.8793294107483
8.968284557663418
-7.186674137424624
169.9047393515857
105.01904438600855
-54.49792519598168
-67.2071825277153
28.7398669784118
-91.88639409104235
7.962199220065902
16.839891595432334
-12.269064573069016
67.61082411192865
5.957832891752578
-4.243916174219627
51.46331990485512
60.06690943147396
94.41504003611334
174.27486099857924
130.56402635259633
15.716600290217317
75.5884328189768
109.11196767213653
176.17667230033203
-8.027897095194122
62.4100310180244
112.13163697219215
-0.22596438040864086
-127.06727445332217
14.636661508708865
19.742463281901532
171.3512912467295
1.1800262077068895
83.03769610044566
116.31770457749508
10.554839474408514
30.0749903566531
77.70918773201652
3.0601316199496016
6.988360325587845
16.275919521140395
153.6472319804725
76.27507464194184
42.19662594925397
146.20218562492755
-10.860452750119748
42.91550945532299
-1.7962071145181442
42.05502635246603
60.90922721694051
40.78415795393866
-4.633491714174185
96.77821283040157
-50.56004388869633
74.54312569897081
106.19010848381618
126.36478273394141
-26.56052634078591
265.09138450837554
-10.0432281944256
48.58866405550884
-32.00624689205188
-262.422005021951
98.36450140132501
-54.903052682689236
77.64208537791518
83.64122229521797
22.775667179915445
63.00907521548311
51.74589274682694
-4.58466084852671
80.29431332139552
169.43507591421076
-4.626680857322754
78.51811671629298
5.161296319844796
51.29109912591866
91.17480045982074
-247.18852443255082
28.385193105686994
174.85693065896749
-372.9738897524885
-40.40344131508709
95.15374416272289
-161.75015652307593
18.618698248974184
-185.1968936132007
56.922569410515734
30.726309825542558
-15.636775470929486
73.66256313712952
-70.44818165992572
-6.5152343007994205
74.57040753480317
2.18194356831909
152.17693892343596
-1.0581127195316782
-60.62878171876346
42.4111546871095
44.71554903538248
30.788251392077196
-92.56279076717874
-91.41353748163056
26.622425577480293
66.77005793195775
69.11945488841275
-27.580392682151796
26.111214116833942
146.26683746107346
78.09055522306448
100.29526930600059
81.9713802542343
23.341274218295894
7.298239285863929
12.483274670230003
3.2522457059090923
-3.2347201239249443
-10.291520984385334
49.94555643229819
-448.5698463406722
-5.659702448642236
17.5435650127215
-165.69521709249875
59.633161157647464
187.5689574325911
-14.697399018046463
84.14276489490288
35.56723854214355
61.49905276167647
16.495872180829792
101.61478193926087
187.35691730919007
64.84754890761326
41.083551617830835
48.89128016214909
-15.56075514403457
-14.44667234773624
40.09789246432092
24.061559663911794
-162.07564907569395
15.301961322672469
52.08004839250254
-15.508523321966932
55.96365991445879
226.9786029507177
52.29291219715208
10.674728180591341
42.5571985776294
-19.033705358113366
57.23232399285645
27.274145695490574
-8.1031138323483
249.552274847867
53.18073937919539
45.663301730221974
0.5924034146945149
-6.425284905564412
43.17251015955026
-18.928037814777657
-176.89727749526173
6.653178310528684
34.51952341883378
-12.771357782572977
-42.8051580104775
-62.218900254873006
95.59313218586567
30.019613804567996
152.7237342889166
11.076675981641161
-49.7597247421686
40.10913033636672
-8.059621251229482
37.7569525054885
178.76176238520884
3.1905215425864677
46.98353085521009
118.9129813788636
19.28964438844697
185.2464663388871
-18.800938565919797
12.539013708485255
-41.778233198429746
-421.57594358884086
84.18582931434958
98.82007502775514
18.374849734388135
108.02368629667444
-53.35241106304693
-64.355803496715
98.2843617716394
240.42661247795968
195.00899682650356
54.54561742865445
111.59018574849597
45.279121265512686
15.686646776100702
-4.5610986435359075
-178.34671033315135
-21.520643497450614
84.20395300103405
-11.537962505758198
-4.198516059853318
-10.759197622381144
67.35610367863319
29.891102181960832
154.63301433763309
70.1863534302895
126.59470203451406
70.86471521345021
-178.44329953834767
61.061777556772114
18.434643522260558
-24.883054363752017
28.378281887131102
-37.18977934260191
184.6095044349995
17.596699154644007
2.3271965343677845
88.78835993229814
-389.6614064787509
55.43119027317516
64.92782038479714
-118.39723572759067
102.39114080381933
22.90292256259692
41.66773057866445
40.33941174088062
11.31761497778598
59.727014731243855
-13.759200847108925
131.3176086215924
-41.9198459040108
85.91009578040342
-71.62484077087629
78.39023755491962
27.704695224890038
125.02448170773869
46.01704860245675
-23.249881806057576
91.58886647914471
34.36375968857222
-61.70134233794087
32.28236751964286
-108.61176771110331
14.812764319958617
-462.7974598114874
70.3939331927183
132.17722059469634
-18.03672320754813
110.81624602770898
49.414031646052536
67.32887025792479
55.45759000531501
46.00743159669578
20.38810806116855
14.841908619737211
2.8419780352442103
-135.79250734900825
-7.405771011945201
-71.96693037435534
25.626501389470054
49.29059980667262
50.94297498815341
69.78752950960461
-5.604237105607467
7.00934005003819
38.838882826405616
4.795973216869115
35.618966112053954
-1.103086284496385
103.24331779904219
-35.60869904707124
-28.743436166696828
-3.333027477938169
81.29494806749813
14.226198706904995
-1.2517661301648566
10.213541696747019
19.879036242140387
1.6103563999909056
49.60389235701453
-10.760932361696696
24.57264360009469
77.936142181994
3.677656074390991
91.46690639687381
26.027910162677603
20.813145894727768
5.419836553773734
104.50953941528178
37.55432603500767
55.88428780290644
38.48270057623449
130.6413233330793
-8.006856038573005
13.066105012818298
39.63733390053961
79.55944636591977
-157.75844864106875
-14.666307020931374
14.153119587213778
68.1008906076263
109.20713212672354
42.920876006453355
-55.959957074654994
29.555704819172206
47.816219354011054
69.73439570692881
-78.48266775833054
-19.920971957142683
22.51153536774439
7.505873741970583
168.9792338994789
31.084034245972475
4.13143387601469
18.592772221419636
-42.68114596523765
16.52436343616127
100.88796066768941
-30.93378719322027
-29.460530021633616
97.99039676007351
-50.69082782323176
49.65099451667422
76.87813249291139
66.29249885499226
-23.25727178828786
126.96638497277854
-62.22581934126811
95.64111668810813
-12.165867532265779
28.963630844124395
-43.94409578714021
50.0920636366662
99.49418741104546
-187.67679674605733
35.049408603963855
-72.01693817210344
27.929433683813162
-100.11052521647161
-323.1628052218566
-53.61494786067806
30.094714592926607
44.82884573849594
66.18745927066684
-114.66971376324409
61.76565587482614
31.888634744035357
-15.284916743789026
-27.053078269784237
127.88638460832681
18.949104087237124
-19.930990873074734
17.828266288154346
-25.59873025977049
-152.24198098743273
-17.79077149251495
78.62740393206286
172.7617474348965
-115.14410167025638
-75.80788890367512
41.6911057352977
97.38485641960114
-3.9185254004123635
4.906115425358621
111.17714472500211
-14.999821353694756
190.54256585037638
83.94752780369504
73.46544697240915
36.410490786867825
130.86717805783337
9.153767281108912
2.0250108557627673
16.74608508837953
83.08776559170451
47.53035803006479
151.95515146395337
-15.182121996705442
2.639830601948353
21.551410579381656
-91.57271031558727
30.99613644113556
297.8919056541572
63.07701647149011
21.806448146569373
23.04067717026873
36.488378994660884
97.09660977645035
80.65746300053365
155.52054909268054
65.91435856729512
24.62178764149226
20.59086218152885
265.02129247301036
-148.683414236707
-128.81811447835798
48.131024809147334
45.74605975606772
-15.862917401838445
196.47873131256983
-13.049795521386038
68.2864795993257
93.16014160109671
22.252579569661066
144.03751858969758
23.61759099480514
-102.82850678633031
237.33952461072022
67.7294358614572
85.81059704608424
34.50898306582849
25.022297537606846
13.56866072721332
106.10056803695238
67.42019616476864
97.21545822644202
138.6527632779621
30.408241196163548
191.0186274281059
-53.122368070339256
139.67310013037695
99.9800762853447
135.65913473265027
24.278788508134213
2.737751152962119
-40.83838875987481
143.95702003005613
6.77257731818645
29.148155987178143
102.61171747227854
13.310291213591334
42.36582313343326
86.15423031372552
24.74873516466678
-43.53017131546221
56.31540663751275
12.35706830521939
14.239242525293134
-205.1325084551595
150.8819107283657
-51.71260376979575
132.16758895821386
196.1610721208549
-101.72437386612273
78.33483382015675
108.61986307328016
-14.484978351477423
-24.636128408591393
10.797026760706014
-4.0353745277384405
129.36884490476314
96.12922403389052
19.43935122671519
2.2909343352075666
-40.49839899333983
-99.46031248615355
17.394655289893763
-141.53532033933698
139.7132332883457
80.98922623039925
84.58438195011058
246.09525460982331
-60.443664439500935
132.26470522744444
40.84739257135243
83.4911995967617
-30.926311670236373
-29.18345652075853
122.28798547414226
37.21000344692902
-21.378051460945784
144.49729240767374
75.14532465135574
136.97017308627755
-129.5158335402657
20.21952864645573
-298.1727506113184
10.49367331857411
-137.41506350616498
139.92159670704746
98.63194299055263
-56.8901018544957
-46.75742387089758
-145.7441634302708
15.901500783942538
2.2402684226956824
-60.41695370601565
25.243812885781942
-29.734672506304378
65.21743569207194
57.50049032828019
-2.3103295676525746
-18.74260150626679
79.80507985644533
-58.27413849455297
11.090004784597637
90.1608272774863
91.31820246104371
-282.1375171189393
26.30450637404445
19.00080562162111
18.043872622521576
39.18990396959529
20.67789312624424
14.277486213125819
1.1167062813774464
54.283793443350284
167.34278311361368
74.58076796103387
40.75341462774122
149.4982948609686
71.91673234548736
50.72791609742191
-186.1779186936351
8.653894184843011
-7.989325271480758
19.578743346478404
-36.65754833813291
-120.96333418474296
13.704365549730937
-85.47468600089496
-63.892356106188515
57.27301912580202
72.62728546617745
9.404189869549503
-107.23410377283926
166.74749901730866
59.34817030270623
67.04379557910366
16.373412900804784
134.14934583970148
31.15930095249475
47.11039320798854
64.97248283792919
34.090129776917344
18.794064568589874
25.02300997222592
78.44994017985132
190.96311411891043
-19.718072707930208
104.22091822472157
-16.651301843506644
5.025211425505684
-77.0830617236652
-293.1562720925731
34.51552535131532
-33.16470454225055
175.4018773771204
71.8251096019813
159.6438959650618
9.949228987362332
21.013192311252624
8.025699262409034
69.65355291283572
-40.49202161548713
161.37614332956628
84.9343559740189
126.845037153269
-31.809524405989123
21.075760037449832
19.267817549225583
24.027495156203713
49.96411932292071
24.146167116373817
34.11323659660593
-16.31715515316828
26.886712167744786
-8.33528094501769
23.541956253829024
-99.75626121269943
87.88999599425836
-60.75293229641102
-54.07537656365548
-15.795925415192826
94.16736734033839
18.529741570811616
10.965425439804676
2.9118942146948124
-23.253089255597274
76.99361217429598
52.46594861459454
115.39759599571016
56.682191482144475
79.75792540932213
70.0798173098886
106.83015170503404
35.14225607963135
27.08587278833967
100.51534556279626
122.773890857261
-52.76908109041983
67.62317864557713
72.90533378053715
138.80808478546442
1.0567222648583083
-122.03424153966898
124.67360787394409
26.185415937805374
-33.60159044765078
59.33712144197134
19.954780562122306
76.46247817931703
-3.3598326389503916
16.494612626841917
277.3966275543753
140.46624291633316
-18.784350114594417
126.10498527822881
24.104687294707546
37.78565528788022
21.674924185742725
48.09534237039327
77.81343025257851
93.97680564973132
-42.587683715751155
-203.5171213526064
147.47031593361976
12.727271476959817
103.62097811742558
30.245115817317014
-197.41250392331494
-7.701824613326835
206.3117013029496
-35.43354597430698
134.72202809378177
2.462989723458266
-46.39074804546135
193.552648884086
26.195177455323957
-227.59053386049436
59.383906401839795
33.73542443025087
73.70745517208064
30.378706062449623
-121.16810206947821
121.98519730951466
241.5045643029557
-96.53628840075726
108.49477413053205
-16.23313761877146
-8.395318601617873
-29.552300474730146
-9.66324497550464
18.197631859778554
-305.65473121015424
-20.298709451741793
65.01620855425688
49.62507364196472
30.301881580823412
-23.71243872163615
12.49836432590414
-9.614980394063997
13.038391577350467
62.94249744947001
91.69442665943924
-229.64602222184203
-41.256967604357634
53.53526120952522
33.77896955268332
51.042098801557415
6.8337095650899755
155.1373976405721
-35.25159927895038
-25.5060958799987
-14.097676044301327
14.658353746638433
86.68797639925924
-106.4864709619601
1.1692033965778137
49.03529004404845
-12.844400681694603
18.483394312462146
140.2737208721453
24.152509123331516
-66.41767959023582
20.152533843372566
36.67299092394009
34.31028523441378
2.7022207659916546
70.52135191686853
-41.78912003755613
101.5897365907939
86.7732868215187
107.59046680520441
-41.78154860721634
57.76045304352385
95.81255580654943
80.23721500828424
51.1273619928139
-72.69479554320515
-100.5396609265611
-246.18475692370612
16.154287994542756
-70.71359718120902
6.358749773802234
27.11456653813265
194.18121004456498
-50.30881919649664
-28.28798533234294
42.91489673763516
14.938631678515813
42.68999315877409
74.43096631578828
131.6557262110564
64.339706334722
120.74785302386738
84.38110425163791
17.423991762254445
29.113462456332343
60.53491303467236
-80.38821603810447
15.731434723351413
109.56531862889642
94.10513632543234
-98.79905304874137
-206.76461921539658
-7.295257699543072
1.0224834067692299
22.653406036453276
15.861570365786065
25.48416551578217
29.642188255710362
20.376646210468035
20.656693849478202
49.36074344054896
54.47954445170899
31.633245024693906
29.639181858305164
52.82659870811153
-40.71926698706284
6.826511770108677
177.05553450329262
18.51957058989062
-23.105633566038023
109.7790046486881
63.058057070291056
9.986508950046286
102.29909644365034
165.34096509521396
1.4437132747755186
-184.7166487575778
3.7079799235747197
-147.98578920133832
45.54792103903253
124.66401479825981
3.3800589862048582
47.909893891681605
97.73009589743879
-79.35411603523335
193.8608796907033
-99.85388059755097
-44.473255386181336
82.9226965188974
-14.788726685648726
39.96346832220024
59.517892569398555
-106.13405939958693
-20.221551517250646
118.16376313596584
202.32220518285885
52.7059990678149
128.4662872085778
23.395398836695875
66.47997513488826
171.72220716325137
140.15077780255433
64.19977064646446
159.0427842177496
154.54335098966362
2.9823372432308926
13.853536324128982
19.064614687309074
-17.515221335240795
44.05002705812577
82.01278823881192
5.554272848273852
11.55302986798479
52.1078214136237
48.60726869484542
-152.45741859922373
-20.51770318825188
48.38206218976342
-245.57083224354574
37.29384119422548
32.86220648102744
49.87882251338999
77.49000314222582
-268.53796191172796
-118.55233259788656
136.7911405619734
-1.6538075278613762
17.398368002914665
31.935339496407728
-91.32443846476053
12.036051406311723
-11.987393953864284
-529.3186202103553
31.947582936253752
159.53469993503586
25.782934261073933
124.38754285878622
132.61910213643796
-429.93465275756876
-159.51461571000027
21.031388833972613
-34.44306201793097
58.785051120037224
92.39490112273461
110.25127064954359
66.41380955221246
3.241779165354832
87.85603093293548
63.61766509485312
22.853078848810416
-93.58700974020121
41.43780361766429
60.28862560923835
69.1149812785111
52.22515617552672
-119.1902949498699
160.8502112274491
27.795911973853336
50.059721447263655
-106.99409530026878
48.66027385833377
-38.895322162330366
67.472366536952
63.9308108657367
29.279450144030513
131.5663624080953
11.027589082924543
-8.029000169836763
35.07750103577655
-19.443267772393686
-136.49461317178339
142.21787830625158
98.99012096811782
-4.650888905440752
129.4956606687133
109.8302453045726
142.29002592945494
59.66123999117485
-50.51259072754647
11.76068512161607
32.08038815945554
114.54295358037643
29.710486688416147
19.07332872007902
70.05576420688976
12.653609700813377
14.696028577301249
-7.924125529752169
124.91357584967454
110.60958814590253
-183.42916765650125
52.53361065801346
-15.397850902663206
-30.20882769241007
16.03667783589716
8.731239531136453
-1563.2002886191694
46.08437711990882
119.20353663007268
76.3089971352274
90.78044222228664
-8.99078134493847
59.59597562913276
4.978948925207079
87.34873299401454
192.610973941687
31.440026945775326
-4.499225744027439
49.56828611834703
79.7644213961272
18.67549320387343
-180.15723175200037
58.22872326680687
-135.34742258291135
111.8906585017794
27.50691472135264
273.8731578864772
63.53409401832607
-6.781682062385926
25.749486264046475
-337.1825493042097
-43.57694682254055
-6.563023754009886
83.34723453102379
17.143795614583006
69.98882884320375
137.73957449089903
29.005067001415195
48.55526155467595
-63.91242496237737
21.56948476018603
38.50284041938036
-95.32758007437951
51.830246541818454
145.29267650044858
91.2207864664033
19.65083937033737
-291.0815406008496
91.09467247241577
12.101969916429887
-9.875592179690603
109.70043463923207
14.352473995996661
99.05406324298428
-14.816324961813734
22.33284646841139
-98.73234288512504
46.82159548920686
65.06239918121989
-134.05149255858802
26.54755731090404
13.01707378701888
47.374373540186234
91.57658012714069
103.55983498085061
75.24293571044564
19.55863852698522
63.770831040023495
15.355651257438158
-18.476753167263723
-60.063252362836465
83.66625322134587
77.79021177721597
81.09043860890625
-103.76858883267823
60.08614193157558
16.121785587845352
74.53997589671644
123.49100964675699
106.4835341934945
89.89356086940592
17.46663231416605
41.649348394001144
24.62304150941408
99.78311576926058
51.883863710346645
-75.51121869531573
66.20354696088873
-16.582938884157556
70.74150389218403
-6.245454685697742
9.02056672173616
-20.195431878020553
160.77029811822013
40.64464169940942
132.15847540200548
-34.8850626522696
97.26715424908434
33.57417855994993
78.50589494915766
148.6506227810496
12.209903792712051
30.398634688048734
29.485615483925837
169.2566678071762
73.47309850405316
6.336225523095436
17.66721886861842
-15.8889579380151
23.793233326543444
-93.62545235077096
159.79778888450437
43.42712705352112
53.86163170626014
-101.36369596035138
-7.981642284773443
4.357542183668843
20.706232906133664
23.15744564415627
-92.20450749220254
24.153416943558998
118.72963263336942
-30.990175051898404
131.9573214604152
23.219487075349463
83.54494478755439
66.26546336182491
83.18669139622108
29.489979342683974
43.6518339045395
38.06425433139543
98.71059020759526
-14.916698435653444
87.7158469489359
-248.80092461087497
328.36546332084436
76.78070228538536
-5.74206227208907
31.09028887239765
217.65136356656876
86.59246541315906
128.196871070631
-296.42037484032426
-91.50546745125212
-117.17742920745513
85.7027408160834
-34.65294666971113
-73.04102525331518
-18.382943020397448
-315.98613653334525
112.56108701951143
34.54840567407496
-2.789279711596464
26.657237317444924
21.12374825193133
-26.61658714510213
64.58950876423818
53.080418164445746
37.11080258203992
31.330635752566728
33.45121110354194
-84.98815346302126
2.5938184242025564
28.490695363770055
-39.186810597903786
-15.174837869404982
159.89064075124224
6.73995325082285
89.22483216166347
62.38439431719457
-165.0229508121456
53.45283600319551
-5.649793003879872
-13.593866750298282
97.22064608170149
-33.80220715315924
18.162497310956983
33.02330211832259
63.6111280120237
-31.1619821689457
36.7068831655505
10.91676185342959
29.540916151820966
67.57875029795241
140.04604298070308
282.04876102829894
63.94705763863476
12.704973159572091
95.83599460611094
24.673443154318033
57.35690793487649
40.9737188051045
92.69809055938867
157.85540494382758
80.8977495164072
53.96849475686042
17.078136876770305
-8.704027300037595
-37.78396980808975
58.74343940412888
8.707653425722421
-198.10060333484216
72.70725218177859
178.30480088409467
-134.61553476456356
-84.72106509788046
20.068731907296282
196.79376084843489
52.583995340355614
-11.684082679401854
84.56111372591613
-72.3960128366275
75.1155485008998
52.150901332405056
-7.795315038863464
-20.675067931602424
20.733324782397546
-104.15134812562292
-5.8224280204169645
36.65393803767818
37.82789279823205
21.64833739510891
27.621407033987797
-230.76066780260135
37.589455218654706
-36.33082970738087
240.91640531270332
56.35884865222806
131.6193306386017
12.075796587619987
105.89036805141814
27.37755600696238
130.4818443027359
5.837127640699951
53.521079784303865
6.67926191535581
-33.04059665913667
-47.41955932642577
129.06679437478113
-12.12933402784801
36.37579687672916
202.1862874439512
26.679662817756252
-93.16132639926627
-215.8368396665137
-49.12307988035536
91.42649343622969
-30.71533878076889
50.264410497366555
126.47282545983512
8.085646512798695
15.607306769176045
-23.437974690018564
29.772349212788093
47.584539905580186
55.01160524903571
60.765157387474574
-45.407862442803435
-105.38895754123678
192.26396126205555
33.97419750384961
27.620187336617533
10.19633952293134
64.07939623132825
-52.05785243081368
96.20854158522934
-15.341871019234418
-158.73380932810505
134.59048631387532
-53.06597769012345
-184.49460924350524
-9.09527163795974
157.89593441204534
-0.0278604283013143
-723.8570780248447
16.88127885943777
-4.377179287745473
-740.9742568210605
163.62927136663757
-9.950768715922509
-14.825506540364842
-44.95458340217
236.3132621478012
44.100970253654495
100.31240166946691
31.584911421423158
8.353831199769399
-1.8630439474984541
13.93892085837307
-16.23973643993122
22.00527483106706
27.771215263478084
-40.109538251955655
-12.019404956955192
22.419046597088254
6.113838627068617
117.12780959655265
147.5543749561166
-0.8846876502585088
-197.59446143598234
115.8448336930469
66.24125244505649
146.02279745514397
-23.037042667947844
19.717626368066316
136.43017964809042
289.2015157580272
106.69357366571717
27.460926423352248
51.49526991912552
-23.0953976618562
-122.30881194884432
-28.551468835162154
19.367674949280783
9.862581030848236
-219.33171135853627
67.85585617013774
-33.54600450424974
-104.11151840671482
33.24457128486483
13.140449701374209
42.0568154858779
27.355527370856286
-32.70635328891058
97.57246381705863
-6.399937936851332
23.324364382475018
-144.84954169209595
8.99010303057383
39.875529083426414
-47.04300887616716
55.394370304074016
-0.07043576979140198
19.544214191554733
-86.88841944001842
35.529348913338254
3.953936193216321
167.6005169083046
-72.77340793438098
-10.174275796097838
-74.8893080165435
74.6288182367581
57.73348156802398
39.82420941607597
-75.34825057961825
19.190311449068712
29.016961442756383
-12.315865238065726
183.85511657441157
88.61818838081422
99.79974557340256
-43.97984502924692
42.919306663274746
-131.90183981614473
11.214187313077453
71.59524961260956
28.93390761351459
57.818741455784966
39.151072685596255
-90.38107382628398
63.41783392777026
-6.338482494913933
-31.462739231193915
0.8346271253425996
25.387381210893977
-112.32756144363508
42.38627061456038
-76.29308379194754
5.9941966748920095
13.815192521694826
-28.855963574698762
20.57234438308284
-240.48725229301272
-38.216279771972495
12.354508022824032
31.464798082080858
87.49223635811879
-22.734672311967604
47.095448463379604
-195.7280527894991
73.14589043907381
33.34414157483525
-23.04488608904512
-44.40624483862162
93.55411028333651
-9.678375603153654
85.69879625577641
30.334937414756016
84.24044486093112
-2.893054030190285
99.31623563600715
32.8910296719866
40.72916583706393
5.63712652995116
-11.166528551801548
-11.736103103640787
68.34848778049468
100.61708329835164
-1.5703345563921478
-2.5749216496708245
-8.291468992688994
113.10655643937037
-56.68074373021636
-8.664375795444357
15.339058650527022
9.634626309571784
18.908895945970016
-103.9275257470299
-3.603538406234293
12.062571296469487
15.966496742450804
21.46334324887828
-19.17220463533376
5.566464067191332
73.7496562802121
-33.49874799669578
1.9940547478377084
-66.82469445088464
-59.02580473012239
21.65944105580911
-150.4592164633932
33.06825549196128
5.622183799573122
-11.344679734848114
54.37035923657285
38.72713764548968
222.91504109449215
98.96446362704472
80.27740663975067
-29.1556683580975
15.661780083184198
15.976558273336831
110.1800305773836
-37.34189842889718
66.06089242153644
103.64004240963322
48.46653101540214
-10.009335587966442
-12.78387546825583
-2.415548679461153
65.51249998652293
38.561282633441806
16.30290702035276
39.212384988309836
60.19643730948273
-43.46016871379652
27.9535278204157
23.292280438512222
69.17139875851126
77.17240346983863
80.7483206217808
-25.99575065740646
321.0010825120785
-93.88124894584143
48.94635201838264
21.254792501342763
14.996820207163182
24.433169025984853
17.815466110895613
78.02346146854461
9.28629852196878
77.59131635119297
37.33766995767246
-156.12583434631915
16.231020147726213
23.727053592966485
16.622295501786752
70.83203521005296
29.915888891364034
-16.797639306146113
70.92403111184353
80.31822928811368
177.11092461450016
122.84529415969064
11.777529188336985
-61.99041778558194
127.7390874632722
91.29577906912641
-54.611073965023024
75.53281729932638
70.57719412982897
1.4464466824656483
-63.40011565927898
42.447433501375144
181.62038388738847
-38.20714702574924
25.222167341149223
25.06422296653878
22.781668829157752
108.20058135802219
79.71769099411733
-36.31048750008085
43.3586840239212
78.9342411393709
82.02289454887159
-64.47696807080501
55.48232582111871
-28.315534766356592
3.6637856905743433
133.34117732229743
45.28822771714871
176.05097420409584
92.92593235787581
66.41399588975057
199.43727314336775
38.80049024036671
130.93308293777727
18.035306395997633
1.470384052968628
-56.93248838947615
65.05149586949088
8.105895704917943
79.58628880429922
94.26719755896193
60.06953228760767
-10.46707311253249
216.30929246104915
20.238429710410145
-8.929457190719983
80.36466780643867
76.66733461161786
141.55768823338053
117.35005849615436
55.67641241641985
36.40220899030397
75.0946505230998
50.16720296384574
79.56952558950024
36.200398342193765
118.35864731531319
56.55557320342359
15.535309173684867
-3.2354054494953743
36.90878980181151
43.17932048790249
63.860790003484304
190.58656704741043
65.65406725902903
66.02830408721601
-120.19000707157966
24.760947115137697
102.91524551918064
-339.641285462636
181.21181328546618
41.833308196079315
3.3482058707044393
2.232124233511734
37.14970377801707
107.03542720219264
10.777034249538708
50.71465315562136
14.727442067267411
20.39236467569588
3.792373208822198
-177.06182226113424
-19.144918216739597
55.77761051317293
76.52416607377486
61.54988789376034
-16.47522449428368
22.857673788124544
135.1228460447319
7.3731736997356165
86.62497192749788
149.60899318417387
54.28591341252104
131.4313537264461
6.687171256355752
1.4188007622301058
56.711058802759
62.93267895274221
12.958634883517345
64.72120116363936
-865.9920443845718
224.7524370257679
40.03954900421235
52.490734798027
147.09575487095344
72.34957258504983
62.53872545617833
-10.55481476084151
-111.38617893805167
-954.920802732508
24.340099186797616
-471.86750771177793
75.7981019086123
-80.84421203743341
18.902216391349963
55.168374854745934
117.49543562417466
-106.42374580147464
43.45731118466682
62.45657304243204
-38.70469907752551
-103.15270769951076
9.56518975767085
47.09420115618855
-8.954307822870103
-37.91785219491203
35.64815434798538
1.8721128783153924
77.22934491922251
61.858877571618905
-98.68497906463381
24.145557794316858
21.53501823469834
-8.859714619871681
-24.886594000798652
25.417334336207244
11.592646964363817
55.959816679297205
89.46231012139606
116.10292406238318
66.15557087383864
52.89556223629657
72.84006796559152
42.55918086465255
3.7881540523017065
-5.293403436670622
12.58446227506738
14.540398348761874
100.273444010106
94.74417300886898
59.86266991483806
66.16325814243669
-178.75682355975187
-554.8994491905684
-108.56278391205615
48.61246931958476
115.98819330894457
-137.2970321042203
133.20559524997316
29.75599297809726
-8.02145439769962
16.304672473388397
116.03715996062647
8.704470930938516
78.99319576674552
41.81772382248905
47.5904516856167
21.088982201445106
19.086102158437285
37.851346833043465
238.21154563539494
67.35414636285878
-18.011905366128328
-9.81001067113661
48.61242653619138
-87.30562133219792
85.55278333645424
58.336823076378096
50.548911006371554
205.79776251803833
0.38818730447468397
90.56130275172927
31.686014385270855
-38.902741526385284
59.57819854888467
-60.27542225292336
46.98477115921594
100.41823122966639
-8.830629789992953
43.78033782577018
50.334397496021666
-11.188445727420913
-46.29073931975245
21.57769422393697
138.60216013648528
65.1900164231734
102.49233800006641
59.06166522457943
53.71529766702268
130.3296433843143
5.600584061004156
71.37623700371614
41.43614918616595
-115.23779077336621
-118.83151754650225
-58.18340212057319
36.20909253232068
63.445094753791196
12.658740604144356
-197.20709821502533
-196.76439357498612
20.071150430869302
75.79421925276156
-23.07196214489242
178.03036694522598
84.22108135607868
35.38178307114994
-52.9664284003934
160.79315922055775
-12.998609815449473
25.414048652362453
34.45116938816125
-3.163566373516483
70.9342697626775
90.16525238218833
72.006898551409
19.050542283229277
173.2792467996078
-161.04552129146026
-51.145229623221894
-5.6712775700038485
29.259287100247942
69.48315486334769
-66.53378640964092
-10.624594152505324
90.51454218839262
-549.6661605285617
61.84000176075324
189.9434003096353
-47.357895758257655
110.45469794346127
28.891475628295467
91.48920938748233
-20.702506934468595
77.14517910283143
48.62203543676651
104.05681916758431
15.656535811983256
321.0122998700326
69.1344880338763
36.4160185729815
226.31852639431781
105.01534816355161
2.3181105385119123
-143.77226900254527
28.270509873945713
17.898358927590806
76.82635915501373
53.1061301256326
2.057006077205649
81.49398195316348
89.20818095095012
88.29963651631448
112.84889050842412
76.03492238809304
85.254330575817
52.67093872111673
-0.1374491297883651
51.0532912053327
200.79839327070113
82.22983359182854
137.7906901399715
-127.30801504347528
96.08647671116069
41.73264665284832
296.5124970149018
3.6688611178746076
144.3336146984143
25.058141912813802
50.12656503765351
-124.47653127332478
40.79552099407246
58.54212316623398
59.09407800909122
-110.15284799114056
126.94470707807386
58.52796135089466
153.91994384911413
-104.16988381197632
-325.68057852939546
22.78026720743414
116.24980503773122
215.03005394217416
168.0760937773689
76.52680019710533
9.619679061577266
54.39602545013048
131.50973983339827
68.87193713916355
-192.46757161061305
-91.53121122228413
-175.44691510516714
31.58907900301574
64.08681070840944
147.47045856208842
1.1371662559222386
-167.12811263647154
106.13162134905997
191.1102989197825
73.90568954289688
-8.36517068360854
97.4404601042911
76.48567736854602
-28.671495881358226
13.85576916034529
116.57378810212231
-45.02193928461929
-97.99351922110327
-1.9345969817051163
-8.947346160205969
144.1746291040272
-40.760820087378306
79.63394147838062
45.84769587356132
14.64408780983399
5.075564460234091
-125.8023321387791
43.863878247985895
13.100714610875652
34.67010658748919
141.19017633084104
59.14491403498528
-7.323889320651233
17.48172003918185
-15.398842958967716
20.86486764075544
11.468401191232712
-46.62517942648674
61.38294450726556
-191.36456423007348
65.0611985503341
80.03917727220005
127.47752465537326
-43.158743530702864
53.167524733640064
13.634986252197683
89.37121413943896
-79.49415912523546
63.09389398382716
32.705564851105464
-112.59826832073759
30.20242506369217
1.8504353910320788
126.77219528577598
74.5454808316309
100.7000936337115
-15.387498851067903
40.159939317195665
43.04886554908715
-92.38291834466918
-2.0797169499346637
-64.76660949768075
39.16183513480205
13.339896192056717
73.80304429805165
28.09977628165052
2.9275006266660033
202.10818278427496
-17.61259518174385
89.02197589787102
145.49749528326402
34.77715766600737
13.583426583198259
20.532933161025085
197.796911912209
95.58264918919178
-93.38750392022803
77.53426361705215
1.4221366232941364
2.7921656620601425
17.54117579167723
-832.4362245957077
43.15614436176031
65.78952155092702
65.72184578529505
172.96139017193173
-25.73827997210674
78.07128114940559
65.32283280039621
-2.2577719563435217
166.63613897906782
127.71571194490048
82.66379627633933
34.82407473665762
13.507562576889882
34.33451255408436
4.04205082536464
29.97743740627646
86.19651435635478
-156.32429444679747
-36.54304153225756
86.36950741873852
49.77448585112097
17.67565014549653
-84.81659402447804
66.0565367064363
11.632007397982697
77.58027790981123
6.137648515873252
73.8260304206051
114.03052989918797
144.9449327910952
185.83218072027967
18.29503272599686
-0.549573515387642
6.39704776015379
-5.118846874237125
-110.19411128728188
85.80718161689876
7.562121335165357
115.4922222651046
108.65358938369855
-182.56536316424808
-27.078445981032505
64.25789680639627
54.70486599839751
-1.4223149034136497
37.45416366035215
18.955193650358616
-156.5527067640187
34.87192387752912
-1.066409390148913
97.73652946369441
39.29895056307032
98.26909668859753
8.645920048625328
-159.78491215848499
6.753258377055317
60.924316451210096
85.28896770272377
64.40607618060022
17.571820347743976
116.7112359798125
-2.000922532806289
16.35243778870381
91.27174318555763
-111.98324937658799
19.929025126393434
-98.1019444713611
294.58384035287963
46.35665736317864
80.28634755033545
36.89788124939969
-204.23523341239525
-33.23467390549109
9.365482022022661
47.3971091720504
74.01295593393513
15.8937364404851
29.72976101788936
-16.276534219458068
5.689754172539821
132.07272111463863
46.0742644380347
47.74833728307782
-164.451015899941
26.448728261649194
-70.91365267578749
-60.72362647509772
33.76652841598213
-758.7033466908861
4.502375363181165
63.12625312063574
17.94075912071719
16.803582002916755
96.89064371873559
31.27979815108938
61.96801178464443
24.6149346803773
72.16520860824517
10.9023117863685
-2.6379191293551685
23.982021474726828
111.18090085612994
6.338206617130883
45.07878841747851
42.27984873298972
27.669277879090565
181.53526859287422
97.13914408298558
101.36302755670113
12.395372831504417
-126.89188248039386
-168.15308571729474
-23.501406000400284
31.005273717302185
65.11466680104962
109.673293891002
44.10119225803692
50.141700655032764
90.86230001166405
0.3890105035149908
150.567735908131
57.32895826292588
-57.62296120909696
-231.25477196153952
27.289977217984767
-53.378209071132005
-554.5205044552841
87.18179530432292
32.49435128809108
-50.32889218252649
-82.5973261430272
113.26209613750757
-133.0920723441959
-140.4382102271834
18.16826032244353
116.32095997183751
88.47092738300205
118.8748714790554
45.80837510136587
81.1581024981624
21.165765409842336
56.738096711031204
94.11384050086781
13.759823773921653
33.166503665449
-65.33718412350288
34.24343469897595
12.207461585386454
16.968304121095528
56.24226416199963
16.10860604327354
-26.80607341589215
67.347186237183
-22.23148584203136
54.563498443517574
-7.549426251855124
190.8275716251046
9.711035123488273
50.4185945083359
28.15894029685478
87.86128895285356
87.06360802020345
-39.677145588068925
-61.116485771481166
81.83032839262091
77.97350255555682
-17.779396497845482
46.47696826358376
-22.380649541901676
14.126244399961402
-38.674432976663866
135.95921264003437
22.113980075708696
-57.6773828162809
14.66222738145234
107.85448795604952
38.931915573953304
221.06620648243324
46.190356850024614
64.77104794772652
-0.06332475930821602
-52.26283149069104
251.0107258820094
-96.70858803324563
86.4224162506739
-520.9237519910766
-9.40626404332533
9.981778601374508
9.533340380644644
16.628660295594727
74.50584957830642
81.58762001629475
41.764195729317464
54.08092945627963
12.784101080357875
174.92184205796593
73.63491443183693
-658.351349653889
-29.588622526235667
35.57112750610622
57.95801288775874
28.632209621496347
-318.49380048473085
61.02786863554127
89.31927850685406
82.60501607695642
26.517108008603955
102.48630771724038
-4.0633123663127835
11.381743959107771
-191.68449176322025
75.12884948375176
-82.74601659259224
124.32366236224652
0.07985454678017388
16.85967106489987
115.73232052853768
71.81758769200488
24.993409934690476
49.244945374403606
-23.387754503726644
25.369561506065402
19.608359149168336
-15.947991519343304
-18.20437241374566
52.29193473253986
55.82909112555001
27.80658521692518
-287.6843388158777
157.78592646880998
27.550268692003396
196.99188316874097
-72.10902654056918
158.75127495187598
-10.282243251062296
91.13072102498586
92.27627157896654
122.38914587623276
158.7133442513932
21.979088163184063
74.96905444677282
-6.2968791887597035
169.0238009567256
153.91245399379932
-746.6413813847294
-162.79923401234328
67.69924440197536
33.051518090419904
-19.96862726773179
73.18133752637823
18.268130216286295
-89.95289680870792
25.892401073094653
-19.349832367864565
18.717178612309908
9.90111224342445
-24.306226924639265
-18.939774924586573
67.45818194462868
51.861917777771396
-69.65475747054256
93.83518132621793
72.21918325909928
-19.136539851142505
81.3280090387882
-62.12013387585739
36.59969414225956
113.97983049367963
56.299281335417106
72.02725956829272
165.50538806355462
85.15090595803542
93.26780872371955
44.31675964832391
-131.15928113384143
22.56442792197231
66.16968858389555
39.07011322720973
151.4937045606248
136.66731930866854
5.5814919048152944
38.59089526007436
125.48710419836561
36.20386812964644
18.4359229864408
81.45322491586603
121.06174408976767
-167.47570821407544
-734.1966449212632
30.926886612637816
-0.3783460931308582
161.9844538819916
78.40301083750114
10.594420096265688
6.468851470698692
123.35961542185532
59.60096762375224
65.72353123681692
38.01828356142239
-6.977616005840346
57.028109630643115
-5.843233944906196
9.84651084221473
157.5257764563671
-71.99273862372866
52.11270274344906
10.649064195080882
36.94410446599613
-100.74250837495765
9.316379936731533
9.920877939360306
82.46370279983694
57.72400408268987
13.651857473562814
59.44659847891112
43.496244677239616
24.33541685934506
58.08854585685958
-36.81391934543382
-97.76887975618956
46.48705163345812
44.264219395643195
-1.0289267082069031
104.22449948541362
245.6375998695721
10.49362063017179
-112.99956021063275
19.897230645336933
88.27467868832986
77.59245997339576
42.311705924669496
25.710929287278283
-313.0557089077244
359.52185120049535
-203.7340110166033
59.58863377163925
-35.6274398426217
-71.34292968382033
89.06909450030366
-34.686115768548916
70.32338288519327
140.00528710738672
148.1024011491386
8.877751530074391
39.00369653059147
136.4824116066693
49.71867026182727
101.01549570624138
-61.53171359152384
165.17968468001277
64.12920794463207
1.8813921073531124
-96.90688801426268
11.677011361032534
54.67838638052626
54.72073279053922
-70.05707978919054
26.907299772780462
-74.19230451018439
107.8814019610777
68.65357103625593
23.501057329303308
124.33183210475408
1.3654190147226473
46.84120971446148
53.16584729451915
5.722924128448433
50.0046270588491
28.484481950627924
-55.325000182732765
-6.825602368872956
25.81214842197187
6.4106386258899875
-3.921270882612305
34.58896693615979
-125.14550749696355
144.7719748664149
-49.64896020596635
44.986467964838745
44.66085361052728
-67.974856907711
87.30770360923043
72.55930175991207
59.087446323431216
49.5950241576266
3.1316283917128374
-37.28053835161245
-105.73258113929319
-790.7559455127775
80.31072447073393
11.851454877593556
96.40769979676634
100.19180966166823
-65.74621314577189
57.9942670199849
56.36624154421361
-4.269744774526629
191.7625756214302
79.41631716455413
37.31803942832064
142.28104320125885
43.57127021527731
44.50794709059491
-0.25596648713826653
53.69970121885035
34.39229436401153
150.92074978537448
-54.537873959235185
26.024011714322683
1583.5920153191873
120.01422284776982
-34.98680232943968
118.75127012344728
106.02226580927174
139.49316389305704
0.26868089513018173
26.20694674939078
-13.955960276065753
-56.480931528287286
-85.16610270228921
40.05715308093849
93.38799043273184
87.5458426130217
-107.37618440667575
22.40457931295481
10.131233290575853
-14.31745365289396
7.311344119949573
104.12720575957178
153.72495905074265
-12.908446389163803
93.88047157334324
77.36672757175711
-140.58509488655048
36.8313565421588
152.11341018924372
16.167862919001436
-42.050765515734184
127.23820006543428
118.3841352396405
95.74830900726556
61.94043587926808
79.45411875148824
62.62462390299252
-41.06978918003209
9.394435066205006
-64.0085729231796
-152.43332342950498
-5.322397548489526
-31.5976790929235
36.578176181249546
40.47473087536568
-55.7268401698191
-798.8334592113591
-0.47815465241118543
29.166827462468888
91.7505659916958
101.07989206183765
-0.32803598472665385
29.4790997909318
62.826436175251274
132.18368920765647
84.17167211198603
-91.27575769328337
130.33143730027723
-144.8802849611211
36.730224828246975
34.86847228706643
23.812936114797573
33.519195177668756
47.91249221546943
187.60482551566565
1.3537791582434693
77.05155436690552
10.563312937955175
62.38327269191444
81.79406591218776
100.37338977926697
5.56234715911283
30.336491650248934
28.82293076652161
131.5940403177126
-7.907113647248349
26.75685252617211
113.75127778442265
30.678350335299
67.12725839716404
66.89516564103047
65.22136252282985
-5.515714456485199
53.4915750776328
41.864395541378656
-6.165358329231662
-87.82607827885477
130.95116300562177
-123.42913334418154
31.46956960736412
71.04064523837542
-12.58208767898784
109.53990567681052
-229.23533530781697
-0.6483912405766148
37.057664766000016
-31.5576122924258
32.28800810285737
-7.549887402128194
88.48016434356714
12.288664582126785
54.43490020867345
-123.23763808380954
10.171565293541828
50.886441776930155
59.557939643374596
46.10232148809904
16.911194189215678
43.65795785687072
48.82675842608978
1.4583650824636565
3.7424393639198863
78.50072553741325
-255.80055655097658
52.75443563688567
123.19354805504418
147.91121291665695
-34.87213609523489
53.507341629762635
5.295145603677337
-95.41791044239903
79.3108427762188
18.359087144768253
-149.9149067948906
57.38336139769808
55.98871984221887
107.71386366047591
9.874240557780894
44.42628243334502
-253.48215997533362
47.209193831300105
42.00852098900648
39.80207212363264
15.075014519906556
109.63647097756348
160.59144075788436
51.740285371098935
8.351470399082245
108.72549972038632
-4.490405590742796
0.5194259444331284
208.65447110506966
12.24163447124154
46.93502403567761
92.41354803445847
-46.03439575208449
136.02522301956242
8.886324000004766
72.46410233269324
21.204509362538445
152.30507567332143
-18.824902021322487
-289.85392704740207
41.192009245330624
53.30876498407113
-49.84587045295939
20.720958378465696
2.3696172432258145
-370.0558262260806
-25.315702938919756
-52.03089269085467
-87.89941012855616
106.59984173573366
89.50062304133598
64.02525535546012
21.72694080637902
-14.881733731041095
149.0457374926059
-10.352429675625508
49.61554047730467
2.159038973673205
96.88194706100603
57.96248303216083
-22.537422216005165
-16.241705739899093
39.61958160680986
42.18125311966557
-18.675989234424907
83.38075967469945
133.89078814008417
82.02586993094906
72.3113158709341
57.39655795186127
121.50959380211998
175.09002555396364
1.2518955018658744
30.75576065711176
-20.627357451124738
-51.99382992211979
-61.322409520299516
89.06429645739911
-134.25157374844457
-15.731095064804322
-236.13356310945346
61.99709339887363
-125.04970322903137
-34.268320977023876
-86.9338375783359
114.54126843373524
-27.139504326362385
105.92068082407172
86.6801297863417
25.67509516395451
34.612639830594446
57.28151213270947
112.3563115097736
41.443295773387945
59.68288314176678
-137.56501268708053
-1.9528589272202663
-278.14854628652984
-122.68336722380218
29.718097923232193
-6.483978276485745
30.7122478947922
125.41628397235422
0.13512956249724084
63.84917041475762
-255.43774372760072
236.72225109939563
6.727527290541076
34.930952946049956
27.85774823669877
1.2731364743394806
25.56767403051757
12.42662920212921
99.25711791500316
35.48770126580223
52.38690260513795
11.938500774664112
61.28904887270119
58.297254877696425
106.72355384500361
-5.322853309853155
3.9443649535687384
95.68018456226946
-319.4299694717156
35.24098177041523
-9.139304269480455
-204.17388533406483
30.555169881527945
60.39391921259812
19.036602739003683
16.894891379050684
-65.25869122890367
26.806858583132055
-16.715503502986948
162.1175148448674
-32.09882459811297
91.1316149618583
-12.045469296143501
15.228049781805566
50.892716565068895
46.373754020059096
185.63604777423916
67.49746853947818
47.14415712203072
79.39616457321395
-32.04314342064299
-97.70365149892359
-25.28778671580949
-19.966235435056774
2.471541696664287
120.32066792420278
72.92422555022233
103.7628432618435
1331.3591403192845
-123.90737101965442
-216.2356336384246
16.528787389467382
57.428294033351904
49.55854682406493
112.24344459199347
15.327495792199064
43.02346444237935
31.71232666001697
56.99065858485665
73.991056529702
-322.1402934454924
-10.296841609911077
52.53889731444592
91.61287654297394
88.31153245951077
-10.83198370660648
-105.05456241198681
-25.555442262172193
-112.36971853140403
6.410933276794252
78.48640729447447
-92.68859401559484
20.252164698035525
-2.398582450185131
42.87792433972017
-29.60079780015573
73.14456989128666
106.36414890618744
32.41029841765966
88.93749109034775
66.29560716635933
40.85306006443909
38.92847724861622
-32.465849535791804
-26.20244716864427
-89.2335717268611
21.629240002318284
-155.66232362615756
72.79089072822444
-134.07002586705607
2.0431531595331363
-27.78081282164967
14.263881373224065
84.22655285560336
-2.126340996640465
80.1514179251534
57.991684049910276
23.149189132505683
216.4070240417459
68.2069341584962
4.199967130221317
3.6854080831853935
48.35581359999176
19.123366814093743
-13.85538400615109
-48.69016261458091
-3.899087350617606
-19.2217941434061
-87.28053427049872
66.30734122721447
-12.328586271549659
-16.054525822959523
149.8549176754343
33.735720097562364
-72.1096198755547
-130.64861470971937
67.2944531133262
75.2639504184217
94.10609436109871
-65.74435704223565
-1.0689400163862812
-38.535142696887306
159.9963434078145
95.66867530929176
209.77299324194655
17.345171926496675
90.70768056641018
72.03480919393041
44.94067753893104
232.45735506329174
-21.36328108521044
7.474707866383721
32.86417288127585
15.494068109248651
157.11712727989288
29.235984990366568
72.40836353720351
85.27482524283243
32.469398492769486
40.28727072965148
58.91750802946876
71.41458231928891
58.1776215042502
-126.21293889746175
42.317348658098126
-195.71802647352524
24.029003082901
4.383277387416456
2.846894642912673
74.15691921351032
-38.597180437447456
-301.82241046062427
17.57193698425317
193.26307710891183
29.853760257676186
71.32324810406362
63.67672995561816
-117.83778178975172
94.33287103565021
-21.1099997260917
26.36287300408044
-7.770768719345142
-27.45760776987187
5.642729190175487
11.89126485375095
-5.736730454607076
2.9493756609294906
-9.196324746717574
75.06862002500819
-57.86175674241778
17.724200597111576
22.148950704145136
30.711464179134367
35.9671305915575
163.75882871233034
73.35687944359378
-2.28900223309347
48.05548760679053
107.29510677348799
-17.857099817685594
58.1266915722141
4.524384249284054
33.93703709105199
164.4760176288646
26.000240192041637
-16.78113377295631
-31.407269248319608
78.66453297018455
8.62421575817768
-229.22286806892765
51.815817372749294
-1.3824116439969831
35.410181371839556
-29.470164977094605
29.95274287297616
61.40976151340328
181.3073266137376
112.7262978732058
6.862438618703891
25.299929825271718
54.026369048046256
57.573215930277456
-12.45342399495894
38.34719270336605
18.811622253419284
62.28345178893713
199.44108943597712
165.654722618111
-124.3567602076123
128.52791741678084
-367.14746269594343
339.5228286033089
109.34382490920643
-185.90022275865658
33.42422478619384
88.20948320408365
39.39760917798742
54.54516941608079
75.55431418466105
27.179797174384426
121.80955134872784
94.78123338302271
158.16868070282953
93.8519088456651
106.43441832421831
21.625516148661397
-20.411264488600864
18.192208808453415
1.5179202985526778
-134.44594075674286
76.50612441642977
-50.3770640604389
35.118740512759246
-138.53568987209917
-6.931791912535687
63.29020295013356
90.76643762856156
27.629278738711857
96.32601345267312
116.457463552234
121.31260339016956
75.52907739677505
18.087300227933106
149.18934222033158
-47.34697248619341
25.40312975209487
-18.45321363653767
53.878886465446456
12.972786794116598
37.60111468192372
92.07705632451825
41.83107136322731
54.0858166189649
193.4638419929961
7.573455950742668
-5.598541233101883
9.543386785042944
74.80520902710737
12.518418710710515
71.26432210915766
-2.9370803017383165
-92.00372398267064
58.33920242036217
38.942657733442374
-13.26803286970619
16.303612396682894
82.74008862629296
53.356813397230894
65.76622207126661
126.32067279781677
51.30331945195465
10.717212493307207
10.460053205328222
126.70039225577602
161.53143637325184
291.6044265581404
-121.29025722451297
67.36340065533724
141.58436550270653
118.7772650574775
76.24017467227861
175.3630419644835
40.320928219365896
11.209484449941495
43.11236777574374
104.14106651886641
27.366415458432584
48.02494443420471
246.26123890040049
142.12735688978955
66.17834613199915
31.49147226727186
101.06958356291443
-109.55291429758108
98.80540168116931
109.54625804764851
15.455454070620036
92.13583713923992
48.493069557791664
-47.64443119501266
32.36560437752178
53.18059252070259
-77.3658064016663
-7.691735222664845
14.661251768904323
78.50133167136528
10.846937638808669
-8.375432614713262
94.61398669471646
-178.48253199445844
81.23244100143529
212.3380769094456
12.068473902988671
3.350096974213489
23.801770097528298
46.983098377423985
1.6382603704317493
55.46314603732495
65.93527256420089
-84.36337076938773
289.5743425780179
64.27524047650422
-8.027755547618142
118.25887946146054
45.05129369938123
-44.6402499407277
-45.51255183376645
63.68264566850951
-45.748580697347734
-21.540199283657785
-314.44599075895337
-3.134467335959016
60.3288068834936
77.49808028310949
-24.91409793216698
223.0466583124462
-291.5852665418306
-295.70938769252916
85.24468942283283
65.52654574053571
13.90567058335858
66.44875821244761
62.45385130462509
213.76955201728742
-251.9138714148694
23.64171479329394
65.42702665011348
62.355985460234365
109.05272094092174
38.653846732910495
55.667591564122176
33.80151678601614
-31.59804329077815
10.332124212874987
209.03061833922675
188.09931538379215
-214.03376514269075
85.17141459670069
-61.527495950195316
-177.06068442853393
52.00109878991687
-12.603881859837173
74.27912931013509
-19.933225704965015
19.2862951089714
-6.076498376787413
58.61834248341711
55.025042914791584
114.8022096818836
17.595562695431674
31.586651698095494
-118.2031247686723
78.08438896669449
111.77786704718756
-25.75889972385392
122.36836812555066
67.44205874292061
-74.15591897862396
1.9353710694688253
-123.84869529489288
30.897755808432976
62.07313262774869
138.90566571798013
-32.33271954421252
-88.10860562780545
145.79722999192018
39.509637170207895
-9.9335510547762
27.83352917017237
140.12437315496072
39.94815250710995
29.056372815047325
-163.0732151316397
95.29589832371676
60.29699073062795
170.6014416832004
20.65709410088058
26.351400913127097
-90.59470304822207
107.86325072603768
22.787503100671074
53.23782692139619
54.06384132700083
27.784882664020643
172.12901142979263
16.32331588845659
54.78374715904647
111.20375314001785
-115.1951137913743
53.654897373755176
33.9597430785341
121.88787592462677
50.347920304684806
-44.23098942194338
20.528732143029288
60.87460297523404
43.71731224471591
48.484314188305916
-847.4171505622544
68.79784323398917
103.08093530565748
-857.4964422768697
71.89542692192846
64.23137671008499
35.82749468365007
66.87431245309426
255.0018594825401
-22.662241231694907
87.32436986951734
20.67881692998708
29.070623861489768
-172.22386046145766
77.64575584159775
79.48864457570767
118.9849768579652
-31.413741099111533
34.72664364986727
99.94375223035922
-140.71034067182518
25.65894292902931
-56.06989532312582
-169.71707360848495
-140.52870923308637
-68.03409270019847
118.72946554277223
35.63841458156293
27.48936983688342
-9.613589977501668
-5.232789240748843
105.26650869207015
59.57500003281075
13.018665825292032
16.78313228808494
49.35531607174249
40.03211569951205
-185.79964445500173
99.55548738634616
62.45863625281822
55.09983109708391
-52.94949632155435
20.34515643495124
-410.0695385115032
27.862166756087845
33.1194005207943
148.02978839948764
-88.72713475343457
54.66099098897848
29.70625373734083
-15.581144493040938
188.10501789712362
-793.2445430526373
-14.040043641179636
72.4386564530349
143.62624497806883
134.81960362637392
133.1802564098566
168.3723197532638
105.88437331553416
1.3546897110098608
38.02615838296592
87.65286314266939
30.87466696747427
47.27094837093773
173.57142327305405
72.19507326854489
-27.22729962533236
131.26072398404426
115.39902364378281
52.638887256781345
225.46923056235255
55.261577856317366
57.568738839042965
100.42907146652306
93.8182174438848
181.37609656386803
-54.225764865776
-18.61040346860741
98.67021403513786
-23.958236617372865
-21.79072146620888
39.60026233499275
-50.4200643718882
14.040983073885624
73.57133041497673
29.85997553317611
106.1410995463691
3.647419279530588
31.342085163283855
-56.822851539075145
81.15516860725916
-0.8183311226648584
26.581731792356216
54.31687558614249
62.560640772153874
97.53235542275615
26.844971280277758
53.387265699733916
143.56605238069164
16.623868010982378
214.63560516282087
-74.60187762644455
108.32820174441622
-13.098070186041241
-94.32704372524222
54.804145136891435
157.83682249298045
14.467763992858982
60.01985100021898
54.63891894622286
-141.71651151399965
20.01207505886126
60.70043760123281
-300.93063142510255
72.66932851990987
23.202041749717456
56.07967064960576
12.165180008257096
108.95887583219087
-76.50044662105711
67.69377972707798
-15.60133558773623
118.88608693416938
129.5281636808827
122.63136585024768
39.9423334912883
24.65786508028657
19.002246379724678
-9.006808015881386
122.55826441534009
-90.28184931870692
-63.29170575159038
-176.08391175416955
97.57666193927344
-82.63702064757854
27.438203331693757
21.433111337487855
4.2414806629973905
44.124966313882176
-50.59520571760277
127.36676010106112
-754.8614952277891
58.314211618199266
-8.421312161544554
-4.744986720260492
37.67043532985508
0.5607593582742034
-13.353496022860249
39.11020052434867
221.35736231481587
20.074678507607445
155.9072563944285
55.59023805875648
-3.726770391542809
102.30513817888777
30.47465694269445
48.54247744214288
-42.63050158146734
-641.4244817920044
41.92118282666863
110.09329030644403
94.50430963184488
106.05649576210544
-503.0278939469945
-329.09989768038804
-37.525228083616184
48.95071602347343
72.50962959946156
-278.6682011503108
40.47291177957747
-18.097974488047797
65.17946653014033
-242.64981978870674
11.470933354017305
37.74223068408264
-130.1112678872206
37.24466144044493
99.57311160837435
-35.340830318104054
-3.046540448764972
69.76089381783504
-27.915950104457774
-111.72998572149572
-3.132458009665895
55.13306688053717
-219.70209427218106
60.277760913172926
139.18996445559878
160.68924111179786
163.64774246834213
27.745071907324927
52.48773063004046
-510.75725183952
190.66868346736692
140.14294328448295
72.61041480419226
36.37617406189082
61.14561733135133
-184.10384576604292
112.55923920034371
31.181812905875987
13.862025944423038
-198.10349478023545
54.96073273897915
95.30104628009803
103.80809674504462
-16.423989382818235
-35.34324809616288
-7.0369866634007305
24.031067624583557
35.86793473450325
18.95474105295454
113.25962794554766
2.3879993883184905
-14.415600238262925
-86.8812830002912
51.32148244373624
6.6666383749535925
15.459111858604924
-125.10795972595679
118.59934329325756
72.33943680150696
-149.18316967209694
58.11501312077604
27.367355032445957
38.81460083265398
-11.449398837093213
38.48346945978007
-74.2671434511708
-0.5194325615065054
46.02359269617666
-15.440602737810451
71.59168686753122
57.1948126780394
85.90759591120332
-18.245610908054005
49.826107238804525
-175.17966158537774
133.15060582531942
57.582553559137395
55.540195308173
141.38596563255624
36.96645950631625
85.85968366054112
-61.04245450683402
35.66440515477605
-13.04017029400211
-123.56596460891797
75.32227661959541
8.355331241716158
86.20475121098104
88.61867654169009
-123.19852268899467
3.4718718048964785
28.314328385672525
-1.4517409115143303
51.179778993381944
7.592038870393026
158.4991511945259
-44.96130700647126
43.08237685245071
-517.3464646255098
165.03145550195154
2.1608704562805556
15.809423917217373
38.84305981639285
55.897672989604864
38.605487414910876
-135.0273012655707
11.876405601217812
43.53920122245427
66.03289069665777
159.07779600744743
139.20309347349212
15.064930856345555
83.7731644671012
19.210710051339902
0.03420550313161015
30.37117828688048
-2.0835659024902755
45.456931116237556
41.71836880719944
29.801841452137516
-171.94835535445964
148.4631462137936
39.22285792051139
-1.9836758504634417
27.798282535765086
30.750722129193775
-25.212910321566596
-92.66328488168165
-97.91695726090484
21.600266444782793
171.40382673209638
103.90206332610364
42.2090110387976
196.35576274545565
128.11506737988566
-113.2601062952649
-153.74447680481217
148.94172053844204
-24.134205676216226
-68.39929203327574
157.90413567209816
45.68710898482368
32.30724266135695
-30.735986126719126
54.15696308422241
-24.094540272817085
-11.935556182708297
29.251289057380184
79.84073003448475
69.86750079475769
-29.641711397456675
5.587561799261493
27.79329527129312
137.1172067934467
-359.7348254169219
61.383970851175704
-99.98419801483305
25.715184872839473
34.982239064978046
48.152945375862146
2.613053955300317
-10.94365958410108
18.1789478152959
4.691376226295667
-89.77961857077844
-8.84691445390291
-36.02110309843738
79.5786179738054
40.345344432032505
49.71100794414522
-30.162584603661458
0.2825112899465694
30.152806543435105
80.60035452226344
27.80291358912882
36.546104770969784
-7.054995333428236
55.62135926477947
203.35977739317332
-167.46990580887268
-162.36541710804704
77.89822822012383
-37.77461786886088
56.06282215247711
3.890626403506572
139.23328869428133
66.21777473111865
20.094490794233252
53.93994938928017
21.005941553405364
58.680341951458246
19.099361980365302
6.4737001510102425
71.82065052465498
41.64688673469704
-16.453008488771918
49.41284638467508
19.40706111416131
139.85499876349377
9.587451354707843
82.6335262087816
18.950845665529414
140.53357991859275
-204.75374084673967
226.09703262447738
-7.149360243847106
-7.733997290125286
49.304408588572585
59.35524220684357
18.020331821810988
42.73055663062217
3.6088279659982234
-58.88661844709718
150.85930357310826
-88.67879298422758
67.52992502452182
-9.270713782759326
-268.9740306077552
36.98382831405149
158.0073272013824
-10.681314211824883
108.68662718354199
56.60947977753473
16.96473620125252
41.41177078994409
48.719744433562056
34.4631877608217
-160.81792599544133
45.16988347769893
-15.432067844653378
39.35702123488552
-46.647005042754245
24.54292801790468
15.946176715689262
177.16670685398185
102.93065839093435
111.33982028687615
113.56130042648829
12.991943040998166
6.7376541327887445
-5.20885216119388
17.104955274142867
176.83303132526862
-48.394564263297525
119.29267753194904
40.342842426865445
248.7856611567804
46.08494277568957
-75.21678482839206
28.556282100923
-127.47694293225868
63.999690430202826
-250.05988958969738
48.96481462368729
32.5246964453628
34.886168832434336
52.691889548742836
2.323395850599354
-35.81112856948312
34.763015865554735
-24.45072546475221
-62.77280481573962
-16.74934222812297
25.435682300987764
-20.882487884393868
22.25056936362671
-31.550908899831484
-48.81864297341872
74.22188053361197
35.320758148782524
-103.09759112882693
100.32829202654148
-48.67807908575969
58.54098022531298
43.862183150345174
84.99752823487802
-115.37561275956205
115.60613581046687
47.756762914007325
82.00843741245717
36.289873008352345
93.91552106180825
-234.06240477594383
-91.62355185526724
145.95428779042868
87.43062036949249
-17.76741208317194
67.3569024477406
45.05708706591622
-36.82662882993827
4.5517872045792585
17.369559407271442
98.82840586866769
-16.851711892572396
-18.71030870249797
87.4103821071808
146.73205503736665
-305.31684942326683
37.16030237536461
54.48682945649978
13.64429316233327
95.24283355514581
140.16851918557313
186.83348814899136
-54.29508204322201
-53.788692803661434
89.77757007152513
13.946292919089824
-43.544281948688365
121.54744243083587
-36.8008828959164
-1.8927546305808391
89.97757643077375
-27.180679579859543
147.77604285003872
182.70186317698744
35.68156607906482
122.65092641266074
104.33877067956041
19.857957237903065
28.657681101982522
-95.57036138717967
169.79501876728
47.09275982658824
92.56534051152721
89.53870011579875
43.311884687147995
39.48475347704175
-30.963369098312796
53.45447259115207
6.862860364225762
32.54446900849762
9.374074333604952
-102.21008900709148
36.45568249687602
36.31028391859334
26.39010486193382
35.79714766405573
113.98279778397568
87.52528625400072
87.3581293333765
29.612339213860604
35.82741682742699
-67.45669183550581
80.33541706794585
177.72356410825887
51.46917537205728
8.158978441345043
53.060907455644156
95.87574063463057
132.92772307421887
83.36536062581627
-85.39543435775431
121.41586484473055
-65.47847394033442
37.56582161957827
9.60218333888588
49.61963493350092
82.69624400983594
208.186475490701
105.35857685649353
-70.59386008670162
-1.1802675650569654
21.62554729059834
112.68381908103856
125.56724088140345
53.261882451608244
91.12627364508899
99.45589009115565
48.86507774342326
-2.717501115130498
44.65552261021559
40.122293926246
35.881447149938595
106.39736018065037
-7.030617265153978
-51.61199196650341
11.370946827344474
74.34023480190803
81.58529174264095
-101.27608301193322
-368.80185484093
21.60846808292581
76.71496395546819
13.646771949998566
125.24192671900437
26.004259168003045
64.70358970642093
34.702051773326254
6.032502737870078
30.539783824936936
45.85691506454572
69.63599335636911
20.543913002060567
38.107441907504494
96.97153169736976
51.90192448863991
142.70327033993726
118.21951337553264
13.481302133604805
153.76982917091323
14.465874624363096
90.2676045262167
204.5969824323879
36.08641886813947
-17.23319669288767
61.904076627844475
125.79681638998682
44.24154496859046
21.977601826394675
155.32867414467933
29.587628064238743
-22.344351804194957
46.447217051109305
-19.507351184525398
212.44725928708976
88.68670370139671
26.76921562125586
17.433269985576985
-52.0953439497827
-37.69177016515232
56.24423637264863
192.06620289061811
79.79965687290701
100.54877334745254
104.82211360918382
47.02564907978547
10.725244857198959
125.23738755977638
27.744918877260716
20.83961970242308
37.12930203896313
38.55072799533177
58.81298041029672
16.540017159927075
-141.28108090914793
-0.5935235803874548
134.27394291980863
87.39478256445182
61.24638321662361
25.604025764051254
80.67639570529855
-61.70013396802551
-63.6161731312709
-116.67333941113247
-59.25674277032249
-18.66289456695013
-38.40586963369992
109.96599642834235
27.70750098904007
104.9470275567628
-13.270729151832004
-11.426334938720174
17.733002181088864
-41.84280765169069
-159.70965825326402
77.17634441644611
-145.50494038728084
55.46696209212246
64.2126658317089
-16.499800733282445
-157.36930731386383
-24.194394034552715
48.59802545012083
-16.5281452197205
105.61119911634796
19.817840181431563
47.66847849665761
68.50529689767814
13.923880703976822
-80.90663529047288
33.02086055388222
8.046566676477596
28.42566366296707
-255.68703188708605
44.848657219009965
31.287733051754305
86.11739527469308
-55.0740315995272
16.607401826685717
67.94870756014166
85.53580062737979
148.07125505322347
-23.479189314454743
216.34167570602494
-241.66976491620335
32.67262132703472
-72.65848632759503
132.59925961071758
72.58423820538087
41.0698814615582
-510.50647271909475
73.57373243523944
6.665011024280574
12.199609070921156
-95.94484110353187
71.9074555922515
-24.61807166321114
221.546288396411
51.7114293887539
-4.077856670246816
24.984612329196715
27.526898878318946
178.4122697912735
33.54149708301368
14.054015677583148
38.7650798904406
56.03290467616216
71.34838769820453
112.16964533448254
49.291428950862176
69.00496784083816
10.145730265476189
246.64479738659065
21.214854248477877
62.21462215588949
105.96424709551775
43.50000520565997
99.22508040603987
16.07371533555187
-17.341639116993846
124.68608032985412
136.76647824379143
-9.920577984679511
-80.95107863592511
64.94783696799135
115.94133362425055
-74.38702239817849
-137.151444104622
210.70750535914385
41.5436793930794
41.6499868042511
-83.85540484941976
39.651332288516606
-10.192440354286001
11.86572140346975
-884.077768399407
126.22130974984066
61.299529284446635
49.73168216439495
77.60419644183821
106.63167120369758
76.40800414868636
35.979472531374164
-35.00334434468641
-90.0134918468666
30.339043079910933
-168.82056345425553
14.47558976316459
-97.71532720035975
5.537092171599883
38.72153257633863
-31.490553480694558
84.97422402613665
171.99952091967225
82.23783250251745
85.76403543845663
23.207724050502748
-38.31550937407617
25.55339592920895
217.5023636551523
-51.813007002012455
21.576732288825433
-65.71797583808893
-31.570689362645112
117.22922058656786
71.89495213645569
29.1719106392669
-15.715289056895926
-89.98711377826612
-84.31656042429313
-9.088344772538882
-1.5575071353154584
-18.425278492945836
92.51306710880772
89.54009467427795
33.84211478255541
48.98018271527834
-45.971424652347196
15.599100440999536
7.49463412432911
9.53798861405042
36.96273156472729
62.11446265231798
-74.21495205005203
-14.884378308699176
59.999968466253435
28.279492173494617
98.94313188965998
47.01351746416549
-134.89890922173163
274.2178621912917
81.87283394677934
3.6071154623852966
124.97402456148484
40.19276615130958
-48.38025033727354
-17.45282889024115
12.250127657772106
2.5138383501397925
30.884680465531915
47.693131988036065
17.893530045062505
10.16219592419348
-7.376835218420459
53.14851907260254
79.20184448701241
-197.88716776233923
27.218667754468697
109.02017315739522
7.069151802458691
103.95181962515153
72.23390522970749
11.56741445098373
-36.085002862374495
-15.906907077332402
72.47396760137872
66.39038978515241
78.44370592069731
-30.116882981418236
-177.5776450812764
9.967603463557785
104.99170481292822
31.370039590387933
24.41428953759106
60.640184205701644
65.71250995774471
-84.27035751490848
-0.22171590157309107
17.268733561796083
113.2251972461354
-7.006921447383593
58.32814481749251
113.58973603187496
83.13637434210159
86.65027979606884
17.792449533419585
2.3752639451697632
-436.1684554402118
55.722476870501055
105.51973428509541
-0.8954874296482558
78.68613979747077
-158.22208801683337
31.721740070935084
-42.827277831365535
-21.064959061279296
2.909925461538478
106.16297143373231
-13.780123902315516
27.147017324089965
37.36242300085368
-14.7646111891839
-8.082227501820626
-24.250673139782084
12.084272976403554
-129.46515921946002
47.13235953751614
-44.9409168701186
22.2225572734543
6.116315059256749
127.5340589948305
29.95676593247382
187.1036626459295
41.702069953743866
42.22568229218332
-69.21638599937978
-30.895365977033983
86.57715793759871
0.9928158693055593
41.28537387599698
1.7094262565947247
48.71724889526007
-145.0009843251005
59.076271891695356
-108.54689189623241
-74.89419700882354
-289.5022153653799
-20.41609599001606
61.47283481916426
45.91447108379056
-16.00578021962258
56.40567859258135
28.047589344833135
67.1820116981516
14.705977848992006
-5.111510660945158
86.36096905725799
56.040559327738265
-165.9091601905693
64.02509923600883
65.76167394913955
23.82110004842527
48.612579872505194
-108.78113180252058
34.02272390622286
103.5657083004628
-14.781523924686132
43.69093038817755
4.763069929925254
97.05269167230767
30.069758813364132
-20.293704191443638
29.1515827166628
33.11962776152509
-1.2622562724597455
38.83521513334472
125.94681905766447
9.606063501733388
21.75393405596077
104.94729455893253
211.38305326345744
165.60345791739587
-281.7162893913543
58.87336271813655
5.474857017698923
-24.558892892120035
125.14863314863578
-211.33326703335524
49.09319955932597
37.81622196754529
72.02567613205525
89.01256203085552
-358.8506295688382
0.17456332406186092
-152.26631721695594
140.521830402648
32.425060378171736
81.27548707505605
124.83844266954657
-22.54936359769681
116.90552120093753
-79.36268789874521
-22.01186432377684
127.69086382522573
38.5146598360691
-4.647450625251023
56.94926763454884
16.021872577601723
16.433133698638812
191.70556912927123
75.910251499683
19.7110642595832
-59.891794995839064
-90.79083673305422
17.904941556712327
17.608348769525644
-177.0064768495031
-62.90208125188916
-145.32637347206764
-9.306570946668623
-35.57107746531351
80.96140450170151
61.35698918620085
-14.066852513199878
-98.35607337324382
30.801069485011794
-44.615645359657265
-4.9083830853924155
34.88367723839866
75.18369043158359
80.25035806811832
10.738707420805865
-8.924292816336052
27.290823859608736
90.67307592595284
118.58579564957017
157.26899800134515
61.350537287803306
0.2412911435086865
22.086862344644658
175.90515554855756
-59.79118280200826
51.94773218942328
2.9337359809765076
90.3759507203091
120.73954843651745
-8.392347836980187
38.11183925327286
-10.854753997106855
37.70080713539375
29.79835139479558
50.428043461984544
63.82880976840204
9.271945280656393
-123.92145831817561
-13.426218763183732
52.24627844533279
39.8726135578798
-240.6836884218269
-315.58602823
77.24866677087641
26.636541998388832
105.78921980972882
0.9666155181711247
73.30276550620329
-86.31084434726385
88.06220997208038
39.903630685193534
18.823885397167096
-29.668183334581954
56.01466833104871
21.039260628233933
106.38597289566906
100.4679675491193
2.815571645782495
-92.05450677697809
23.237914649177934
-32.75407510965606
114.33254216197815
44.37404234060233
167.2252134188161
-51.77898388223639
32.530100576867426
-179.1600352653195
-206.68857580842268
-98.21487262222354
11.990818004692528
30.522229811286607
-28.665150924250156
-784.8509399252213
64.3504025296682
-170.46386285662265
119.02747440249823
116.09834115219337
-62.253300893859716
167.8626414659393
96.53437586799873
-413.1852665843089
53.145552885568094
38.24477422942651
22.094020011436896
33.523151773769996
5.661586308749267
-15.421219723598199
-547.2334146731104
45.2622726009555
8.75682962226858
-80.8996080240072
24.195477039157428
45.77124472312454
59.40908352288807
48.04787286558622
95.44131562849407
-515.9735127507716
120.99270037946337
-22.960857502612726
-60.780927911374874
100.1217866723751
61.012297421122184
119.96903042197937
35.22886914426772
84.39251697212512
-0.7391864847518264
182.18635238975958
-47.88778043921123
118.03377100477292
47.087193474311334
34.88703600778782
-9.371167180314444
79.83173154877795
37.95372551953142
-2.145099880064972
2.2203995083142587
101.07467492062506
-33.727116946468165
124.81589725726371
46.324392697843805
-138.64551373053408
47.59778466369258
51.10289743865951
-112.46266578591474
-11.067140973830192
-179.43587597413307
222.20182460723936
87.25058689228081
181.93252354968354
-394.0809354291987
73.45239083467425
53.466964188573115
45.91918893597945
52.953329380044124
77.37175612958163
38.843500759664494
-4.387444764005522
138.36300735898703
-33.229206571443804
47.17657123083927
97.10527558724152
240.75156032302993
109.37925182176537
24.088548762878965
31.77913884622967
111.05750665666301
39.98147699038393
49.582583318054276
18.619649242626195
77.85947542899612
-15.771924671707296
109.24438401494547
28.283327823332215
-288.97976885505796
-147.061239687308
51.617806014704
76.52201472829769
107.87022292655854
-16.60294102796479
53.417449686712644
120.26942158710881
196.8820021523993
-6.494121703706856
34.79737663462561
5.28818281105805
39.29101778046649
38.48437341897193
57.9991362380847
-11.767370773054608
6.135284292418884
24.90506929324712
-52.23546779358162
17.11453763779741
-1.9138714930204515
-1.8562624399833556
171.49019249241564
33.148437914417954
25.85006184718577
59.879712838379135
66.31132560178334
67.17531704211055
8.400892329131455
4.415313193121392
47.16061943687055
125.1804042321778
-1.158059595521987
66.97684658744208
40.100864084429304
-3.1105216302038627
0.15789527004199044
46.47691118257407
-18.846260484343475
31.976552346483736
-27.07454049188207
-31.23107862492108
-38.89174973290437
44.36189092607804
-68.69300632155864
-77.99949661537494
4.535891656731792
11.36938563984928
39.08069869035938
57.19428133921132
117.56799270146985
21.218167427115986
96.03900315208239
42.56299724722385
17.501110076458104
43.50974896609897
9.027957555981175
119.19882167110791
-691.490045018702
22.175364178469913
224.74668826214247
19.742943260451284
146.82107191270393
145.81405842649428
-134.71238206864564
-1.5277338582864481
119.80351151355353
-5.605208477507858
-9.894566746634387
177.63048158249558
131.91222412402612
13.909569775017275
-17.001694229699524
19.6070436647641
2.9272519132599246
-0.9336578498215393
81.12709186694929
38.174546421337865
55.609697934380506
119.5843568532282
264.11392156104966
27.140424304726366
76.62097186898745
156.63360233868116
19.684501390868263
-35.73583171791324
7.077819730131296
-1.6752146188529957
41.38596679940156
51.04749150212001
-47.79881425377644
11.795708100666957
103.99275267551911
144.72855419416373
2.7345584350332865
-103.72914954324915
35.01514132227112
-29.546700325181867
-21.99185358520746
41.499646047899006
56.41055723558111
-243.9391602707783
64.63829510352599
27.72023038929855
27.08095061003112
115.55174275657782
5.605899322571888
60.27469837625915
41.60855762192341
65.44082889099991
56.6754180972747
271.0091073497824
202.4394927679282
55.16982033529043
127.74771839855066
-114.65251159351601
78.18356829164122
26.43943028794729
-53.35038006497642
5.24823270972555
-10.782628581921472
6.829817132444273
-23.96745541120646
72.68843874812
-25.787258865786953
27.545824706217765
34.74731016829435
62.83949259654446
23.318628528951194
76.74451598426532
241.9122692316837
142.51380975142774
11.37497192590854
-65.02929289298936
-32.56975520203923
-93.45735646178946
-107.75313303519943
72.67370975513882
-9.082492067705472
104.05668416408105
-103.86837958551769
43.352830512822266
-119.05633703213562
-110.14498396503586
-149.6138728852461
126.0953701534977
49.157032462912866
-163.06830561787365
9.897046020769556
-1.889325938794093
17.709415300235378
-50.917852768899685
24.1955672302488
49.627816260148165
-101.95702597523905
31.328026274275885
68.62200620233884
73.89614629088828
163.6052067300916
61.01021610722919
4.852217643616408
-20.823469354054396
70.0242937534741
52.03062045760717
40.77926010591838
18.068925225516672
30.532225970622957
-161.12835222024432
34.597239113868454
82.38667036165134
40.17902791732149
3.4781736722893584
169.06511681547295
-545.7016531279969
15.562101612369133
177.9402908403399
59.499349135941884
26.163508432269737
136.93826204396873
30.87373600462839
29.24247093798931
41.921972528520485
52.33264927561505
17.546879196084042
24.15941605909574
-25.379094159829663
-14.2671254138218
-24.787581975257922
-32.957086675831306
67.58513784671783
-511.0676938728925
119.91341564076538
56.137744882610605
-9.129316193420546
137.1685652192973
-377.20724119552233
57.094278340159235
97.12421558784445
-6.375871046573138
23.942600064329085
-175.78429906305337
187.90211592874266
79.82352194214673
88.75164903446375
42.5667256327647
25.747810304255015
41.52887816566697
85.87092926604737
39.059503709597266
-11.444418181045952
3.3836928451594233
52.982469655241495
30.815018288822632
204.3105057504804
-130.37143390404663
-140.66589946748672
30.018572604790833
26.750084049350438
104.4601496396217
-96.42708981132364
18.529269546488933
-6.543097414127017
1.8057245955014356
91.69505749841008
-96.03011961350512
38.77716178613525
-26.043361455512798
61.16493167404875
-18.11840285514276
-74.90442574260123
90.00214319552833
112.96014721867869
-29.65419785043292
-99.2015562317415
103.4185378860775
-25.999930289173093
34.62734100155441
-137.83361299884382
-73.54481289658997
-89.31537821936581
138.04176995231683
93.49091931433134
-82.82561942855727
48.65036461303862
100.41051426860167
-10.871540566836732
-59.2597555988491
8.074458061925602
85.73762256071768
-8.123073059398394
135.15613433877274
132.24541711673783
-58.594553568210976
50.70678801688385
140.72732090389536
74.61778391954113
-173.30902499099193
13.202959860021405
-89.44438185235322
87.05736917655054
28.681562141864916
25.316928061220324
-41.06156497426309
137.5790256940095
109.28919326730147
92.56431860175883
27.618997937962376
8.504801370793302
65.31985185458052
-49.643359861056524
31.452990201386456
-14.708296432345378
31.466365727768306
1.3582870942017848
-127.4756934858724
22.98890899531287
-44.173580507645056
-120.65008362690787
-45.72387132496988
41.701577293300694
95.47262576565527
84.34209188238174
9.584763910220415
137.77591438649097
12.61180064133535
94.15833448234162
-61.44234032431268
130.20751137235152
22.29374933860896
9.331319816844825
275.79878392746286
91.66390551491861
122.838804939086
182.63267733727207
65.1958029188072
18.594804546530213
-4.074971880036173
113.48575170326922
42.14913813435494
28.10243115056528
7.310194166715064
54.94977503397482
87.7015848999124
27.622651179704008
2.296788385413768
-112.70405833400218
-13.753316077642921
57.24012038315129
101.85920844687735
178.0253976615195
27.530859949885148
97.29737002597994
75.8949048317038
27.931456530484997
59.60821733235383
84.31538893851257
79.89605187294734
55.85469492148138
51.02251606356042
75.63210807739364
-73.93262606099597
15.586245105456596
61.40506711624559
69.86944948254768
42.902617715892575
-7.53202318240934
42.46218014791174
111.37590070576641
79.98540967982422
167.16381257286184
45.86450062413181
-97.4070580072551
76.5666308307622
41.64448413621358
-0.9542711451381365
201.35014157238038
52.47483424732036
148.36725195827512
-10.412403389015253
119.08625612310425
38.71773217299915
-45.40211349436049
46.572622950367716
190.98746771360902
-9.375617671162217
63.36228761403737
112.36852527245446
56.69758345510593
58.03929211452868
13.360941000790547
-29.206967406683
129.00398671189305
82.42594573872839
54.54410654074218
41.82188700344173
-47.60299225107704
105.3224343591196
57.52447707496617
140.38696052170872
29.093867989366572
9.745968078991213
42.36601788508955
158.79462266630458
174.30872859605006
-10.539982371620367
94.96893376910867
21.880380072955475
188.80933205027577
10.5021053212663
63.093749682427685
133.7462256361564
11.757784724355608
26.468687231921194
-117.15650089818428
23.25366679888087
7.21857620966999
131.94609736002235
54.74500993603988
30.033435986296467
70.68727521511153
17.382789225848665
50.72041741332987
33.46494511157259
0.6097607017111812
9.430796760018923
-24.781907655516534
49.356614935880316
50.564322317431554
122.31834416834818
-250.74732495990247
-8.060084666579002
56.72909592354972
-15.26643420889377
45.595717713385234
149.20607037098762
68.29397069576001
109.46266813481043
24.025177483191328
314.66170680891355
107.1999584030209
106.25183446268903
-210.8931938892515
83.3738444163622
113.53665239033853
-23.892194805779496
35.68446302205193
-70.87905737542678
-136.9563772772999
46.413329490837455
55.83241706395688
13.802713804439918
-129.88840411104366
13.53769605118447
58.62452233633394
16.283786854641676
17.83321179581081
1505.2189821619463
1.8017255911436223
15.653610143356218
-26.0839326544678
-27.588449289443908
50.63224377648076
-148.07764648825514
71.31396392037712
-66.7187685894678
26.82619669216794
112.55591691259269
21.840598738310746
69.69380088151718
-256.3483788761905
100.24297156788361
-543.9115384930027
6.55652772466998
100.76918093232587
-38.45326624055724
27.725646405799907
62.28267914073302
24.116296740800987
96.61544974832077
144.5216795092283
55.52119830619631
49.2194409900861
-75.34404726639877
29.31751398755133
77.33449183110815
78.7045774978128
-2.9060842824498745
101.39480235830911
-208.99630159062872
70.5802750751759
119.30000039834067
29.09907519460333
83.19801591837575
-137.51996145477597
-157.36570786578523
14.877104837568027
128.71729881923966
71.06507029358272
35.14578206916083
186.1665595091381
-54.44156531650606
47.016278914875585
-6.443291110070341
-4.14033248278929
21.55333887341585
56.94824969811222
13.137625452428836
126.52480361323342
133.53571687870362
-26.84083063470906
-127.63340213245692
21.624466565071415
3.4261715064192093
61.41170724888343
55.92676374775945
2.3125601924002694
98.27770411753136
74.41947747147492
63.33945357556223
-10.984763574791032
106.68284729817924
57.92374264510232
34.26959334538958
54.86896105847274
137.21713621089907
126.16036105403055
7.390569771737417
115.32172072232379
-377.44535818872106
49.21022524727232
33.97361127839043
-79.43849436744586
243.8838253535705
100.37779208202068
22.973419083225032
33.48003951223791
-89.6470543871849
-58.725053846828814
30.578916476258666
-24.940358036398266
-59.143317159119306
-25.35849423737079
57.436678398533275
15.61210495536557
115.60592175964166
171.4536160819198
30.93597219087366
-253.01086665791354
18.149917616322327
5.477417844517155
-107.1406887481462
92.66262171001699
17.28316779644127
79.44047320371453
-210.53356685770905
234.60710259367988
73.03658652758588
49.122782699838524
-4.797301305731054
-900.0527341331122
-6.272144617179947
57.39473711590108
-88.43866996627477
84.92899700649173
-6.667865805093243
24.680351356888593
1.7310290326963695
12.829929915822959
115.55299539101634
44.099451278106244
23.594967549220314
28.6542662149017
97.73462048007696
-531.862661515047
95.0371329729735
69.49803913523442
65.69878578165844
-116.13028969531479
90.39480128683431
93.94989887308589
-101.48934385095026
39.799608193204904
-64.88166354013447
217.83662527253455
-148.72100848727405
75.82183961461205
-151.2176874909337
139.5690154861495
114.9440634084549
1.210281364271998
-117.12582203940337
-33.60951438328675
-133.00268794040565
-373.6651084129371
-87.75628672023777
38.073935210775
45.35407248554182
-247.51630996383756
-84.13780982203525
-18.4660352094279
25.672828226068305
67.72634040522507
49.761901215029184
-5.037711132153163
103.46436727091759
65.09924278435392
-66.96197006584316
-150.98438410995004
49.15853876556048
53.41584070632098
-216.75152432174173
19.29019820852653
117.58364133326359
65.3249991412954
137.796264800333
51.18218633606489
38.91867789212404
28.012343669146503
29.717705706637787
19.055436520103978
94.44552226415408
-193.35144347872665
-6.743775350388802
143.86540276515598
-19.431835081584723
61.40318275688924
32.21067696441413
89.0080006600171
78.51312202788654
147.6696690949957
-237.14394931864717
-178.6067269418768
37.24572845935319
92.28047844779303
-38.90291357900214
-118.83287792280007
-157.11871697521883
36.56365355216021
127.82481016057864
2.2250868005021402
41.807695977353575
21.846119729824355
-2.490546372666329
64.71713276417859
164.8508516355571
54.60895676511234
5.912429932023654
-45.421998808645185
74.0944185635185
63.91352536492886
-33.76659948880014
107.28280031788609
-54.97394975615043
23.432652397383208
50.0786024731824
82.05831817756462
27.023001276876585
59.64922304451312
17.3213436328806
50.96405813485842
39.259092752052766
94.96129998964034
52.65941452879392
94.63375684371158
23.4132073193231
55.66642636363413
-137.93477051660375
-22.768183360780313
39.187068516730385
116.40349724599764
-31.310305599757157
-2.1478922291535127
177.9364932007943
35.92970694149432
-93.55979513949524
21.576624460621456
83.53900162192849
-13.681849020686968
72.94450848106203
64.08676807849744
-866.960141216846
-108.08497635958884
-109.38841674280138
23.583472597723276
-907.864761074937
178.31783040334358
49.084346081526746
201.73194396538793
-169.42843534327721
43.85394254505354
116.50583262061627
-91.4623508799441
180.76168480215983
20.65980170720882
-91.46088991789702
74.23386664680129
26.35386458205528
-124.2807042809759
70.63159945703039
-13.837948395406869
28.49053772731031
73.08745720365127
-45.95165843002496
154.78277581865996
0.7511131136243697
-1.8400193260679707
96.82709286506633
10.440449301863525
32.1712905600049
28.27412039746073
9.454616758371799
60.70075045153317
48.75717992184218
26.735966474316246
-104.33704936928734
0.4418699999155251
77.65676061391162
116.70007248365573
53.6028895185209
104.78435648490836
28.8946535280771
67.0879075674217
-7.907914061783888
8.256821787755436
-2.8184185691820858
16.224845548720378
167.4766302449625
46.60722474274388
38.55445902942334
-94.00870126950485
49.76253754634556
37.781790565432914
8.468335183009977
-28.434537875786987
61.15170580814805
64.63763874847686
46.50405679303384
50.59249649439298
47.35270237047371
161.30821557385252
84.83937733049572
-7.102832562790095
66.02948363797395
279.647642528118
95.67621722497233
192.78787622184177
-17.919172382395306
-632.3689007775309
-4.371080307765287
19.672641364027523
-216.12750877864892
3.480236491271228
134.53771001008909
-59.668686485527815
-103.2770350736746
86.16727422668555
4.248940502031076
6.235239889277994
140.44288249030888
75.03430827758393
37.815851223849776
-334.22405629129753
81.79841853975188
56.67722578956159
143.91501749479494
10.162875317303042
82.81336871999042
109.12485319298048
23.821571908787856
-46.38722702766427
-17.962278073301913
72.86885604524761
-13.031522396914436
29.19526139252129
61.20806083085597
125.5281467701484
128.41544973013606
105.86972614579463
21.112461897128075
152.50959552070572
116.54941878678778
54.800398213953244
14.320730836309849
53.18188489707063
-8.986438418402031
82.50837070229727
58.69375632352194
40.10993309270816
35.13900408524642
34.3619670153289
20.494093709310427
42.79120295783818
79.16349641238146
21.491994576492896
-10.964744657837855
-29.34611698802655
28.80994451290549
-1.0619729984446167
12.635071430217613
100.65678965358393
-25.92304588866091
69.73790143168549
-23.553650673388546
124.20820870630723
62.36881074504124
-39.623357000750744
-6.2088850174166055
110.04993919669641
-293.33187655437723
-47.82124879596253
48.628363490069205
29.312398635220347
56.885816581871495
12.841155008615507
117.44628684192321
105.06794986713476
-5.5179595907306975
68.7322811287172
70.4784468514109
-11.706259924218024
166.22795264317483
175.72278718505095
222.15371582014404
178.7728744214528
-3.196649355050795
-1.449537516488626
71.42664618115623
19.736867386305256
-106.67352936524185
4.619443557855448
1.8991930141096418
59.137935625323735
96.55013943524364
-115.59700233988406
112.7705679828291
32.12557338385939
200.69521294847164
159.2329067623109
29.438756716994817
65.85670375899349
54.67430008581229
40.317064572503114
-22.42879821813028
27.63140056532993
-20.786679383435512
81.21949317680054
-161.20995931289508
-18.179333939353796
55.56726294617965
49.52308022564716
188.54324404011277
113.9686765575616
94.98772899298376
170.92868994276523
165.58863989800057
73.24225910907154
-130.35923498909278
-121.8511648912342
17.67628689108966
53.58744264160987
9.687472581721295
41.628399742971396
29.316421045029486
20.077775129975635
20.08699242923376
62.9971924201177
-89.21904679210274
13.85626353099542
34.189846848931666
-312.43850966334503
-119.70480871506425
66.96470287641586
44.2117246916232
19.934279272386448
-5.999747673808088
54.70911237708913
55.339715174563935
58.61317061312792
-3.0462059168748965
22.44015510284101
-95.80977265250067
-21.041635572532414
78.70782149947308
162.64612717377736
159.5560944650524
-6.456720875946303
-20.472122552540696
-26.213081518072613
55.121338053595196
51.963619261404574
-1.9552628046099017
48.67352998061144
24.08648286258864
-28.511822981367914
-113.89575672831324
9.352817253739204
151.57899308704873
-18.563312540660185
54.200893322568845
133.72382561330141
24.927133455421426
105.20761360907
-94.58429466894859
19.925081886524012
5.039396825874889
5.8206052167411375
42.02354280120471
105.6709110416698
77.12661318414513
70.8738503774361
-25.049835428128972
27.878571252370683
4.107855769991509
43.282607248177555
85.44767643515502
25.63557216559091
36.45391815846329
11.767212979494632
-73.81972637118584
28.316184465779315
32.26704693287496
139.84458124731668
35.09944853912808
-8.513684199493355
-26.23453866541354
141.36245727678852
-389.1403921514784
88.32087990999844
-145.5095902731373
10.820989429872709
25.933453828921543
43.42696431397098
-56.03438683860804
49.93538884843682
78.53738319056038
62.848640872356555
29.113735063773206
140.3021373710285
160.08938204368724
71.753436214477
-38.3797236402297
74.27887699623261
43.146448727394386
50.41581589713055
-107.99186347974319
209.5351526663926
28.30377125387871
55.97932266143727
22.10521082924464
-82.34243290598579
41.339253770135656
-90.35642673179927
78.66783111274617
28.25195859269086
22.995147107260436
37.76840008022013
113.93548492538639
71.81308132465665
82.27932199545813
51.43790521982896
325.65142220063626
91.00447363850685
33.62802775639354
69.2208986712958
-30.10728167318191
23.41896670812362
-32.65646937255542
-43.48686582250866
25.02012648742272
-43.46993263745766
-7.079437106446562
155.8003762135845
-24.785985881339396
123.57770502480798
-2.872250843302936
160.89530266710108
116.06660442355656
137.69041763106907
58.1348877615369
40.85290584260474
14.340241804335164
54.26230003844224
21.830418101096484
51.28002425560489
128.00631420507625
108.29800831776174
-21.923070459484666
59.06381829309589
36.735076634855915
-3.8209099654898897
38.23805262405949
69.23530892241615
23.629372468337646
9.96687780522854
24.09617616830608
101.8749733623622
12.682360416657502
116.49939497232003
79.26636135207264
-35.62254294662216
160.06780949640643
121.9372981086467
79.02295751167162
95.53171174113504
47.191376765044424
34.70537323199513
47.36200121205346
-40.18309967440001
-67.34103348523058
-51.745549444445714
17.160002254142
14.188410603744842
37.83867189873096
-93.69344107606867
8.715794881185325
68.94773055404562
-78.97277429995893
66.98172452109088
12.062715194344491
41.69364530338282
8.739164904186055
120.57460367941803
-7.4777642754262414
-133.15685184807307
8.247122943831908
-5.049581495578563
11.608796080622662
83.68223734746698
34.00914441868417
160.36086973408737
96.64340661208871
-41.577421047073585
108.37634267463613
-23.176856192183394
-83.94204531728928
188.2172833393065
-44.36790778858585
105.14663662414569
54.767139234534525
74.01138920492372
87.54804066658366
-12.014193844881923
-18.462981179742453
81.17997069833473
3.4297102829197073
50.025085068668716
20.970296790566515
35.65460751569169
-41.716177952962425
21.09201630880716
105.66812868553382
11.820312106066446
3.8094700363623275
1.7664340646520689
1.4045755212258868
58.18675763741112
122.84597749001023
130.4473256289075
158.18644098482127
25.794504100331245
-341.8609226613735
-61.307822719723845
45.566340112962735
69.66927987343581
33.89682091976498
37.64762469812386
84.88236385894606
85.67743488158408
48.885145393880464
67.2234043137787
64.18263884506541
70.06424194723695
39.1771733299355
-23.08274714859006
35.35862630020347
-28.258022696143144
53.83776588884666
53.58366771235569
33.02783546285602
51.59943563025416
16.737854885016077
-23.02589744289764
164.40724165582287
-20.319650058856514
58.830570939075244
36.389364393896074
133.93045453780496
-133.32821795899508
9.525489309864975
-120.15426122012741
-175.3072017974646
32.16774875958845
133.24026475804658
19.255417967527492
-143.65146760924654
-105.64604918671557
8.917107384772862
69.89081122186963
61.32238992310194
-183.89730199442965
77.87520067750643
-10.664899255777485
-16.71104630380883
27.820937033548223
186.03601226373848
12.322827441763195
-1.1720008767765648
-18.696652638265732
97.75172765693947
38.134451418206126
-64.9935536551393
35.53326422806208
22.20961820893126
-46.50270291798108
-40.21511188321975
87.08694013688546
85.8873261616061
73.27709489882545
-98.74112081044223
17.30478135217599
104.61617712045336
192.18067754383765
132.8499779118447
32.67380697919589
-16.938623177183068
116.2755292314514
16.46427231214421
-215.54973545188113
-17.532553615045344
47.78342105025115
-79.497198542756
94.91439526270639
173.53640543516758
121.31759387740203
44.631558867038166
70.56085394670754
-5.895121878058741
13.273465693370326
25.393891234466327
-8.614698114886165
59.48442950660315
126.82041440253579
104.0397730626853
61.774270069557474
1.914651942864566
49.06886845270793
-6.614247518594263
115.60241665200522
-9.066123879461022
40.877258510824504
53.45224372827988
52.587796683067324
60.87327928078594
-8.232875470527985
-33.245328095721106
187.39421301971652
-45.51701342242424
19.93872984948181
6.112660855573221
22.490623234319628
17.778857635442602
3.930375870356181
125.85375633769672
-158.55902210440132
112.93320487594292
34.85588016486804
194.0010541132508
-486.8121238894074
3.26279033019091
24.17561698779855
139.73236183698873
70.13853831815982
77.97455513412046
-3.663605757016626
60.188385751622604
123.01120109595172
98.87393075383181
81.82517976949686
11.333483726292775
75.40761939704512
127.33831934508771
121.0126054825405
-116.00896833092065
43.77663041315269
35.176903131970995
10.502853424370642
-191.75811519880062
22.545060362408833
182.05913400630834
-25.73123992060664
19.633697762938027
68.39316850048658
18.490211113869464
-250.52154757647986
60.78970813692217
-11.899235066575107
38.61157137903618
-89.22081709554641
-193.64650413829258
233.1932538599117
3.9117898655890713
103.24528348932154
-83.2807480820129
64.85398850697345
74.2306487086627
76.35178345018065
-4.025153571479848
66.8923769610874
22.56924061743301
-113.07756414761798
81.55927973573262
89.81423961203745
86.89630672589988
122.3702417596428
2.625013604424294
28.829703689754375
10.513321540931205
74.48638572360824
-108.94466714219925
-1588.3693840282585
76.99653110427812
-81.49373255614591
38.104850072815225
140.06232819007369
68.29146857297815
-90.5786271463794
75.20826962356523
21.77849234729922
208.19436903838778
-20.744979722087464
40.52235460649073
98.19116460127793
82.83034539958226
-1.4835508103297446
4.0361176693057566
-12.253068826851177
9.37057064047237
61.40780160747266
-105.90549035852837
93.62021915973992
24.737189650912352
46.676121711886125
26.188330078644412
109.40361211124605
1.2471418591953578
23.997948818320317
70.86952592723446
-28.821484018656065
139.3966184651622
100.46537150953998
45.700314922627115
-6.112407591408214
-65.7516283964469
38.35607654225532
5.550882909147385
108.6131571093112
44.054638485661144
-47.20276207814381
-78.80298755367474
25.72863028953011
40.25920757587346
-15.438221942415112
45.58138671824318
63.3868670433054
219.92486256081247
61.65719770765969
292.46414029525295
4.706225832470409
89.55177555787395
117.90427666878759
-7.630398597401362
31.4102965996291
7.242647844029619
133.92858314333841
25.518943934788695
47.76282449991231
0.021322078563514424
-45.84474193252814
16.299572584268635
-11.62456435228244
-51.737088090701874
-98.73910083345982
140.23526439338912
-35.3960696845126
-50.1129736466984
133.13176586575014
31.62298758964471
1.058014833955837
-8.013780500504556
-102.75060607816795
91.80706904123781
23.33043150130187
66.43797668242223
48.78967681866891
8.258990479236175
95.66444022051968
52.37996349504912
30.744834953762545
63.80909294013702
66.90941965232696
78.89455946813393
33.09760167669383
-41.82216870117321
45.46299484268414
57.460751297946146
1105.4063603548766
-20.23050696075655
16.908560867737094
91.22849831454641
-5.652449535634138
59.64484661524087
228.68362000605066
104.31210923081835
-12.592622008260214
73.09613027502371
192.62795452479622
113.06829103704786
138.36128131984196
84.31620846010583
-16.640472646804028
51.96001082623053
-24.284281799172277
-85.23119271929454
46.719867624083605
-47.34230343484478
-89.6569246660913
-26.32101596295975
-55.301515425936174
-260.9059383412448
20.404297008844047
97.3183406754697
150.86382222507336
82.6147353094625
95.90227587387614
-10.150477724707066
-12.763869485372908
119.18556905356081
29.779894739699103
-36.65649760489805
45.51155871350579
-113.19670852134732
45.72486094172078
113.9840642567433
76.30481969746324
7.716350382119469
6.292572904159897
13.171204020868867
39.24750138371496
-26.475307386693906
-67.75589627336285
40.17687548653919
-61.02151093730254
31.629940625692562
47.73468904271911
28.391948017461736
-611.9023863863667
131.06585559195014
118.55870106242082
48.34736638437681
141.98957833422355
59.920497073252136
90.87165070466972
59.618624635188326
32.39776912961236
46.839743855410745
-133.17122301946983
72.54127624985904
3.0213109665915
2.4646033793445454
23.87304059678998
59.808653447470874
17.15564452662464
3.2470176346437256
25.14789644904249
22.84079197566186
3.28122868835208
60.24782360487383
94.3687782984689
-151.85371724771494
36.42893769663547
30.558728796912874
113.58497434566266
94.0699821973858
41.512509803982404
44.26441223522784
102.48141439077529
-82.62175802100137
46.6134288010363
56.23299510761353
157.66106485755745
13.448470309734645
105.92325092558758
-44.49125246637641
66.10448642867243
31.256096039796432
-101.63843874314716
-107.24561745766732
82.60636942520478
68.41533774062094
150.5963341101824
-73.63358679440171
8.527555128349801
67.50946963722981
-58.676650767169576
-152.8905848001782
96.89951464347268
65.46560565429479
70.617364065836
14.557953333089245
41.799706259300365
81.02071095370411
26.321563378739214
-93.11193295237672
-5.880966722742414
43.48375092459118
37.808114262745335
-26.758530230736497
52.64222567302204
-3.937596054808772
91.61876283642869
56.083365997408194
136.92578291382802
32.2602055317451
89.6957660559865
24.792375417378896
-372.8959162340261
94.09523956347812
47.245068103214805
73.09877367876334
-34.28501745888161
30.17613089673921
34.81179020542368
-150.65227872507648
59.288339332361375
-25.095983932644483
37.201331596699596
7.98768848075224
177.8359389792381
-148.42244392234306
-172.76342153672067
5.6388507780211325
26.236900156339523
27.039665438125606
166.18623772868068
83.3909764306236
59.82937594742856
-167.93137335606843
75.09526089885048
102.73212530525893
70.6849898065991
55.62791717335426
-9.54746614816471
36.47852327285824
-234.30097496186227
74.7654432285189
1.6273016388236101
-9.810381720703447
156.30031781691423
55.43717825806253
25.40847446192356
-12.0528920777665
94.18889480003008
187.37634403040647
82.85244490968898
34.78403290193454
67.39779357878368
25.156252529008416
-21.069554278695115
8.612996561683758
68.85488804324712
32.35378483029535
-51.5923209100647
34.680606716970566
84.01744518026544
54.59728151807058
53.50656251057478
-11.291776448385688
5.824205968217029
32.2106807171134
140.83795219639228
58.711976588029756
40.538463741286954
95.47882110163948
-5.809212848417052
38.735041383797125
64.68430574925367
17.21126431638758
-303.21329560478625
94.4603055900418
85.19914813038804
11.287202838200836
160.58305116457586
76.05584381252203
78.69730148320718
3.7693972682991443
105.86615705358736
86.62321314852625
11.115384875570726
130.1018421689696
182.81236255844942
221.7534441646585
21.88656725357032
24.705523550889595
30.491655609507728
-17.938790494675686
165.17243663374757
80.59765610420388
123.86047049053468
111.44328666820297
-86.32247870538322
68.95983197158057
-25.450702725582232
2.547522777880687
-47.34596736390495
147.8527664951357
47.856090851310796
95.4798124063675
-3.4354156306786225
53.71864310702131
-11.609469536144186
40.361106718060626
10.070154544926762
7.440354693934642
-85.06812426184433
33.68580238951653
148.27383182490848
12.913017250868634
-24.872455752353744
-11.205182572581178
141.06481566965977
100.387169352196
14.744156115462575
95.4530106147995
11.117592093490417
12.341146232487052
152.973257020014
14.941329837059898
24.71416512557697
-102.44589817681162
80.03177356650258
-237.8555905733915
22.26614785189586
84.47144615393154
25.423207969902876
-146.81550247918221
47.12347565767345
1.687820580213156
92.95668704180184
6.1731251302032275
46.32830209353475
3.573445587618256
25.13896176515709
51.31652208701865
151.15769398226712
19.899808101808162
54.75991821954295
57.197611383583876
-54.19462434389441
54.81583920196816
70.13456198382048
100.79948054026636
180.58748062158793
57.77058449859112
-128.003561672263
-666.4887478181863
-60.705684335766364
12.030600667604197
105.51372681146972
49.27969150103263
12.013106333171756
66.014568807307
23.708779568621154
80.37912789002996
-73.9843487989474
78.04810485479555
6.961214463522143
41.62882993532022
22.531263182303064
27.248666793934117
16.186328682728778
120.46736240547034
49.96754632097254
104.83177860509073
6.137119182872229
84.21193581831392
92.12019754852872
140.22499689161032
2.3447077699602232
21.484972901293986
12.350584507915073
-23.210637829722017
80.30767175985761
31.59702430154909
114.9686268983587
20.029252313340628
9.089732503183233
154.38873856849477
-204.0724605805126
26.36292339525727
39.57429300284366
13.56696806145228
41.223868455711
10.951226999289048
80.21777349748845
-117.96759202146677
31.68397000465136
4.935587044809836
-25.405528325943123
-112.2276617624766
18.536392514166838
-3.92023923135298
178.14360099569467
33.85698860832457
-158.24759667700582
78.95474915317055
56.83469688325226
-142.52421575963172
30.34617631610924
152.08511614010604
76.88370020246236
-9.393932856443826
-23.384062904453458
65.18826205075871
200.09556109870118
34.871685665019
133.36447166960033
14.422065257440163
18.97530800989216
14.014628814147605
27.643165940626773
17.281101110829923
-56.46121893733334
24.405482119314
146.5356719104375
-88.89739072816658
36.626026070146125
15.620424158635302
94.64566920575493
100.42045079282298
-23.909407710780215
67.76685354754221
52.9388341342775
-39.43872827063433
45.106888783685456
134.01034356935997
37.40843731467794
122.26334189543968
10.405754212568738
-34.870895659324106
156.0596531420324
31.977941828901148
209.30991898145476
5.600699978437234
29.370724290038197
57.70269332902626
-42.979862747233604
19.993169697486834
104.37335090044712
120.4373254374118
13.500242468154639
32.15392466920002
111.58552936741319
-1.1655097570278146
113.92459058998702
32.78201065867907
24.291666692298698
174.71767527839575
36.29821263743588
8.305138598101848
109.21791493111687
4.7511468209769125
73.31301189384749
69.82702904531152
42.7098606848222
40.45600598063385
25.755866245906454
78.86297697661985
89.26465720188753
-28.766589180480878
177.44549524107333
94.73600544683518
76.12727995175874
-59.43009587003917
94.10381287027349
8.183720397470303
-14.9850427711572
21.237316376917097
-193.522567860874
-4.5664186683475805
-76.99095839639449
17.648395968924433
72.51522740212658
-176.1007936177175
88.09449364956004
-61.667681620449
-152.2061376072097
-52.6165499295195
-19.722349957104754
179.94790664315042
-120.25743614856401
68.15436118184653
-74.06129626771144
-33.901747289643026
24.41115625796124
2.651908764081938
71.83121287998028
43.543190080931765
-10.281370834097856
95.18912771479472
-445.031575246433
34.57139988091977
-21.946116660799003
24.55703599119139
75.2073151910945
-323.3388644000679
-74.20579732884107
111.32498594417257
32.33665830675912
-22.94765098954531
3.1648776617818584
-120.07624445857346
-221.03074676291635
-8.90411960426045
-43.30755430311128
43.096881366167956
156.0810551166528
111.99737412475224
51.66520102990021
88.6190132219715
-28.686623796371315
48.67592154571511
138.1705428659493
46.88521636616633
-85.9899545541657
30.860759050376913
266.07712293899476
28.58792488769115
79.89379502121983
54.6450589583539
218.8437565962713
-19.428636335395822
85.26901395201685
24.371421683142305
16.47511254141224
39.20783312647973
72.50713634752356
29.320017974300526
-1.6262420666557356
98.11362877407487
-43.01552412408804
5.707305215979886
-170.13807902233935
19.08923219840787
68.55762881120882
-76.04609825245188
94.09508350648548
-1.641330736985108
24.938079081307954
-35.748178606750116
36.12129237077215
43.480636766558746
126.70128157095405
-105.24428088840452
21.080747139654022
28.679061823431944
30.38032491010108
8.706062008161522
13.61041519253684
-170.67938414533273
-153.59412436778376
63.14752124565712
-56.542868244234796
25.50518204024161
51.40779063556439
70.7559934495758
53.93885184317287
26.791764053595944
68.66843888405471
62.40561749484914
22.52437331278736
-6.070531867257614
44.9124066713604
-27.880137592765664
-19.36498426448057
-74.64575514353328
16.162183933705364
38.03895168438672
83.36167339910094
105.46120838191246
49.27102084508158
-50.94426656015685
-35.779888387851315
-202.9204093063504
13.69448636569228
52.221659328958566
-248.68537983212445
12.727290947467367
35.03020380488652
22.33739544277727
34.15039339258601
2.9972854381387446
37.80302173197723
62.24951150364334
40.08827011860248
-41.426299451022714
-113.85234708060943
10.210846765557392
75.33047333767007
16.382079218132162
4.892325352065882
5.808976809360754
40.04336498195188
-30.96322269930988
181.76040085210843
-4.010364410742341
11.736922685250939
-82.13501677752447
101.58018832762218
22.642947981254355
-153.16015999656975
107.27943580293629
-1.304639638555541
78.9028829446097
47.98678275850486
79.08456935786103
-108.02646740596214
-4.577669713067614
-39.580579312992995
52.87254428010607
-519.7044222120209
30.964381377706218
-16.771441700695007
64.89828434308265
21.41528971813149
-5.415329720552301
34.50776498426967
74.21574131821416
189.78742499620694
48.68755960616363
-127.57945498895151
71.27270451952954
-134.39323990969478
106.47740162725836
-145.4888099006531
-422.0536857624555
183.2218427122457
43.87518136230784
-45.13346356813145
5.644372296879737
154.20270020850194
-25.51777384771594
-243.88457809046713
48.42319973477342
51.87710161968516
84.76873833365744
-167.42652648491458
-69.95091408019653
40.941872761165484
-50.55336186981549
30.23788964403184
76.41280884986986
16.58895181318894
99.91505812371224
-42.45029207860894
50.60567972484614
102.9741045871715
-1.141849237857332
78.00809730365518
25.615768102330524
131.14997060596352
18.365129452791233
40.962473860045975
5.558422067095307
114.65680567826962
81.27206254231214
-109.95318407475497
35.47207752289453
133.95519520865867
188.0372049841485
51.10017273138919
-55.26691108075647
45.84919897483809
86.4636721262134
-153.86333710021427
44.693476789063425
127.3923595813701
-87.2625758746276
0.6491361533163932
2.943038626772129
54.146785881581295
51.76802437430031
67.914870374651
31.68071933346408
65.11160258908578
8.041417721396316
45.889590929872796
3.827036388307791
23.794387110516556
164.24127777537797
166.98486762055745
148.941686848151
10.453842844171305
27.714685234496034
-140.24743099493338
35.89535038579834
33.19267404555467
40.84862215908497
105.98043933399686
-1.5975353568214463
127.57606702434714
-22.044391565007047
34.80921345347254
18.94407008754979
78.98893704099447
122.1203355706798
12.148874922801951
-3.0570495854194633
178.67028987755066
23.035061023988945
164.9659736260337
-85.46541159478966
31.349556931621088
285.0097475501352
75.75016285425636
67.2163049198383
8.767814021568498
123.95304648100819
88.60536002158437
-31.60307339067913
100.86542376840998
111.65221003594456
-26.62492652354308
-108.01836101382378
94.97061648041836
-30.156226593274624
12.013069987557458
-44.243924731910504
-15.450077344076501
47.221736464752894
108.30323750695743
163.69348847989022
25.16666614293763
7.861088888119411
90.3934420779301
-1.0841006063483292
68.25869963138803
20.13850477080814
55.98987851214349
79.05610850316856
219.10675891715346
12.431021220713117
18.20452518246968
-117.35833516301864
74.16056870586559
-51.45241515411044
8.690270324498215
99.10460329843863
103.25258429823646
8.856772316861308
178.5747157864016
5.298831264459295
-7.913151812554367
-273.6452640088146
-54.059288630779065
-5.871802708487785
8.894156438074646
17.226317398648007
96.40320599606753
-379.62736764300735
-430.6334570634335
-6.57640395335967
-74.31274866354079
74.39904885120333
3.646010093695164
116.037545868307
178.0342623442566
5.799020214666577
46.24719221978066
2.093144551774868
28.075864250937986
-140.81051062390452
-30.1996577210748
119.90083104038797
10.652516158595017
-12.394199887748073
-17.85724694677541
46.53752253988773
21.26747800975173
-138.98116849795588
-117.93426453672237
-64.46252844638502
-62.193280665795555
149.2575087464868
-33.46332398113756
56.03919308735479
29.895236776832842
-101.15775181127265
101.70542229786452
133.76878158583418
53.33241307904433
200.8789409819742
-34.07804151460596
-25.19130894601176
44.580052533981245
40.45931773346092
36.25291379162673
12.836163075926201
1.4036919561888759
-10.106652411552773
88.07619158041354
-104.64147917229565
26.30505539511531
180.5548654722811
54.132763989312934
12.4057969604969
42.03369217935992
107.97001448052174
228.89519795658043
64.22759862474436
85.21746758000558
15.493912770596683
-103.13397507916511
-6.186807887274895
-89.50628387904817
28.537725722102795
-68.3037410658394
43.276786485263756
67.88894669597448
25.169237315313573
-58.575454149363395
-3.775952464734928
41.64522127170312
-46.197479311849285
156.1328570058131
-174.14826763380552
24.958059620269083
8.988513986799319
51.87143478929568
33.7674814837369
-38.09877520037935
49.476425993466364
3.7600150058442523
3.0496405488623504
50.58441914233299
-57.96648984967931
14.041508503338946
-41.89074584533137
206.40738564656704
97.45598316985644
2.7593731533515893
41.32652696453465
124.99874274727244
52.64784308666043
78.4756447967435
50.55065498760331
9.425348883326592
107.87257919810622
38.42299686826192
72.11181965977721
39.08484821012917
146.97036104597737
-70.53251660541355
67.66823788436929
102.48545249934705
11.021945272192625
143.46280737797952
23.881436450097908
79.8571292513081
97.70984485273289
67.54385303040908
49.97468754362444
11.08190537466199
-55.030464530877
119.18002780114603
52.8515313880153
18.57081049280532
-97.76291246128858
-12.917897979205009
91.11337308987785
35.90506808857
-140.55213860864387
-22.957343022305395
12.52967529563115
-17.986634559000727
22.1992865675673
22.059866391194646
67.21629403150473
95.96820043625019
116.87182773942436
-14.475108761648038
26.719575570491433
44.24747090510139
4.777463057128898
16.994517913358195
58.33245302292744
7.345744335685322
231.7148667435431
-51.204421481285486
101.69652057734038
-259.9736781692159
145.01429004177044
27.983545872700404
-946.1708587500783
-3.0516091855829472
13.912693028876859
-101.68243518621011
183.56135490434917
100.25051765877808
44.42970483428451
4.4169090885774995
23.39716277578657
138.68610410548172
-11.194680070927976
43.70739033555947
30.05384122281119
31.068634167532466
48.20485274536105
58.492542767217515
-139.99614313595976
49.61619405182188
-45.114538540537524
16.820397677341134
-210.76676073226918
52.75828672477966
-22.16530332129537
14.041822437292907
5.019963051519681
6.803403106198486
262.31780499597835
31.821240440007696
35.17610350502082
34.445075328779694
-3.7244617262846305
30.90976719049786
51.63000970254279
-62.372655309328366
9.971588269012845
-247.89515736605063
141.9984714405191
84.43132514251374
-24.99732842818412
57.54495869929946
27.78309038475072
158.37309950550616
31.720052868564153
53.99917783223043
-157.13367382179422
69.15605458110653
80.21670427976878
-10.885946509083764
-112.11153968823692
67.36064940961865
50.557208183680814
32.3140079510771
137.375469637268
61.32535063728933
22.96247418179155
117.02726795784747
32.58734902225478
72.47355111673096
58.6937641521431
4.234938112958459
-239.51796458387025
47.925906107859106
-74.40542501243726
1.4422650694359618
25.796229989810485
8.555984675322179
24.325709852764703
-64.4090475213743
-162.61627331563886
17.71714338511042
39.0156466145303
12.740907340292324
-15.56307224758098
3.285256882850667
20.122365164059826
54.46227112632954
-11.106411470042739
-0.5247527748600688
18.53253155498669
60.88962149100943
-1.5169635709953582
53.32449375522053
12.634902714714094
-54.39851867809034
-27.343730446580594
-134.64228232431742
-7.465055567838181
128.9478430241811
-55.842078718148514
-6.371869847365016
99.06517550993249
-1.1400355039860768
34.50652363078861
147.78862691214908
-165.48014978749916
26.40271695135824
-363.8932335918644
-94.5814328653355
64.32653749161454
40.91219520162235
32.81101607507402
35.669967769934004
11.785207403886261
48.74717890995041
34.31121475125646
-44.66875063309544
75.25728572076872
43.01858569364161
-370.53594552778213
-25.202088129071505
46.141768582836164
-19.90698838277631
20.911491386476715
-47.42316855923946
12.282638817257812
52.98446822296819
150.3792983718813
48.45909403239443
9.497649762346999
119.14580032461754
75.61059509970312
-444.44688030276757
81.66443146771053
-82.42620423571907
-13.636776339898047
1.0038933606847724
170.75605561750262
-140.81909369981622
-38.14820736731929
37.90294484689048
52.40309289630979
-20.845920985451357
20.072803764441552
28.334371979956245
55.33450108405168
-130.36992917061707
-7.0747574806729085
-34.48772912294172
2.9010158920225813
29.82980480174342
-24.239487461637644
76.68127485655504
35.77227485501917
136.31405325963033
15.05146745908587
4.356981033731583
77.99466400966412
77.5256976277542
42.94136858270849
341.69587611578027
28.773215259863356
290.45516997072764
29.271760608075645
53.413484007933505
100.84216091590548
10.782451273539989
-49.317884509114265
45.38598667823082
9.820413588642623
51.13335670137553
-14.351877715420414
41.75165546990297
47.291217158175
19.93869725734455
16.330652301322843
-109.47416427702728
18.939607935278993
35.7215179565444
-5.24789274822039
40.02630001564696
2.8542876798312147
59.75501006892228
106.40141626419518
-66.3968025201731
-45.84550148405424
128.79023118453506
-38.627143243928145
141.96353573196393
100.16387671719144
-81.39280320356829
30.48024224442882
4.819917486381655
8.08389403371757
-12.74580435324071
-27.910116370871805
8.906900275149624
38.55791527536515
24.008544943073503
215.71229292915268
36.72472780274906
61.8402773827529
20.884078632191613
-101.81662584668175
36.95758758042953
44.12685500656971
-34.64316860384332
111.23556032007036
-19.093419549192276
80.88024312836778
47.429091197842155
-13.642632113421486
24.6960103826259
-42.476115751682556
-719.1144620180339
124.22909515622996
138.35471035071123
24.74655912112371
20.56051070519305
-30.379553476951514
14.75552217477398
313.47442753617406
5.2722728830676715
44.19922015877455
73.7684835364576
110.85579709901867
45.951865239161975
155.90253076140743
-17.08515261888806
101.27380019176508
367.47116840383705
25.87903359814559
142.68577648022165
109.74756789253479
29.876193189728838
-50.74485874463744
36.20895399116799
51.40341513177509
18.165444178361106
-32.70513328868405
90.35696101039275
164.56055577178904
-36.10607410947436
35.27439822838639
19.132844967506507
-721.8099884458265
23.786829330980197
44.39368664541598
-26.233737112297604
48.89239686403731
-25.26534791380469
-58.280114462565166
50.53502845810596
181.1709823276151
155.22830220055857
34.53782977774234
-5.618089165954688
50.48101044927216
20.16311747314777
59.52503987624459
-167.08938030891977
-27.050648162390146
-105.46267869755184
-13.295659244226059
143.5533432312368
-46.46164592515879
-98.57458929556205
179.31905400256528
64.34401176041638
-550.5627783363179
-10.06608784027867
-52.773257589652985
9.696659153234577
-56.28439374030404
79.51274994662299
-6.894250904537616
99.22407370303199
-254.93955505943632
5.6468527229077985
206.99250218377074
104.60933330355664
10.78370436662466
0.7807701588052546
103.49738533850712
-3.843098291434478
22.723317327348727
-64.32407871052646
-266.4447662938119
-0.5433099717031382
22.182805369211565
-37.39606929258178
21.511078267358826
-21.223425120046862
25.59713174495429
19.736875842212466
-256.5334203969978
9.312845245927747
34.208394390382296
57.3922551327052
-31.065568208189394
-39.08877189697586
22.012303784397083
-9.873838480200448
-97.6657167392782
38.19561785041924
203.9551151399521
-64.6285393407765
-1.3757461611356063
-74.69562622240255
52.51573754796363
36.52481217931346
131.58678235471052
130.3554890151604
-263.7390673608588
-225.58208003083018
-8.448067023553449
-43.79279938536564
14.32132419724553
46.62669665815656
67.2029084895654
46.65684950952035
6.632616932731691
-8.098225863027494
85.42200402673586
100.14188868773113
47.360332686569805
56.50371899560287
119.65893822158978
75.43512089151864
-394.07923575792574
-49.935630866610154
93.41904905021511
50.27053389039815
30.82887403788397
-4.337870244243216
152.60908122874753
67.49545841580311
98.15979691975542
27.50862070611447
89.15585494621598
-14.160511538534138
-4.997204931837223
135.0799254723711
104.41591509364821
39.45931610720493
193.94428730644722
25.56604540870224
19.001678152433485
79.76617208825246
-93.57350794208469
128.64098145594198
136.00484814893707
35.590711655555175
-19.521989248391037
36.56329649210377
2.029974653471682
6.426277692223303
-68.68491246972644
-102.28173456040349
36.23875529449134
155.746176172099
35.95265846682008
106.89576796429628
31.766581464999263
72.68708445029102
31.843143094355582
16.843374285553562
24.644842431876466
26.172827061445403
-113.23775521013886
-364.26875325280264
44.3554871884976
-220.0862223879003
6.000402035500429
41.90550139226289
-19.414641477304375
1.7595393476145205
50.090894895757174
19.08367478804667
29.936853291429998
48.592538260173114
25.13476479933915
161.27684318418142
-0.9318089984019409
143.39057333245773
-60.558934528398616
33.80188518360291
63.54224155455292
69.99597818448638
95.7059399032787
42.999654523347544
-309.391016212724
93.40271763113896
-1.7222073416737658
57.61666926452608
63.93969212853225
117.79371829349543
-30.022778488170566
-68.58290025055521
46.92623786462882
-173.8639874202008
-36.06769374930991
-123.66176599735309
62.701456799515086
3.6662278230925693
22.144148661019813
86.6440172048292
105.93584161743138
92.90177272898609
34.574112312861075
41.11043535160596
81.5009173636563
-188.11669126987044
-244.0141804349173
14.017469820444004
60.39291593751085
136.6510127849033
18.835371524784286
80.98503438003627
62.595289950677056
13.571631788570837
203.01877444921456
61.98098918080102
38.311220124053285
-237.72063778726243
69.3179530807788
-103.33557985736752
43.19297146659392
91.44537798834426
-25.296659026198768
246.5480289422021
5.680385620498849
184.58858272920133
90.28660934847949
-93.07183471629742
147.0724564625989
-36.266138319881975
81.41652357855617
111.178453734507
66.2626186183046
17.64704216229843
-58.9501036401225
60.66322261949034
171.58283017660165
-15.169709935801537
0.3640389323589547
63.053618326743845
112.52600495584488
20.537129517777885
40.04164480485595
47.57203152403749
3.4593295051212816
101.19809974330883
100.69813823885579
33.875327307778974
44.2112737954762
34.29281025491491
87.95042786370936
55.15914611108309
150.52867800634567
54.654829285727025
181.0440241487504
49.557271307264855
0.48292164576820085
-85.40183516294064
172.81361327165268
14.767528409083402
218.99978397306495
-155.69405974000915
48.263105634167694
-167.10629347755457
30.310124705060844
22.56771626917692
130.82530877685303
2.9781181174180347
-37.14801528257931
7.452624838675704
-19.18078990078311
-19.707824602756844
48.119587543618835
-2.533510313379849
27.536103983941896
-10.021000703499935
19.515132661960266
60.51160954432362
43.34491363863425
-24.850301180264537
0.6751874550916481
93.61313140243874
124.74278729610296
-54.77001181581045
-196.1926418312696
-26.56933057233132
-5.7919335915007935
8.929359823268282
69.37045364327787
40.223257904988714
240.68598981471405
-54.75989160553809
79.54422504266859
-107.92333346759688
136.1021315167609
46.80039096361952
84.41965376646658
58.80675763449847
-37.17711876178873
48.56263760742149
52.52868400600933
81.00737287316497
20.902031912084
106.64615801834572
36.763066344877906
-66.65704921056476
-23.89446493866444
136.90623488054484
81.4170303163205
91.27406767754292
-2.525167099575128
-91.32677694208948
65.07196971483756
49.528670967457174
24.002513366696277
191.07463356384505
54.31779755559553
-42.4826212731673
115.17890817512534
27.959040735649978
31.541717040745134
53.58575574614802
78.81940262171429
56.16699336167039
30.26441407040511
6.540439384248202
23.13545480796131
113.91413502478008
-41.690102131741696
174.2008397557472
50.23017540639239
43.621349363152376
110.37171500680597
1.2437999546145875
-30.876024095387038
107.3148644999701
-121.32996779595942
-18.88926600853347
-112.33255365123387
51.07962742894003
-91.39067891122886
-21.295282515959116
95.88244562526233
19.16823111162875
-195.80452180355726
-270.9427574690244
66.04730223119759
26.388695833872585
-75.65673750321503
-19.3813278389663
9.486062624858903
32.2608840756609
29.42147266944548
-339.275074432574
6.593267304064312
43.009703882039275
26.31831180177113
14.857701571291875
-31.80145033721601
-795.7758320509483
34.12180973039449
-17.29049078329126
62.27578501832113
-110.75720826918428
66.0785063614181
-25.27259172402819
-68.84283922111445
6.09562555658958
75.39672014912514
127.47209902678742
96.21823379641864
-0.48682777724749204
3.0510893160555317
-70.01937600487463
-119.64023723080754
52.285589121744906
76.11792714120892
-9.183425165228527
20.9978787444715
82.38495143599027
51.74081528857552
-28.96074622583413
-47.136503572831316
36.91962817463989
32.42417756571623
144.3257148351977
32.75132255655437
57.993651015446176
-0.25846421901496797
-2.8651441335666346
-41.073079248503745
48.955301332004844
-355.55776728882574
10.085188368606499
71.77000319152808
39.223486262862934
35.950804660603104
20.0621346177202
24.348024868561108
121.37718292492809
-112.60649611399175
44.19107596836693
29.14781259937483
23.187208583278984
34.61325221025737
20.195103404829613
42.75252324951137
15.96642365514208
51.909125099410375
177.01817861996415
49.87527861644776
8.93879637141991
93.380585628267
126.59187535484443
53.39883979645781
-1.6115528173631901
18.19987182078225
90.81080435176943
149.45153050402678
-41.22591425741621
-183.06677258365835
-291.3356243927828
129.9617117130888
50.264233727131405
100.82027810239788
137.16231762177222
-10.30422821911756
30.494207404412595
8.243075542297975
33.3148174836914
-8.916255282470146
-21.784613870172052
69.30509469012327
99.65158055105883
8.469723364601274
-167.51898773780476
20.962334926060578
33.55607809316252
60.79116033495048
137.60284158522472
74.4035447193711
-31.251553283006015
74.49500781119013
64.35722457362544
-67.22683967870584
82.2309840141861
20.96882032587814
137.41353092478585
32.61841400104004
-16.86041485320493
53.49622230260093
24.310145934071354
21.841388876872543
41.31641442327323
-296.69914350851195
48.57870554537689
21.09818983690947
41.975672883980636
79.10094448703194
87.51456522782928
169.78785473249854
118.10567568844453
-19.99793574683295
-123.20837212312586
-11.734857370108434
60.82093062005341
90.86172024685311
-122.0009294749002
-14.860317653500374
21.589772009097857
91.23806535447466
18.637432398272573
-122.76545941540371
41.94022422072959
-0.13153104950743
207.40941478338527
72.0803195098083
0.24757013077366347
-0.3398228026032356
41.216559185218706
20.334662434886997
-5.507022112226349
-91.17840374740445
-357.19988379911047
78.81468417674978
48.57154617027421
3.1597621345304585
68.98392737448285
131.62789757378982
-3.3104022128632096
69.73705568126752
10.465177967989803
23.325431659495102
37.83370395056073
-3.135138138548675
24.921944358254223
-122.58383794906968
59.64740062331475
-0.11801213863054727
69.10224740923684
59.56178119930254
55.415186584452705
17.933334540886612
54.41331827133854
-8.13588554053729
71.35104537897507
41.34702858558262
177.59963799141678
15.824705760160043
116.2011112949117
8.848151167314356
46.52429380974104
128.47115499418123
-31.91340410314333
-19.2670475369423
76.87272811766661
79.08210729538303
-303.47173247011415
33.92768615589446
200.68192862581964
80.52459175089155
33.09031804774374
133.18965708251335
65.23303186110593
29.680683186154383
8.426417401558993
-104.30428802764345
121.85521753606804
75.31811773913773
49.321281656378744
-107.470649834906
54.22415689542733
5.243189518117345
82.1366469964803
-48.13334785436114
53.25867110872866
-11.873502184921563
154.93023898599063
70.13229338725068
-68.44577296840635
35.28314372393774
18.582189194861627
-19.87335350923695
15.619176571560274
-67.29875919863571
9.314496469517337
-537.3117543232675
52.46454054924731
-300.80369212571304
-149.7835305852259
94.36038559217695
14.294559383503925
46.97407909378893
165.42444746840192
-103.4393573858415
9.870344971153788
-45.282889997104576
20.544933251106183
14.164699401042526
28.334048247907603
147.67833725136666
202.47993694248134
35.62757028235794
40.4531249174827
55.18378446813987
62.92179951713109
8.099767244953341
53.79183232200268
-1020.2343642819693
76.06930279045355
28.68908200883246
-43.90589187269143
105.11037716390229
-25.48441312733086
54.68811475201028
-8.978984023915928
52.85799736225705
-7.491772085765022
69.31413115412784
-41.86225112399153
62.76899560914899
68.47462089517585
65.6686515051889
46.12971963265481
15.409407351026525
-26.782572045289726
116.86188633862366
14.324864995265187
27.125718190237876
-8.523733367744525
81.30162659756593
102.53587443976369
-9.347281242121294
-7.578919324382246
378.67443725733847
119.00271556236112
-22.40040843036453
-6.8948265108674605
-127.43637912680424
44.95855635915473
177.60894223289415
160.86611989911808
61.28324651567232
237.0424278256546
73.86327182796207
-279.43268340283885
44.52084231786094
-14.586285479100873
146.89245730934363
-298.88559257912584
13.616328918745467
-127.61303971825055
-86.40658928250696
-464.22658288346975
19.199446317120024
44.79405513681877
-13.166224601648223
42.7744678358938
-148.83693053278375
55.40656319434436
60.11196925318109
-23.26877647207339
-12.662825266112975
7.804432682773467
89.14826541517971
54.58285153309316
42.670847631887895
126.64242644514138
22.514067107705102
27.442261090644546
117.64214952318753
142.06681879276107
21.658667332413586
-170.64113051858885
-109.78339020384965
-49.482830758210184
62.234394987721316
2.999496298617407
18.155918116654448
-6.36086412793221
-20.885958853787542
41.69095392308783
20.0289740256452
-61.34139170013805
80.6270766958828
144.22587053349253
-94.85899059171061
-142.07418365706417
73.10862242188819
128.3465495589296
19.18959476649614
43.26725010518931
153.69417178100684
125.52572710829872
69.52340002898552
80.24153305480479
50.38267887788106
-17.80292231570911
26.362129859360408
187.55153864617887
86.73592729961308
-46.0637808797419
156.83078055834721
87.40261319581418
2.4413859802974684
15.13974800807939
-0.6616668716418173
21.562528969898345
212.75320108054348
70.89955798804223
111.27415941466847
23.850952827370804
95.1629810594327
7.114197374967766
181.29316995297177
6.231018389807559
-59.40259048892631
34.505646936634065
31.265562750451863
79.32922254474374
8.129583603193623
-197.2590819085417
151.4847707374788
61.46062942168953
48.77460418636059
15.540264427379498
206.6225723142502
12.0378122940798
47.149477695282435
-415.2118184505787
-22.352038831608766
21.36243710159389
45.18224580477615
37.94666350023877
87.56974680780854
143.07991760583172
-137.55742111950804
-359.72846933415525
99.84049319492078
67.39858096295302
37.64397932900647
131.6215157596589
-155.8386195989833
71.79116038512393
33.98872579473806
17.679117076949467
95.32462781623008
123.21927196678917
-398.45049135372847
-151.17682371707542
37.89128199142988
-6.486941981867858
106.62972315361003
62.24235514621206
107.38408556013451
-1.153015686473914
75.6772704174652
14.005263307091354
111.21087688276236
-40.361112953862175
-73.08950478407951
32.05431685631114
58.8334821130743
-143.18297481934042
10.825289515994898
-24.033222342251065
38.13158167925249
-418.4362773355319
107.12377439433203
52.82690266162905
79.70582661848493
21.810328204698912
44.523978673953934
95.42021444295779
-22.212839328152768
-91.94142663023422
-35.86508157461776
-51.91342633578233
15.817306022454222
39.40251998514296
127.4745913515676
36.96729032440186
27.03032133261026
50.9199627497168
2.5528135203356017
109.961356370776
-665.8961453783446
49.80244476278433
24.05045053427955
76.58302161863094
61.22758647066655
68.31071407248996
47.19941954929345
5.691019779039513
58.02635896681528
81.39754625865044
31.36705770364704
-71.07908731288626
25.46355895798155
189.13233610310272
-128.1726440045013
29.370473761175724
-22.58290432022295
93.30689545648056
176.65707351598576
-104.5600099848898
27.083995757037798
202.96000065016733
-179.5296742923697
64.06561730252179
19.444506446736753
-7.482793192142253
-132.07997042660736
-11.881304461404248
102.12064250262341
111.3523007530539
51.198720708518444
-210.76863202985533
74.00966438595356
-475.50872946783966
13.317086984599285
-111.24470906453416
1.5500969138853742
12.943458244987326
68.95902206789461
87.52378279460163
39.576419146005264
80.18732640425668
52.702259264093826
117.055936837417
-47.092906796630345
66.86646156326833
42.55909970735581
-104.92979746842411
-79.09568732669277
88.92057032384128
157.74993480855596
45.67080238711052
-185.30441697724018
86.32257921384144
-92.15190985470566
89.01513947365197
-166.9978669640268
52.91205923998723
33.00649026452153
-27.130597562118965
66.1906055848981
-16.626699713504028
-46.23355007381406
34.27911203839571
167.55528437666612
50.81149459319977
28.797944007513706
-14.022154488689328
51.72599222603321
63.170658194393326
-1.5694434624424503
-141.27522618860166
46.051960568227514
-28.428366738416116
23.98937359413224
49.45101308049654
69.37779845266961
-17.090952531351977
31.426919472848944
18.917474649439697
82.79864221569966
33.368677879991765
-57.92018527568234
1.3986060924542265
-44.260521879474155
110.37282971876266
61.687918043640366
-26.008347536553437
-20.577559127199933
108.17760527408495
90.7490026415444
-8.369829466692408
-15.157050002449068
-107.90362806672738
35.33608255114487
85.33677333554215
101.27497823592876
-32.349286533572005
-19.209205090812247
70.36271745369015
14.889074546382629
-48.113912723720205
90.37332703126094
16.614217111955064
-12.385830346395778
7.306157357064308
63.04514164406896
-3.925600970998649
240.78107255940995
-17.50107705925858
79.74079594345218
107.78469906137616
66.08199542748318
53.30116932856072
3.626333676394379
75.85888365547476
81.55156477283197
54.47508830671228
-5.101948707281281
141.76438468364086
50.10826910321043
35.442317900422466
60.869743644761
15.797052677893088
14.61157025481789
-9.72758473260022
35.83239855657507
-69.87573976252679
76.61027191099083
16.234535559328716
89.58921838697097
53.638228777462984
86.72286607172623
74.64262550990264
-65.76381749539982
82.26000186053807
50.357389553816034
-55.5102832925204
154.74975516648374
53.58154887627494
67.49942452498885
17.94996103804323
283.3355353472198
130.90839468658442
201.45717984189196
-13.153145380614179
118.8656249199953
25.10384538469532
68.53481818989474
-15.76476295146798
126.59062562710096
23.81174346169029
60.95986261442022
-72.31716334537127
-44.21830881746923
67.87836903116298
151.07893045688138
-6.511694136308744
98.25509740539496
45.36059443337126
71.15399121836481
-163.39084748648384
-272.3432032641376
-0.17202204138262145
23.864176546780072
32.74301103945936
78.93153748212984
84.44094449475733
64.05910017040576
104.61677333276839
-18.42445793552233
22.41664417535333
78.0991198132433
97.04992284299112
4.78424513306317
23.39021877631898
22.471816295950173
45.23077708616669
3.4669107987892858
0.05491576175821929
210.717940551041
61.35926980958895
473.7720939750834
-203.65635745511145
131.84854868635625
38.51887039644748
121.28680216455177
-11.456062373634722
159.22028201789408
389.4403202108506
-47.00323182462793
22.78619260657818
22.19928983097941
-217.31051126669172
-7.7180816326622335
-207.03400942137432
17.27974313856449
204.70399578151364
11.701273436912459
6.57890773094141
6.291736779633357
81.14315786528465
2.7940349120449355
105.15148033496757
28.802454917165562
41.24444152995213
62.95099570587399
59.19264901664519
-23.19492297565938
46.98296289821752
161.23478403515628
-30.76287425283317
137.24023045669355
17.762736587153903
8.19370989452545
-4.1652984494992005
32.54962310416378
-56.49706392835887
-28.28422494342018
71.61203889518873
146.8424881734345
36.37066291341823
37.55424650498512
145.79359724203823
-54.21058468243427
32.46631446284191
57.10459071689684
112.85526343312904
47.082938685594925
29.762552179782332
-788.1318113903341
15.75694775096622
-26.691375604861605
112.9438626062788
-32.11136684864837
-11.980052358740977
247.17080408121637
-174.5922558727725
41.51514304712282
33.848968852260555
-394.8407205487593
79.58879994100403
100.3360835166859
1.0756027951924263
-0.47779689124555347
69.85995540211661
30.417263040225418
-2.8680997359019784
37.98950869066528
122.30736467969837
-155.90474063815145
96.2908028717302
-26.844748337010106
-74.31512321323498
126.37046599151381
8.237197949918482
55.61643580770169
-42.40209406815845
83.42536976965039
28.158817284198093
-3.7222740502884513
19.801076089822743
119.33570760525072
85.72800323322735
74.44905818980533
58.379828397707676
-711.4857322534182
109.37014801762416
33.204339456623835
-94.66510542657898
131.52630097386964
105.68062722604054
151.8629276133256
36.370142567934465
31.887622519447632
33.7286304538024
88.1993223467619
10.21345850651511
59.32877431044875
63.623577323896484
70.58985879777956
-76.27445705165209
-83.88698928133681
40.251663783649846
32.68240505826022
-339.16279689754543
24.08192430267848
33.47542182903582
-331.5484121854699
126.83995569066337
-3.6679231246667996
-29.515888886242717
-54.668295935883634
127.29833349012188
-141.62200696779018
-70.49429648170509
129.76954252823816
-42.28284159997886
18.217707936641293
-125.43775767428906
68.24669040642993
97.72031828255535
132.18494203596515
44.99441655880378
41.22561449123643
27.17643685767652
109.39729897341101
163.1423790789022
28.807202449104672
-14.500815264831148
162.01362101419681
33.0050806440172
-29.67039072801008
43.1506769422316
-3.96832205572764
80.60297650365476
-722.5893283322184
49.30110280705969
136.96062660606594
-21.965843581202535
45.89897802715859
-75.02227373110873
126.83036496245404
-40.713863596902115
164.9634140806602
45.67243101830991
130.738319216111
-175.50921052824333
36.65447209761673
-104.06425907052244
7.9312363578812075
32.041224068245356
35.56568666367804
1.2475860024104075
7.48762873121081
11.848586753120772
-32.91378696545888
10.524927328436348
28.712561953732347
53.698889618886824
-142.71097623160676
7.749108195122314
32.02860022309919
83.54441221272418
54.96236621071239
-150.73554964055938
79.7868335592739
132.9523320854828
-168.75106266815874
-8.967985368421978
-62.993794672716376
101.99168753539266
34.32139668092532
8.070263517466799
-108.86674885029515
32.614476781617874
-37.37199681679757
198.68879490727363
56.645285534760205
-507.9880262199988
126.18804989760565
-33.65441751706332
171.44665414139854
48.13510534311308
-166.97899824770593
9.079600503288553
89.58178350082562
8.745345228778161
76.20030510327638
4.944278652641195
4.6787155143902055
-18.289928661496333
29.828785213105903
47.08768449366852
45.98786665727695
-158.05193374759028
-6.646215112832124
-38.467644125259994
63.81904107319665
27.951747141819958
-165.39644847619093
116.84250309486924
6.612240146194495
-5.936302434622134
99.26163176680916
-24.074999326179906
31.92346055509418
35.65172888284633
32.764113936683316
344.82151443500743
147.78871769052012
11.839744932187294
84.34777246166823
-425.9463490433386
-71.15871034562906
1.4616010091895237
74.06305272318059
3.3539281146246793
47.52443969100955
17.11853672771637
98.04791134589482
54.82483429177597
97.90652469887073
54.375692582662225
89.21961802080705
73.2286818403881
-4.543243284678653
-37.59117794428266
-977.4243322757876
-84.64650270598713
-35.85437404022775
-42.987469943745104
93.80611120321055
40.600181099857686
119.985041931654
-77.89778143688682
87.18303897549276
45.65847775431621
1344.8499871093527
-67.26635327788608
69.41707591782188
6.20911712391262
1.4797741902280785
-169.53145053781282
-105.41891212796509
-1.3083042825808036
160.47354658802124
26.996873431266067
140.342781980273
13.207897070523746
51.60741709457477
-130.50579977654115
197.33574329111934
26.07281108893494
-50.64219092897265
59.157548772452145
214.780343891166
43.08029003351021
17.678181887710245
65.63004349956876
7.159272569767801
-128.22227308453603
100.38602719831988
111.880961186273
120.28094903460442
-3.990422990031391
-30.97267415389979
105.28218962647225
85.84523119309495
-77.20671035602663
71.34318892639902
90.65068740028664
197.07649451720545
66.02973627435767
24.60340899320182
33.874285865032334
-2.1787804524411185
-109.97592148205224
65.16853704160573
-8.921245828362965
51.73236103432865
-191.71723072124223
-41.157114275245476
28.493410789000574
271.8374498776211
30.17805600652298
-82.23571206689667
-39.19113732451391
145.60571341472178
36.075343826785684
49.50475616952008
8.912361716382057
32.804795864873796
65.82418155626897
-58.46454836931918
-33.889003320111605
100.45211005434157
23.572152362897214
182.25329704083015
-3.4718738868528867
31.967984387535488
-17.09261925075225
-88.38226032238393
99.48615265214903
-31.257677248349864
-74.43335083873535
113.67770311460026
141.67068575546455
-137.295559888129
61.48047844261207
249.68511936211644
34.501613865617344
0.7601351707467074
28.227034750654184
36.842226167180826
-6.979585213401224
-2.9884056597911695
84.6694836111808
74.02191556139812
65.76590745290406
141.35885729546226
45.63790993516022
44.84077137274198
-164.41829890091594
15.4920577765688
-323.64054300224416
71.58265034178444
97.7230786317109
-125.33401691044628
46.95540558688779
-82.54587508573559
30.815989051766337
32.15361700108437
93.00836520690609
3.583182872033376
86.03697784357519
-28.007002721207073
108.48413359830829
5.4648952762158896
7.4564669668843635
25.331895568916607
-502.90168676513895
-20.572289440407985
77.4821869080109
128.42591995767566
148.89702925991378
-41.44463399824372
-16.030369042837073
-12.996601105112404
208.32971532697547
43.3423942032828
113.00176906142133
-0.7278445247629861
-15.095671631267098
14.078461952235589
7.6256434299730245
56.1028195267414
33.5246854273677
24.827499522660467
55.93489418407307
-75.29803154755746
-2.039771804080347
-77.66894775116089
-2.5842391009021575
34.794330919278764
95.61060704786246
-1.1513353531977373
-136.93971071989563
-79.80072890410884
24.41158424790433
32.16926837372773
-788.9505959438766
65.04104199607443
-13.878837719616513
-34.24809380774104
47.35492568486734
90.46231100685713
57.988619747658504
-210.85211187240202
24.040107857882504
-15.026855913548937
24.494469117358246
31.313456976969178
-27.501347756348817
28.16821604261631
40.15532535244165
38.130801889568204
80.85147044679434
94.83293498755847
34.71986274388003
205.48644913229236
-87.46739650738164
8.919462192321978
-129.36683739896444
-61.552595499995434
104.43691537908074
-37.4971834006102
-2.435938947765537
-0.27463164276821683
147.93596675039362
67.8342732092697
-75.03272988270737
-27.675167253841217
148.82308818660204
75.8351658181258
11.761572978526146
-29.473511658601637
150.15569134638076
8.700845491127335
82.76151910766498
-32.90292080261452
-80.5481179176877
169.81604187733342
300.45938723881955
28.784928450955682
-36.142888125862555
39.1675571311323
-220.47259756955418
8.590162311539451
41.82200149935344
-11.404631353377523
73.92559281414765
7.310600041123507
54.99879689081058
69.64517234054256
31.98885203533905
16.09212390180967
50.833174672711266
13.851543758972108
123.55851121564592
228.45919038690545
55.62256734544559
26.30157068289818
84.182691472025
79.99071099128878
0.03378808270963418
88.8702554149329
-13.128236476440845
74.45239146891572
-2.103970762724998
41.51588259218883
5.462487141350748
-0.2913771096129858
7.066500019309775
52.354246593444756
44.061158455345776
-140.27953875001094
0.07516053500777324
49.97496956115695
109.17047098511057
-32.349179177938375
67.59419638366433
-14.129842684271225
59.76632397732692
-8.716386878387986
88.45585854226985
86.33496947550242
59.37065842190403
-8.676746538077683
39.00132377436376
132.31045067324317
15.623931682514012
14.049499823089718
61.655989079568826
44.74558564879873
40.26829172528754
47.61558158773921
-16.152577666733578
23.315433029328688
3.4648096414211977
1.1820650807540005
20.10667701993142
61.43007782665427
150.57010141881074
30.878052147305823
104.8494128137504
-42.9687788353097
70.49101691788792
86.97566659773202
39.01122374642
-117.37147024663032
-139.12212304345348
17.509305095579734
123.30408022419101
-84.97208095478072
161.39550258117197
-5.624652562405117
172.81163191507085
-229.66824398175368
137.01403467877458
72.85399694760986
54.65285764285602
32.5294481534479
92.07088508552101
33.73246766878174
-8.189401640251063
33.83297402357988
130.53676160047212
150.97464434586755
29.077587103056533
85.10873598607822
60.17294411945085
138.66461097916545
34.79830494664863
194.456171028085
9.667192654915706
-154.30898952893313
-25.572344863482613
422.65218905231905
-20.139710365530846
-24.329566340730935
-113.4663180768157
-35.4759546799005
-124.89635869487711
1419.1831929979494
93.65514337130071
114.9400818286415
-126.76889886999743
-489.69832426599714
-52.482211529385495
12.66877530197533
103.95561251253469
-36.50765857729519
113.71520035646176
92.8024852000949
195.63255415229378
6.792344564569277
32.920926799235836
5.351481942790485
73.91854115113802
-210.85930239011304
-70.73870900566044
70.520311741353
-6.163701379783561
-92.36943014672033
192.5210206942793
118.64179008006931
3.8997177145727515
-115.66514112482082
52.167021092742374
84.13513758084866
-264.6762295665367
-9.559728660665963
75.39947908819386
54.48996431402071
6.417860427052738
-144.7772944073581
-189.06049182969855
110.89543261732933
131.02706072743877
4.2895268767312125
55.691616574673404
78.70980093293824
56.888832383750525
-49.67917687315435
-295.3580994028771
32.97127747344258
58.09181192517258
24.45809964842732
-1.8189337734513369
-129.2425883238002
-15.09477095377743
4.601133062574065
10.083617839606303
156.49452559385736
-14.127256335136735
-89.84463305617419
1.6906267795969612
76.7934679167337
37.52375041862058
0.7590284482897971
9.49046002664818
18.20598791733184
2.4304652535815876
-175.9149654850089
102.03344152753493
59.95029779216111
29.986068062389073
202.6225485852774
78.30655348966684
56.00526036814275
28.508217666780602
135.18999679482454
176.84411034615232
-7.943509721716005
64.82895152387027
6.265773586164382
130.62166190195296
149.37481505017558
34.27973269364426
102.5480886413261
18.103474189653667
-142.5944830511835
60.54220604838912
19.079624326062913
10.634635557676575
-145.76057863222377
-10.328720199732741
-12.595446055365215
-3.5176171317128873
65.29228668430241
136.61922887645164
-0.3549598572740251
119.6667502223687
17.02267408096668
-29.437616573642117
-95.9469353665695
71.73721013894783
-554.8867067051347
100.34286338721125
110.68221821897396
78.65063796097115
54.3976664021323
-299.7699989851908
-108.02150812974196
129.68209864761866
-32.719782206519525
34.21929238210589
118.61585184974501
-11.800526539561133
-107.39855659717978
47.82243913037426
-115.0218215176345
61.23889606072477
-1.4651670489499933
68.7974705980518
-238.0604746697505
2.3579017362635106
17.87951726598701
12.572831843491574
40.96573742277269
26.37594992700602
-25.442368642559813
50.791841087125704
55.9319792194471
23.28032676469296
38.15441698261679
94.79161836301205
20.29707033092509
31.0182144904408
55.87519240109927
-53.68090909641455
50.88470120648071
-145.47848865980632
-105.67326279895906
248.05399009120674
125.58957503142165
103.35776673822465
-35.90670040261284
34.30524580350974
-6.690375867891415
-10.402087313200518
25.842048764384092
-10.021127556988969
36.640212955508105
-88.95799343262752
49.76367291001043
-21.33927146587942
124.07827299317182
-4.526933648625715
116.31721802720813
-236.33067065388423
116.2333301666531
31.843245010236053
-1.2232867096272457
-73.14866980282284
31.63116249432698
22.017776688903496
28.224542371653154
-57.06563311244318
41.54685571088803
146.55702360969644
-817.6670721312757
135.73269028140794
-21.230760191296056
53.524679446293845
160.59166575183713
-60.265608393673574
63.74633927739857
-122.38923574328601
-203.47171210734177
60.13425143863252
32.418355439211155
93.52496320342607
-43.63942426187386
71.3007793992222
58.44425600757495
49.66360331731095
61.02750103908621
29.080138683855672
-755.2224457215787
-77.68147900864187
62.16502198750357
126.19877965969863
96.17150258039601
53.11712603114347
0.9483550060826458
142.64937135676428
-39.85845500019526
112.59619167950495
123.61633680917987
9.73226800365569
-56.56420580655587
17.357426688944997
11.85827684440892
72.4571635052816
15.837325333218821
-132.69158202226117
-142.49377655668923
129.39579377068048
18.79497275891065
-112.23302337470659
-44.93087797900489
-127.9598668900644
101.0973562436302
27.970869424963908
34.202496800060544
-27.106200619779656
-24.41807774974305
6.722036945263426
29.81716088361796
80.42353808532204
153.18117315050404
155.20578459289754
44.18640630706447
95.31290489692424
35.39195830043889
7.5272560535178625
53.834479482280585
-23.317947547905217
115.18071357070767
-45.32279999107835
83.17427389880066
161.17639543143923
39.29246607241313
3.4918677196108425
78.62558838308928
-10.994000453974964
69.4588736677108
-104.7655204039138
-772.9664520403785
34.64212552928783
-1.5063191590197675
40.69736718689862
83.51869681530479
10.433284019681823
-6.1730253742608525
-136.49036500491547
64.53402216509315
-217.99672674887006
-90.54478509027103
70.22168550946715
67.74552078517812
154.28258934300925
-3.44841676523356
-2.752174912615513
5.395676405814146
209.26091628006543
114.0460310565536
95.52377375944025
151.78954297437485
222.84950505131565
-145.29755925568998
128.95692312896063
-936.0934838296752
66.76796434067379
70.73483511453622
45.29509358912992
0.16885625352352918
85.95376998819097
88.63578251533573
23.737275777771302
118.56533329646118
136.08329934932044
10.774565315173316
-29.63980533005406
75.31703354128146
-71.5598558984675
65.62874361482349
-79.83772913414714
-22.740725396011882
89.9879161672506
143.4063116169632
-2.3044485272477573
80.01077566036247
80.12942363444108
26.60343399264917
109.9239020377554
12.369066115013233
113.19662330697452
49.629380932611184
165.24733120239307
170.97077368304463
-21.45028599985259
3.7611033281186477
43.66003208032953
4.998060723240542
136.53293760108454
-6.061839801835049
215.77029562399503
190.2206460841112
138.96758900797658
-159.3009705792938
3.9371926037208667
56.361794859305675
120.79699601388802
160.8079690649206
63.02540965165281
67.1186863719964
87.25225600938711
34.511277652360825
194.58417695073376
58.98609936329097
-46.60391842461087
-15.024429350337414
-114.41500416890995
139.9140980223683
24.223260844076727
59.197762368830496
102.8888431295643
22.09370489116187
-82.17930247726963
-100.5481011762613
11.18185055883555
-84.75834964544356
21.97456077828154
-71.03174930585187
47.759632895988034
141.06964684247396
62.18319357351879
25.37841892690169
74.59911582756581
-191.92374215962172
-228.72904864564043
24.391901050623343
133.92788931949644
-32.209481654906085
13.056769599426929
-8.486711071287573
126.59955704272488
27.10417514254242
79.45940193068418
-13.277737292528913
-31.618579253363034
37.0783304462625
25.047491278217777
21.521140712272427
0.296849737895176
-12.154873570529062
214.810872760351
48.62023658897248
57.97301363298911
75.00867285076339
-50.27732539030826
83.11327879021104
12.559429756406189
-108.4999061626574
15.371235827575674
145.3067171819298
-20.508143562708938
-38.31748631778771
103.2349105770736
101.95389716836007
-46.2306123436119
-1.178232391886583
-139.94076772345693
25.415264288867775
-8.676630980265776
-11.979220060916873
-198.5308279977458
95.74019976330123
1.1380409321914948
41.512156954754914
23.067203858680955
105.1631136528631
3.486909099146942
47.321843238385384
130.27852811277535
35.02307402315911
209.70157653617025
75.89560914395878
279.8880149376596
39.3678273394677
84.39814248942412
43.898558939779484
39.57583628147404
-1.7501067215068247
91.90454396141911
76.85646737831121
-88.26602478284849
15.76761436439159
110.59136502991305
-4.927945628801549
-40.852768999318414
30.589736704184524
47.4990445227063
28.72842017323072
17.440452330788048
-58.889347846161854
21.257577446053347
-89.53524689701499
26.62543564165751
-101.46435618443957
75.6845183393807
-19.430562400165275
-21.713626891231158
87.07466250128448
-27.175977197155632
-41.61450843786088
-7.471063721780944
58.27478589301745
98.72434476356511
13.909817571399227
93.16681448647023
72.19257420941787
116.27379991603993
60.48181013494286
105.22422081793559
-32.47940011098235
-34.98694502295772
27.99152867925475
-10.184096478803637
48.96441203107511
45.85824015531827
102.41622658591814
60.986280554226596
-181.4853100479786
-53.69124680174173
126.64478489667545
68.00936009318355
-201.42697760799456
81.14834771934352
-1379.7785781834932
-956.4050013031202
26.200161869768635
-218.1766577614144
-58.8642760281717
63.829684474655636
-13.529080346838034
5.312845038857379
15.441421971027133
23.49179779646006
110.62686343993482
59.40355269739666
93.27924558059544
62.63466396780123
101.8796692959886
-51.207067448314774
-300.17654658038373
11.199724707607857
178.47270424175167
-2.389284604016024
28.29180556050872
90.08341213616995
23.612113430927288
65.35946976792263
64.92587256239176
47.38092383861385
111.61555281073584
-81.16806461433453
38.97653146909977
69.30679657438708
76.30550362850727
-7.188886712466626
95.96281836828803
-110.73817728055565
64.05189024975573
65.42090865437513
45.59855577684896
51.76371155138929
100.84523417107494
-117.19247581245675
5.040477796510459
26.714181729640817
34.195682147071395
43.04215781241406
45.825160809047205
-14.047816017036512
121.36073512029907
-7.548293958375879
168.37519194723018
50.15447261768304
35.67976676986973
90.35485623549334
53.697448820417975
-169.0604592938621
59.869243864585314
-4.864734462139782
66.87698840196222
7.723097368222065
36.62214321153209
34.51810207534837
46.71708519689173
-135.05268769980648
38.68164161970711
40.82519193346869
-87.07766825786757
6.909679649349677
33.154455551748896
38.96980908218633
-69.56928504650841
21.1573112983639
6.535936350724705
56.757711934940865
108.6320639816272
67.41458616735407
49.11262916990381
45.35841574651519
35.52775193829682
84.44182619845793
98.94681682506143
83.86892754631936
51.08001052671216
40.48195609665629
50.33107401653979
19.190639926095557
-34.15210143632248
10.348015827332025
60.71515167316966
11.949667752156653
61.151811310720745
63.04424035549198
-153.08605470154635
67.0405056549589
-411.7305283530803
5.809232611387621
-25.96304334431837
-284.3813398403581
-99.02765624996118
-8.966822875475653
66.97702641672063
56.288008896135494
38.57245465581127
92.05523373360029
74.67445852277115
4.354881792343708
70.41064101750135
6.942720213254373
33.11358137652867
-177.80202436499908
52.92171970200127
-50.693461510543784
43.07342184410925
161.83906604886852
228.90779887245435
89.37587617269014
152.03222750350187
-57.27356871651273
-54.709436793655186
22.238173596380438
76.8495865322584
106.46377702882137
-13.542873114576294
69.80714629868908
15.014366997220904
62.65931323827897
3.22956618675512
50.66653940642573
27.345114336128518
78.41898885379851
8.62801067348676
7.4760370611847975
69.54090564169334
-69.37999660135029
69.6774429976663
-184.2672218427556
38.80551023635397
51.79878552326958
133.4887836355888
-22.90508480006247
44.671876753612125
-5.908246699810562
4.823502693040841
-7.977204750898153
31.203566451712277
38.900589607174126
51.03234514938117
16.808057233142392
41.87685933828176
23.28602385741933
-284.395792878026
66.87612954817283
-273.786377495896
38.469172428838455
-22.506053946864533
77.45615681956633
-38.817396202241
85.55608491814883
-102.4432442232087
11.465664148658446
18.05635429286705
-37.89375538901004
70.00667601758931
58.26876067601273
-357.5356803938903
67.01268503839947
55.618833370043376
297.32955236026646
25.498934380788604
-40.62984003248907
-59.059588921205886
38.529567593437406
15.852025285215497
-10.186866566101662
-25.44400132657666
81.92972928058452
61.003979769736816
41.762654780239686
3.1100978614144608
136.7696047821828
39.914000276153274
35.6103013195484
-24.733121981163176
61.68141771017383
-27.979244649074293
-30.558197574416283
16.253581146807427
11.305633114819287
37.13371125284445
33.97481929644348
-27.54400237062459
62.99361003387135
-57.11660416342693
-4.373042942011793
24.1427500846584
1.0914439471265698
35.3084126351614
-1.1378598721345607
56.947708979963174
64.5839725324679
-31.95617859986487
-7.8020182710779125
126.4595615365588
37.94868909783236
-146.01479420079067
109.23323918392316
59.59611233371186
86.6752168911168
161.55258474045877
12.641531025816915
19.11881739890373
15.908356469184096
-53.90802348346915
34.30037362465544
122.19863403556019
-23.290259046835672
-137.86057779267412
66.37125025870637
53.002891565365466
103.07567856302921
147.49738922121787
42.5582708290611
-11.685752346855304
198.2946836162696
57.11530004503481
8.091257553095412
97.68869338788
63.2442273208535
-7.773380882208636
94.80060010737907
-38.12129485461173
141.70177484878047
14.78070323586683
10.313221516464182
34.604299534054384
-19.192973241783875
-119.82602408240928
117.88156900123704
26.778097929131263
-25.21012654557745
47.39635054548205
-43.365875303925804
-103.9400109265116
75.42663516909431
-62.956482592803695
50.89641935820919
7.288085541141506
32.184276042830334
8.529032712138036
17.689043762458198
55.91163814193513
57.190505201517794
-50.22945190998871
28.927542580493878
21.622287700653374
41.67074278126245
2.2791133390271625
88.3536625239708
86.57126142549981
23.848871887371835
27.74919635117615
32.99530077480508
56.11838544419288
28.447403835640635
30.014414154412595
-99.52756483920707
122.85930470167477
6.096872276084543
78.66502744697038
53.07105308365226
89.81485714454948
88.33755811175911
136.92624217338334
44.33622292841851
54.631910783686635
24.37747767984183
157.9717443194745
-29.393551914604053
44.922327405088865
3.017359988163207
74.8191034581738
37.40607826119948
32.66207351057237
127.29919658601193
-187.39539255680074
-13.950906325886535
106.2515607280925
-0.381070878304533
51.54932943960152
24.40806302595729
45.957061733058026
-112.48060312124016
144.4902017743209
48.27470270935652
103.2562274799393
91.90894481367559
163.48309460170594
-72.92923375032478
50.34738003790519
31.878183374878397
26.443222877854694
163.23682938376578
137.1121544254911
34.58276458035607
25.92477674341353
65.57107799408004
-128.91718235440885
-5.41475143072888
-24.84166437014985
24.447997038855924
87.22030621116915
231.1529956411664
-224.8195373015251
20.58869347165374
52.339496283168955
43.212202742155604
15.309223820086148
174.73069704043291
12.02412702746858
-19.45182888051447
7.883858914480089
146.07502217012825
-287.660213951026
103.42322446450271
48.77982722917807
28.478826545382944
72.93554124513008
7.541366785949776
20.727679160751414
44.84126063529533
111.8589399041357
14.515559245756776
16.757471468784484
229.7040917104673
114.06847849120368
165.8014088926002
45.62432192836786
180.5350529882851
12.691287543072576
60.88407029779695
57.230525606982496
117.64953040719638
-317.1974867894078
169.3408626071223
64.21022705191442
114.22304081509947
11.656586988859544
37.541240906793796
15.044268031738909
73.60533347419187
152.03074529060757
-6.9277881116976125
72.77786423343787
21.25847281903548
69.5872400129476
26.242081501438175
90.9044030220906
146.34881010441927
-57.584906164774395
26.915037812468405
52.4118266625733
36.86204169007755
317.10553494351507
108.04276393231078
14.791806135543274
23.717919918237875
-73.88390410158172
-127.63510112190897
72.23278280466327
216.81007578974004
53.93011043778256
80.9104811409743
48.901214045580076
280.8379416433081
-15.269508420394404
31.411953273078804
148.88582147295392
41.38824783470001
13.674302409351766
87.73639880068868
-211.0543817045782
8.995280877117239
73.93495273992178
45.638311991728386
40.737414576257244
47.04965105758629
-25.647123678849994
43.87579560041402
-18.2642944492529
49.944766481903116
-92.99288603626374
189.11977670649617
18.868343538984018
60.8175267461329
11.6973760987522
39.55880395192867
46.20394121779691
109.46481055865797
3.2348215975573056
636.6988535573562
118.73487884887118
-274.8039836095357
18.03195806582562
13.020919440672666
-16.004780799824402
196.9472014429448
24.418922996936296
-660.1358007542102
16.4486018718607
146.93593548314448
31.019811731112526
44.19361585269871
65.9654049076072
51.51022995019903
-71.40555485704135
96.66124048198031
62.97981364310181
12.734854105116112
122.4174056606605
89.27517298133716
77.39673389135476
-8.988987580637058
-11.209327338460753
-48.2270866502995
1.0339141136555554
113.9618673739401
81.37075039529492
43.96102220088045
79.96198830911135
-3.859863161186681
129.06330388972333
-66.66674880125174
34.5331575633445
-251.2907802287864
117.11072419403536
42.564775160957765
41.88824006542167
34.132874004114456
49.04966226374336
-119.67927780985974
6.9913230506219435
114.05938063488452
-90.85289226058012
258.46380271460794
-31.784436163629834
50.917930618043556
-73.65113754304957
153.78830032353835
4.282996935173628
183.3208185581134
103.84095589747278
18.701197109904797
32.64736433008966
42.741985268264216
7.855591863302834
61.93203482318661
-88.00364384233126
111.7775491968955
-241.808106295372
10.488933409430066
46.16610839968831
-7.943522212352946
76.70071857592654
43.31159854062844
-34.26626913927066
5.7662714149047245
-113.09144183856415
123.37407131856594
92.20934662952442
3.6595558239580943
-196.32927839355398
-40.01380948641827
75.72807272896205
77.20989716443864
22.3373224417114
60.78465731356948
-342.05313163419214
126.13436819038543
93.9176399147268
96.93793623628676
166.91305163025163
54.65792611177994
156.32585466779847
58.41197593533863
145.56984764411573
8.168393450993284
28.728184374130677
-5.364724763065215
16.75262513384798
126.77380190770145
65.14492905382667
111.15176368164248
-361.52001207722105
7.657988055977057
31.363917336939508
-1.1561023020720405
37.759750747330315
16.28364573414703
48.3423052510229
59.25473598506437
79.89668107619542
21.21139512799482
130.73832575719575
-735.6248734080955
23.103964560701513
85.51046279907223
35.982192936300905
98.7255206647651
86.1462050654286
-64.277855668759
60.61780780081381
30.744132779607185
-76.71722723767664
-57.75213881004902
77.93066447941032
66.88723661962968
21.9803765820468
89.39522969123573
-32.371150355570805
28.258246592503554
2.5657639440537707
65.73012030167365
79.78652537122434
59.8635609559019
-13.439096105041244
39.187336358884764
-5.18669523165363
28.05318120807806
54.847117087510924
31.559042687373335
22.096770549503034
32.02214747026164
101.55900313314851
20.85408990737821
-15.94930518588451
79.01674892742906
-29.002757879224276
69.82432425204794
75.46972513017289
102.7054802956145
-33.19053683339962
33.10742683269518
-43.1243154410093
80.66438487427013
-71.32659702491037
138.35184885136823
7.768495711424004
38.38089023014524
20.94355283402274
-37.60943121614064
15.37701568526017
70.1366278583972
248.8935094344779
75.83132215436581
-123.15251055132467
168.30426125198892
123.76570871709691
-28.59810941863725
292.13656337017983
-10.734605748770907
6.6072895550099755
35.926209823138805
9.129799975254514
132.41726700857726
142.86869904844184
17.11337686703655
112.13645684349626
6.421700367834941
77.2224109812263
61.46592274706941
58.05673571159643
-133.55825338943714
30.472007141379724
-331.65856327484016
-34.09763157198347
-6.105650643480516
114.36990818061395
69.1833153530842
116.2002408100252
51.927860563377536
-479.0296383631976
43.0934818987089
163.34466250393962
140.23892497127463
36.85973931998717
-66.55313314800333
7.872299151420481
59.52481382704582
-25.02161790337118
-35.8734485515015
59.8489590081208
8.02624560343127
32.36378733621943
-4.708728296076515
74.02126941334564
-126.99999293786868
-0.46347977485637093
60.57073960106891
41.935642325454346
13.117366309519083
-8.430586735497673
100.81272332962499
-19.929065520459517
11.773256726199657
64.4627164704896
50.036798315182295
100.8285463238708
28.399498433210788
32.09806532761752
10.399579964052009
81.16974491258225
35.825796880986424
127.42254560080494
20.877908903529587
87.58604362994187
-4.496999320714435
-12.411362177014983
27.886065349963168
60.01233616401356
-440.51553176681847
74.2560847956816
11.056455878772937
55.4641732816409
116.4876455423937
98.54791417101887
-33.58152443123299
9.550955242991222
-5.628377803115143
-162.56786224892994
17.75516921922511
0.707459593996917
103.72830655607629
111.7767804664702
-34.91994371282822
103.50560801395818
-225.77022360379578
21.431824617984592
-42.98149550025482
31.27792999542161
-43.1350949275693
41.775620451236996
25.837133643873127
131.31362345471643
4.463855147416634
43.74386974337665
-83.18262292460531
42.06982649423143
-7.108261607929251
12.851626121942278
30.214511072903928
8.851367476453106
80.68090874295603
-1.2410375247729775
105.94578580276038
59.653268896087795
68.22146068894835
-119.31209360654793
-10.734170452274611
-33.92238819537397
12.381630586612516
0.437852914225914
-176.04583064757207
-113.09635003368749
90.97453254795437
-10.917414776307414
37.170832465357535
150.41841044014973
-163.8979729083747
28.69147599082342
44.711145642823794
66.19582617915898
92.03299654699481
7.668120273197019
121.33589701799792
122.37012386476249
82.53291278407096
62.93494997264014
64.57581542509658
-26.914573584382367
-164.7906905990485
-54.68502332301341
19.732181335564295
-41.67250153446366
17.075937626227347
3.93332472556267
-111.5984361368487
-4.458798774230807
132.3420279060099
50.87388361239027
-4.123295644178989
31.497299734873
85.99227682409798
-79.80341653984192
-208.54579799322892
74.96675463190275
71.52874648909346
-338.50846287850254
134.55851871512732
95.98402100764906
32.31373644928772
-22.991195047771186
82.97754495752827
9.904957215684107
34.33741206129707
-7.618723403352362
-28.531310714483563
84.4603653790553
3.2410047182201605
135.31764778369939
96.33569372964712
94.6210028290227
98.5652403462193
-26.183904190551907
48.95232379925176
-83.86259568189962
-152.80499792754563
-41.93644838106502
133.46830679989125
-132.62048977180348
22.983014049536223
84.16795389978142
141.14065967066745
48.99685252100364
-60.926089235793825
42.89320233060302
63.81057619588917
26.682796548452473
1.2144373065236482
32.931037615785186
30.426864280895643
57.92657822376168
48.29951881672637
8.23354194162191
15.818058849920103
-52.01299041321772
110.49458435813449
118.52755114377032
-182.48048349799456
-36.92586193657801
-23.86574771093143
72.23424551068388
76.49592038787932
75.52680226177426
9.723524318507248
-67.08149797653384
20.408569881930536
-322.06247422796514
108.41411337380714
-27.614215894399422
37.11906459165084
51.0714652040331
1.0558222941826898
12.606920954428658
110.82154233651272
-56.237680899393126
-43.077676763728505
90.09617198663136
56.620418607961085
27.95234255469967
-105.33699353830798
39.02292909609105
-56.70708287790653
65.09187677918453
34.24208461278818
62.82004404720465
52.04776100918852
18.04453818521506
180.91797165172602
-30.62966723730238
49.71253374480966
-137.8298292568138
60.109303512043766
39.92051377800993
30.47342889688829
27.41617833032843
74.86807234506
-33.105704816585785
0.6704554413178017
112.62436011332738
42.3546758372446
-228.04288109698746
47.77731348150547
42.9857375489928
67.9801630288714
-1505.1424298796633
33.18306414300025
6.63466110320143
152.44364632314273
100.97781662455918
-13.319901379876114
80.30366691602808
115.5422439871827
15.932809997520508
14.349286226207369
16.02260444978678
55.10840855189568
140.5879848383454
155.78899309257395
19.331432412762297
55.58638281731611
135.58575979363832
7.626563396359547
23.861621709415616
92.89673996204087
116.3473604005435
59.7840592488985
164.48880737503987
64.03279750747593
63.80652200965936
129.55600645019604
188.18364441737594
-24.968046080727056
-45.01047048096643
46.27962904369542
58.31671384166384
108.15378662337832
57.37329157508208
181.09576571784282
-5.426762774328608
116.06918546022712
-193.65362643101585
102.21618320844732
-140.27882536782727
109.87221758233682
-12.859913189430515
44.503156624181486
121.51787027561204
-564.3661677484843
37.76496885856977
5.49928359469598
130.63907379585407
44.33097660060568
419.4216542152353
-48.74826865789419
15.984537398505818
21.84355222120672
139.98607263315444
10.073193212624517
-15.213691882709565
28.468427174563214
65.62124071605831
-44.67115702851642
83.10039120742545
61.94090542937806
-47.69133572815326
-105.40030377680705
23.340029727752153
37.2793012600938
30.80046176291649
129.41204977530333
-244.8842078315356
51.61971208723419
-10.962336112877539
8.94650593620554
-20.94269299903745
40.34262649154658
80.13446239679752
-45.05424637492251
-42.80367201367244
-94.22142889318411
23.26886018304743
-22.15257751313738
51.31412529638954
0.09986266425488566
74.40229794673387
4.0785676925906955
198.806539527538
6.6111252952549036
-264.8531344063558
85.11701787392225
-12.337316229763626
-20.26009215660868
118.24622933565126
27.10020326927296
49.008509367408806
-92.2413459080226
81.60774967831892
83.06799305309642
68.41297477382403
102.32473237898694
122.79019819615064
54.28606308691485
-90.53683690237722
117.18304673990315
-9.647509262954042
120.43421933954278
-26.124189670362224
-19.72359353240131
-1.9864570317521142
69.85447001059629
93.85655833039334
109.73314467825412
130.34533999224004
-148.93243996392448
59.71002700065378
15.921155825058918
-27.927365434989497
131.66297837238335
18.14880626053147
-16.657159286674414
-556.7658173456675
137.4331365954008
12.660268179371663
-13.999937539038427
201.50843639771892
-2.896119044589568
149.69061383125063
24.521925742405188
35.71372548164322
-65.63276866544038
58.6905773414621
-25.947651393510373
104.6016271968183
26.639300641159764
68.7969501634899
-275.3504630028601
-70.4605166065794
-40.28635377075989
59.86996005236827
34.832930691119714
-5.031132568144008
103.65382550202003
41.973342986538626
87.38712082987331
67.92162375383943
20.73050886457122
32.492802029975564
-361.369017209272
43.83113812985317
-35.322643588102935
45.93361762913182
50.23492206440619
82.51193512065782
32.60860896920846
16.935906008252346
38.11479252078108
26.760356228750425
83.48079415630536
94.6781026699183
80.80641155795911
-36.998004055516134
-75.38527067573887
-0.8585102208067221
57.59221940933338
27.69688244562516
-392.9892121329285
79.0037016859348
56.735872688016116
-31.1319147608921
82.45599473082461
11.873670313715706
18.25447608125512
28.111817118284307
42.33750786092537
13.395118419384666
129.88452715742415
156.81636213557476
-36.691861482858684
-49.57092200032821
-56.434609621158984
51.29179313580045
68.64671198434996
-39.82353437665759
70.50680063992695
41.841996806681436
-0.24170228063201193
90.59285585781163
137.66304534858727
180.90325934181283
137.011329232153
40.79973247438562
-293.9219915995909
-20.731892475706054
17.572944236096053
14.118176548291705
28.472684582585998
-22.034651907622454
120.84884836292531
13.024366354807594
85.58562795742546
59.88502664411021
81.38687409196382
-77.26534522191241
6.549913914157308
-12.74939521093931
9.733382815559471
160.22853023512607
38.446927617440544
-14.770422171939572
17.22901636560482
-33.773519594721165
29.883491740454502
111.64663638028969
-479.07830783564987
104.74053984914008
-27.602712087849795
94.21404083084221
6.52954998420455
85.60696009567823
-371.22287154452533
-1.773055733527599
0.1556783003595683
13.699383162088964
63.86601001502095
149.08362317312185
-13.148502339054176
141.20584239558139
-46.156354454896245
52.72258389484298
17.1287748531372
20.724587233630743
46.00395172290655
26.981445543379536
7.826548482072187
18.087779581600444
73.92429841618582
182.88490136961855
77.98745070831637
-858.6137138755475
199.8326260225922
117.57661028098664
13.595101263259721
-153.44804162666514
12.530066530155832
12.93078593475654
-19.906070164395643
102.64645374403563
146.70486593782425
-3.8631410374806627
147.22859890634845
-4.806214374804355
-5.628273019609843
-1.8063820539396147
-51.756580583253594
-41.55649136984129
39.17821178791746
46.33869436934273
50.10107591522865
-194.59375665109383
-56.18888193593011
24.976421454998228
36.577592409752924
73.0803999957265
60.47246703860134
61.94530019748095
19.693761088041924
7.680377951153233
147.71477651235864
1606.2433284846156
33.5852299073556
62.75115033660171
84.35341762115331
-13.426102481701419
-261.5496199027011
42.896975237482366
-92.1357871754326
20.329484160794493
22.7271061100641
57.42351037414403
130.3633328190408
156.68683077642663
-13.460461259044223
-17.750663757339435
208.33772722036565
1083.348295725722
161.30888529307322
132.45505754647866
21.178558836838207
38.1398373066836
-109.88231760491271
84.72841729632438
8.772450190221427
25.292745311660703
-70.42879040055413
13.610403727627272
-38.89344672809693
78.28569425859776
35.80376363201123
40.484588286334606
29.87071218052178
-8.034138626339328
66.86733158405963
-112.17104272297593
22.477776588199163
89.29143329373119
16.794502398320756
-1.287504685953776
94.60297225031383
80.74604539231677
36.28457929987303
50.72077990637036
164.73569414785334
142.51736725776072
-7.9053009389992255
-44.773932535060794
59.580258907037205
-14.346845909324202
-113.53159889242261
93.49737791679581
13.398233323494424
54.38187459525875
191.2443132993576
26.590481296662347
31.79842095494629
57.01460080783136
-5.8481955102517285
4.919041842159913
-16.401276412291377
4.459041628664778
18.606959477358163
-93.62712565128959
-236.8488864724568
50.99207648449553
32.590004494214554
46.92052401196406
180.1513317214999
5.7644707707639355
29.31693454330437
16.573579472254888
134.04232721519293
-90.30034759642831
-12.711363419582987
-54.22662580888664
1.371833599053779
167.7832394510956
42.0985594514691
-74.21344524974847
-89.32698005270595
-33.885086687115134
-440.4234904000241
166.62193788245713
63.10098296623832
80.85759644643485
-78.69980057073553
-6.403653649096203
-7.307902938240659
47.058199273880746
-35.10117073722722
69.60864095127545
35.833269147756
48.690881736300625
2.5090981302317417
-102.98437566988332
131.67791769004816
53.98898702057576
-42.903764255815986
51.91569312643486
-1.5887491987659246
-10.97723914927883
57.03377915429887
96.7509352739221
0.8915176443625312
121.9563310446913
2.7135963794307827
-43.63526301450929
46.04717918146753
-43.32694270473348
91.71169494143032
-1.5495223492243753
63.425199535222596
99.48689564000279
-9.595503081536014
-36.767321407071904
140.2179581453638
133.72826172227724
64.77613206937735
42.764093462732944
-118.37241608960449
114.28955226376411
-98.45439944287054
124.53462513041904
23.64272083841389
-121.04797736338969
282.5790674711825
95.5550924597477
-130.36642449835563
79.87339857866067
-14.059584764821357
-34.72771725965549
67.23240514020176
67.6511445398159
134.15509223961976
-205.20029914279075
-214.4427491561578
53.46036404422284
49.03879264201939
-42.93895743986013
52.93101660416792
-50.87577545983413
31.851220164805135
70.58119046316392
130.32151339087568
79.12368100043386
152.14900116793115
25.90680150877511
17.180806724833246
-1.715792294877133
-170.56453670675364
-26.86156169424521
32.28648516794101
14.50284623575519
-202.63620565913425
32.93994226238143
-10.9825803376288
-33.654170362836794
-175.84586028888316
17.288514790234014
-319.90025534564666
-147.12782138384955
220.07488189078958
6.198680314607373
77.15978297469007
17.950441312556475
-34.79801257103827
25.877047164557364
44.163450071442156
28.049948403108715
19.439239599284242
-30.70027800397593
-52.66015236370222
69.16009728241102
-3.276891948762093
-28.746891925530964
24.942125108979212
31.672696252751496
-707.4915993270171
-12.660057200561951
45.050517398139014
56.39553599270357
33.845636284038505
54.23812196834524
45.11042680064884
37.59647730927236
114.66008076873368
71.56204922665529
93.80157082463256
44.01794185432664
50.226590039167604
111.19386520915896
16.7010982991085
134.123217789906
4.033852949666078
83.30079261677736
95.64166053127883
71.62733402268896
45.63739120491398
50.17180688459939
24.172512724063836
-39.36489129267329
47.58188315434228
-29.34780305550856
43.098489156251105
67.08348910781709
23.069120905929594
-21.208421902967174
49.292177340525996
78.63012154557043
27.838736481821797
48.11670167383273
-5.958359000944218
114.67056049532403
42.862948072941535
27.757906675419633
26.356491562247133
-80.34453905456303
90.75109872655639
-6.418186735245985
69.68067812271397
29.174146343611937
-130.76154058700467
124.12036122724021
25.87849444549299
49.43290205844187
35.17725747926772
29.26986257557145
20.268851027107303
-9.81228090431518
154.6153660997495
-12.114642678329412
115.6513471966282
65.59020594520598
27.704644912318667
-11.57652219909869
64.8596520349075
-22.088773170115598
25.383201337340097
13.337394241250006
6.943894738303368
109.36824685517104
-3.0224753909160804
83.94338754946602
11.491230176392168
36.2054294581809
143.1437746211568
-94.45671274489905
-3.073961024373375
13.087464248530512
114.89590715258828
139.44602413583607
158.52095778334387
-37.28854604898743
-0.2540689296648645
63.705890810193594
6.645310387063546
21.877861786830636
49.63576117079151
-160.05751640962853
21.99965554919704
97.7349130476075
124.43972658367761
-34.62999586116939
28.74639486788692
20.854685341705647
32.896527108729146
-187.59513815556875
64.67213590257222
152.4603622623954
-92.52280684809921
-74.1996241795282
72.2612176660632
100.65068771450069
105.47688946846574
10.241410836703787
45.24581794532742
122.58225538407123
-46.73813959689505
95.96326331566934
-38.3318067199898
-247.3528119707844
218.08602212612686
59.13573499431686
35.87031271068918
117.20861056720878
200.07712735560017
-133.14911151408842
51.8738757681717
-15.497198704072616
43.186456457348356
51.5214016296828
-7.4285642624344135
-59.46634918256535
86.32307135389783
71.69440297008623
16.610001032506258
49.92935029847007
-9.567215558767657
-92.90693962949808
26.184474849995723
-14.683919257664456
18.11139426113779
120.30990561954968
12.237318668078842
-196.3740888486036
-4.574138325437161
-70.1096184303782
48.64010153820834
-8.961995073326761
32.73168173096724
192.82028266763155
90.59597968720027
81.29946670117988
81.9085279313058
108.33693263019177
67.09773091797041
-80.98673031343333
52.51543905207677
0.14249739987235444
109.60645959262047
-15.133736152349956
-124.97240030175544
-16.801438841156223
5.735665760022584
11.813592856258765
-133.96244331632215
100.49016757391792
37.72743020652297
61.29311215200704
6.1073646763662754
43.47332775297453
69.0033368119457
-158.71995313618754
-42.60262441308623
-188.91900378550235
10.629646161743224
-786.900107177185
164.10239638270787
16.955260762647015
-198.59008767158048
-53.450580200473944
-4.422072843663253
-1.2934792186674713
196.14286416675304
62.910031918363615
59.823613299779026
-26.288866165344363
81.71986952324733
62.94643642626233
-123.34168576266802
39.94215514982943
38.685452410944066
27.398973962262463
31.599091622029718
-106.11478318585705
140.36988376615682
55.32851707519151
22.300147504871504
-84.97160987459904
28.723365294481287
97.06673321611129
13.962073907681066
-84.77025888464323
-181.37093154974718
100.824415259371
153.1831466721169
-167.8039280349317
46.10301318057736
19.822800175125145
101.19738608491025
84.56027167642014
150.91520621823474
22.685540312531884
14.922534771647577
-64.57721023637578
56.31877039750651
58.312949852984175
-4.388292485545403
-201.3403959706411
26.277129978608418
96.60791291623741
44.66494643389706
89.65697654173235
82.76289699087738
150.50374466760286
-5.425055483579197
162.52611033788435
-9.414951861898931
-33.02445732783458
-17.432296377764033
50.40012746930324
45.10440618734185
-71.65403068159821
5.437427962286961
100.4958093065602
10.036577678305338
-86.75878467311031
4.806627653209204
145.03546702707263
20.55069600461099
-90.40519686879634
102.44095882383317
-92.45604283922557
86.51742824149596
-33.51173753596004
63.11442599997744
5.819760935798968
-434.1771601255123
-9.616448876456664
94.59061491958255
105.00571108304848
60.591548697913595
-34.78363916733958
150.4169287924576
16.124180917920892
72.62474698150038
-8.909636863490505
105.41001844719267
66.00764985533681
31.38525433940425
81.7132775416296
54.08870826559041
103.27130607441381
49.36706528672188
2.3114419265614288
137.66820859778522
187.61611528020512
21.818554396711715
13.187386149298572
363.6027269065062
13.57348885181653
63.69752972703054
-7.839945149989035
30.155937464126737
-6.362953324371119
11.88693777139344
-19.033864651506065
238.71394863676142
90.91912843895648
10.68008009799029
8.31713887407186
103.97603921825339
-3.688102353117162
12.226094251546936
17.72259391741492
41.90410380801859
-89.85937718510831
-14.431171097040078
32.92282184200869
-58.22872109927084
131.78090155691257
-176.44143386682663
53.740085628880536
78.87269767214502
-26.55326668058433
-98.48028181512518
-144.9877329400133
-30.485839198953023
-8.266322135976013
42.94802212667855
-91.86308285127325
99.9801321289965
51.438408278459065
173.21336403494593
-3.151293525245204
-314.36581743377155
30.46655950711608
-0.2212179307895923
-58.57679209131675
37.66499023115654
-146.1280060757208
78.4272889854667
37.67583686967416
-8.358451940218401
93.60186242767259
6.946544080650887
109.15386646692059
27.04713331269554
-225.33395171751363
5.809675529556694
287.57666540050377
-40.59275985168733
-33.15822295286379
131.07704764194068
87.0476789091058
77.91529226784769
-223.3478699635716
41.91255471036459
51.76084660718067
212.3608205962928
22.007953445752264
-169.33290144906914
111.60311029528839
139.7758079154296
165.01558171415877
-188.33637760477632
163.90339649271755
74.47371449934951
84.54886732649857
-10.538590274486069
105.25230505403579
14.10192040601305
54.882717188345495
107.85787441950521
-40.10729232140511
-70.14032457955
-175.49569475963082
15.057873895206958
-34.49299760596705
90.9292476877049
-7.831475278233148
-71.0134833330194
31.140624787710802
74.44052401931242
-9.069749330757986
74.00632729095196
-145.8346725735546
-2.0753873446854243
121.17627157217316
80.41674552229051
68.53000615022529
-131.27406409595096
53.921180998408545
-41.29109765029261
74.58821196491857
12.86163527866961
-52.95576855581885
-92.20807321782104
36.45625170643416
92.86022443713455
156.62189064758468
200.36630643446438
104.38474537851403
42.45736198580096
10.370710284636061
19.4586675931126
109.71429344860917
15.935760249867599
47.92658265537466
30.85948147051522
18.220639202779054
40.2788610820005
70.49271461278215
87.55924877654525
-84.47397121457021
73.22956426631333
78.8018529384109
-125.37726829482017
-89.78098872846317
-95.85616215353973
4.680022181539243
89.51420035665569
64.83111624606317
-9.717491561318472
23.93325593276471
-129.96887001410823
22.503023316017334
16.839164577540487
58.68830967037229
41.38173352890499
-20.515556907667815
-5.977129513981254
-291.05157805725685
32.45543607650503
87.2078968412028
7.620518595982958
-136.8504999275533
40.81526874842393
37.28951696250897
116.12590352047141
-3.3017334886758682
12.645320079071553
44.519267505644876
16.74552408180941
-68.71615069053405
187.330122052128
55.46352493567567
-214.70266162943608
14.631599422330718
8.05740670192008
124.39167184809583
7.597149026550596
-82.00453269435422
8.588575071539111
118.56590763042095
61.68035146321506
2.835401768273506
78.76318509534835
33.40395241948214
33.98310398290204
36.828101631655564
-30.549696396553138
46.333900657762115
64.10414396572833
61.22978330371319
53.16249682073999
59.61083358599892
61.650511158129966
57.85394020140316
-10.488576914284295
10.004780874767867
126.31468561163183
29.192936894957768
-68.33695515488989
190.80100847711537
22.536285333351124
62.78712923806597
115.80256376184525
-177.06454352934634
-92.18690447103381
59.94743249578957
183.41923358139593
22.173538707318066
13.189763453588842
232.06687908860158
92.20942534006622
-26.582646142185432
18.49847101225951
26.613424149362473
7.469282314856173
4.718155676000784
23.931801334673764
-37.56037095517422
36.857233573467965
52.001783124657436
51.13893225254321
275.39506020551335
37.85461169718986
118.66487540580215
-67.85450134710436
-111.41878030693078
44.00962702589057
98.30156028959982
58.91507295335256
-68.77537744226993
116.81219967943537
49.792488412692975
155.4316125290586
-74.02391424916323
93.06471647726522
77.70469769127476
35.304023195351206
0.8155537277661975
167.50788638303402
109.42845213346709
37.47779297245181
51.27033088562888
58.32962167808182
-80.54894652434791
31.631553616678502
20.82932229557157
38.91372218973402
67.34046932766228
63.29237805101846
14.5356360045322
44.2019472070148
56.66219291770176
44.64560209183506
-270.40637996574696
-115.07472853677064
-71.2206935149211
114.9596065311764
91.83081934200345
69.80488882664031
64.5216295290769
132.95865165166515
-203.2721861620007
16.78057790780258
29.374845440359984
-43.80977472268958
120.1795237014835
-75.55730556038452
52.56347459294648
119.33116586915139
-22.542167309474735
44.83177887766351
-1.3529611514236421
10.084064580339922
9.489716982629721
1.529524929191032
61.96543759988681
-101.156891803078
10.255147041694018
11.134563337826869
140.5126989699263
18.62867098783377
57.319929188096495
45.3704359628955
123.91102237384075
95.98781037901608
-202.50392976752119
-42.12111163303579
82.80751149635873
77.8209276366498
-46.088922463522955
73.41935021271735
118.69597652226548
-48.82095448069231
-12.344512299584949
119.91670513524605
135.9071583566306
-8.398658438627669
6.242387609431004
80.56561312770623
11.041149710435441
90.86298428924005
28.302466434692775
1.310984174602254
-189.3960587791571
-32.381995867059885
166.94198996190016
-16.384951742435987
15.088593422114247
107.05860292125453
-37.33471016734177
84.27548414907687
-3.5593642535106236
74.16814133529536
-6.3518272418600645
38.17484421373911
95.95276492594826
17.98835445143368
41.415405088358916
133.37817556374966
23.960215405531983
-17.6050385045609
30.36913691614299
85.31666358406869
-251.44178098952844
55.679829731629184
45.27790669323717
-31.553886125405427
39.02320824483969
85.79348964617338
25.463443269567108
91.38146071927349
82.26181445320822
49.87783129236099
-522.2629829845974
-21.01372326809093
28.802664926881803
224.4595431496591
64.66897733344754
-41.50038517263084
-0.5391098911819839
80.0795188532077
83.16857363488589
-20.440747271916297
155.93093289623766
51.60207027596848
-119.72156560689928
-83.91523675587837
14.488265294199792
18.069272672316547
45.32052747113693
24.530534640481328
-56.68789833850301
37.37723529887174
2.7203938512183625
159.1256393499225
33.59919462673626
24.603682757834875
34.61977909491156
146.81958358980955
127.19418977524992
95.35253217439163
-4.051604500602848
139.2135285628517
56.432366667357485
-697.3013682774392
79.24163027125996
-78.40474653773617
-203.79015116126902
44.62842092717504
-10.489965803929465
105.49373526584282
-106.46001822114613
-60.00065785477568
33.30535025752489
34.04806460983985
-70.50168792585265
24.504974037186003
109.85137515175052
39.203277012546245
64.45069486577722
57.850231723081734
69.9828265555193
13.398187115415197
-324.49012173929805
134.85859393893156
-52.27685561312089
90.849268526787
119.63383261339777
-483.2068004391668
51.82106564206663
101.72318480778631
54.579451562123296
72.25880874892749
131.170081256329
102.18708086752713
2.061051166970588
60.62690556766597
3.8277839328963523
111.27423188083799
184.10848632279112
-28.036222834799208
54.72692994405608
7.9953432147131025
172.17427892615206
78.84165874898281
143.87792659830984
44.167449235104414
47.40042542726557
-325.9688044729901
69.66337323019849
-61.7790330143348
11.835856494479533
23.788049581563214
154.88462149489874
88.87609418530963
45.20408683710609
32.2468367967158
-13.242620747435467
34.6900247880958
47.611403245467145
57.15319966210601
38.81018077661727
19.100367697730444
37.46121466006843
-19.537075003246724
-1.7756947188558811
133.21775597226417
12.311369717845082
146.84058702154198
10.193378165307706
-50.53569009599141
213.64962723212284
10.755545383255336
30.209760051624844
-113.23763848209092
78.48746297450549
14.746361651959766
5.505082931791094
71.91494131942216
86.90144874376767
59.39690157430232
2.785658563637657
107.30478707478869
-10.70983363953265
79.35727259726045
22.003537591877706
131.16447227636036
63.944254703642855
32.42800869507915
-73.15993415866933
8.683452244395852
-2.428862438596859
66.3604747520769
103.40428473800861
47.65032880854983
-188.55881086783938
100.30944645551176
46.68968873065921
32.68839130765889
59.846038041666986
10.266958593503404
-414.2856472286194
69.27898707410077
21.26051203722762
-42.40447375024996
56.26398107204986
78.6484387820235
177.13650962837573
-4.47577882937508
55.889857189332545
22.79506156783657
182.37943946493897
106.57507793318564
-20.098694094955864
-95.11745357506925
70.95078873631633
-10.147397870786676
101.31215387014117
41.02404722840038
77.70583966039305
101.58311692626057
63.235275983879546
95.0216591686692
79.58325850391384
-164.6020240689336
107.25645524653964
52.57528121251187
27.344065229171974
-66.89927498424251
33.00588268609424
39.15733558597097
178.92924658323545
106.21546039409805
94.37397925980804
241.8989509661701
9.85990640215983
-132.09516950997568
125.97337012005619
70.24087434639699
-74.46539466351078
24.9040406199465
30.831843898072293
139.85700255915435
-18.539121188969148
73.45212344584644
1268.8425503124035
38.1306090189787
54.13400221254605
53.36043755049286
86.66001324699755
70.68298907884878
92.57902784669909
-154.27369788163014
-4.332243521561395
93.70639481670923
-21.59255693858904
31.411878813677504
-36.999107096665284
-114.39880525272292
76.90351741150153
3.022656813042886
-161.02950566754862
76.57685117150504
58.30020256826083
90.67344191166723
81.25819949599739
-49.12231734830448
48.45021092078423
42.09444025003032
136.8471619494885
216.08249183033058
65.44993161482034
-136.95785610256053
45.9291665785147
42.88152190658781
-0.4090531295809453
-14.07203712991577
38.10739743158149
81.64432260605031
25.579384878418455
72.86783980910445
-8.976343455582256
67.04354996348766
184.06512032635283
-104.53330459442031
80.92457116897299
25.611122744417457
30.908400966001082
-233.01109231759983
-0.5183181513045962
5.4738278241068565
65.69602942988838
39.69831406550809
63.30665337933988
93.9258355390773
-126.2413563758987
83.34541189200263
87.49086765215907
117.57546889664991
-208.95140437557166
149.24269405929408
-15.828881363816869
12.262133906326532
-1.9190924286291013
69.3889338842705
47.84689916078175
155.08496223686825
-330.33926913325195
91.68403375559319
50.16392037983105
67.9705354231919
27.36657292437866
-31.229047801024794
-7.57826089611398
64.39303131273391
7.3070465177492
80.88224243628508
117.20264484776953
-74.38553186038553
166.23085930875504
37.02944038106111
-63.0454077815416
-0.8344105161068001
-5.607541406537223
66.622026867648
173.82515044018646
17.51274655187114
23.188971070096503
64.45740129326123
42.316031606260935
-138.573209324466
131.18140509117939
116.88108125048893
128.40065300726474
-149.4730814382783
20.057673464788877
-0.593845621182481
16.526853742906148
117.82602028188262
13.29288815474837
-24.27373072800583
37.23814254333203
-3.3852572942750445
-56.735360086148376
-15.403341176372559
35.30012659654054
76.71519565567178
34.06780266504006
21.22818837948312
107.56238043351095
-29.789570165986333
11.475022678775895
74.57433279276324
10.389474291667256
116.40545987109272
11.226445108897224
22.451168326422987
15.94438628778967
-22.8717055752657
3.053254637211627
-26.310210014255
16.83244423057929
146.1326485091954
85.59531062926271
40.721020772803826
-23.056283004934414
-1295.129448191913
141.08075678361956
4.25628552690928
-73.15432541015525
-10.708666565296028
58.111254028651274
-160.76547476791347
90.93245320436995
137.62569505399097
122.93097142225542
18.135771576604952
19.402831834496503
132.98761862404876
60.07874288734892
111.43101894004667
137.02822971995602
-39.05637256979435
149.70685250969063
33.114897565747015
-184.31664270226884
-12.111664446994382
-14.790187621208975
46.654571717204135
19.604115009217978
29.330508715914675
-178.11501176675574
22.01030593941603
23.28618767161535
61.66504596882032
-66.65275697740526
16.538667994343086
144.12608246059517
60.49352524454267
-230.34806640227453
57.2735744919066
90.36947266254992
41.745388198196
78.60948358577394
28.044604978839573
28.481177077327573
28.537652250169977
-26.241737474836384
36.24088973469088
57.06025281252279
73.69934769914153
49.33148892688996
82.44707089979283
-103.73687270855362
36.53110425499926
49.876545861756135
53.01730408247935
65.15459771370206
-183.29542811215924
51.2594996963867
-4.978451749823984
46.585272191581026
-28.412428678059534
40.3203952897686
176.40224518710602
12.437445527990803
130.5315969424364
19.769596328621336
3.453651405552707
-16.138777461561858
-75.37258226431004
86.50241633162568
-6.0465582346030615
44.1414136954171
70.88104766629058
118.64293754694586
143.41853254679745
-106.64322940886132
-22.512046136401295
-25.4486160835021
34.04629329119544
-641.361256772807
69.60309045518397
123.54608217955229
-45.13242196358758
-25.343131500458238
27.704371310886927
74.85861039703741
88.88932333554726
125.22103366863121
24.388912988005814
-620.7734273693765
7.823060083214841
-8.263678623592039
35.97759360534895
46.88337653543749
27.090160468094787
62.68968896968477
-52.70963932012728
-33.48595966574976
58.925950002800064
153.05110302919775
25.36719453906767
-27.27102080255213
54.913516238078955
-148.61355695416978
40.25331498668584
-52.72243681189309
-33.07753720928466
44.64034728179331
-29.889596656381855
34.055531227684696
175.01985204301673
-23.247632105933455
-20.281808010918738
140.60049349448173
-8.903364313322715
41.40025014637706
62.39383301618593
53.70281516422028
94.96597665868549
29.597907022994814
11.314506566573982
31.90170533810334
148.9140004684773
1061.7059148719459
-24.76934069499839
102.45637474360183
-286.3536523370767
169.75809273793584
199.16161102536216
56.19008413235622
59.37121442603245
37.57620992830047
92.19635354296656
19.852217068194477
-8.469020539808298
-34.006731190250775
95.96995826437569
47.21054477515244
-16.75725841731351
-511.94646097067107
104.77912403958567
14.831341542871172
63.9730750144804
119.3719892820418
-99.21536065918099
41.7136644152788
72.489797262624
28.13936453299145
104.76874136463766
52.69983614099738
56.93388525958134
-299.9548538376421
-176.43993015856722
201.87716058851993
-43.21266640482281
-25.959180055526943
118.7005687156477
63.67665351848859
78.14772218696965
-7.3392539707464515
57.11229704840116
68.8490156800882
-29.131123185122306
-190.14080601089336
-1.373493418841371
-8.819887175846747
-15.616725958340853
136.18712067669458
55.06185673813752
0.5973857645552273
-8.558587415874626
83.81519645445553
315.010873028923
33.54852330863285
-257.0623583112756
89.37893624325858
141.74799202733084
-77.9505341701497
107.3074010408402
17.78709282681939
67.78066559672789
54.455081120355715
28.364814491366104
-250.25030763580344
22.0760280575146
55.98601409536195
15.182054518151745
77.62686555516439
-267.88814511149303
41.42330435378773
38.84962764910733
38.6288488180071
-39.066567480282174
12.041072644167103
63.45729629907095
79.96130227565936
39.325337070970086
38.70382434514256
-254.3343495132176
-109.17031037824881
22.05210889267638
-128.06024277578672
62.2363907512348
-25.582196094629396
130.7830832434845
96.28470270955359
129.80170512364953
46.62287313366559
20.04162888761225
26.3144346111701
9.652078173278824
7.440854641952503
158.4063150364293
-96.24662899419081
160.05546922875237
120.77468734662307
62.05545001118287
-0.827345917105049
190.56783628183257
-158.33267186922603
-14.99249107743349
50.09925948213794
-15.410579865709394
-8.190570698393458
86.17676706831026
96.2459585070219
36.262283438819765
-13.686653780966893
199.66983137731222
-19.65636244559073
33.66279742128518
-76.54302761485042
21.323980060549637
60.406690628820165
51.23054190689754
-105.47531103372421
7.966331350483415
-8.93710794479171
87.88430414707727
100.22317039641985
98.27081206141656
-57.23325078285416
-319.1152169795241
71.65290895699962
42.45806253245533
-13.409061509864841
98.52396823078334
46.73907954325159
16.676266031473663
-10.393716032459452
41.98299476132991
18.857502838788054
214.02200771973276
16.856142483607982
64.00429690084707
-152.3067458483156
30.564544334604193
73.18027709352677
65.8564793709561
50.768428436921894
7.055522507304183
28.848437002858777
19.45984254200721
161.84708137084635
-2.5262736207260272
89.91661709620271
48.17877412637489
172.1719701235661
11.185334694179037
-78.8977861625267
-26.74755597956389
97.22571946500693
50.4742520311288
150.177233806839
91.5372182320566
9.70064272471609
29.760024160033907
100.40947121699946
23.41091017404823
20.006558812888883
161.28309731692525
-7.331569273131208
3.9617351910305842
-278.8287331557194
-44.66478243466736
32.45899363800609
7.1074686585146765
103.25484760764243
193.05773535428534
27.202236009293756
33.325839255363405
17.255043198143312
141.1075909435565
-60.0357407348162
-131.10363889265182
80.68341256440846
29.295700725346315
10.678361764734971
-13.880689625244031
26.305956345337833
119.98153908765335
30.467278522382415
-27.494217803640822
-0.1966275473641872
47.53778938124469
3.2850791429855235
90.41265228031125
81.54341315938785
-20.85056703373175
132.25459849984554
13.383119620499969
83.01677503902556
-5.64802621304088
-158.28666899260315
61.31760406535535
73.6166091879187
114.99619803996922
13.48367975758083
20.4140044416275
53.765136269484515
44.64511266822477
49.82593941127516
69.46507491540171
-204.30704926687395
2.4462723338367596
-106.43777854679774
-0.13569744728556543
51.69008274759196
34.764361395631795
99.8833553236741
53.4615526342925
-28.52551023691467
48.73771930024935
1.6406096883913008
53.38865032284649
-51.56173152362544
-0.22675457433022772
82.52402021145554
20.817658023764608
4.6556428050759555
55.4827386770349
-124.07094807439185
-31.14907358943871
45.749837086144474
143.27678826115562
-38.79226139240927
-32.85194154112696
36.683857453106754
19.53521580686972
-2.2373527600975063
-4.994827578572767
122.49434548952922
27.916098040222046
21.94199819847235
62.286162777675145
-100.16317954085844
-231.31044927987296
-2.236825455752393
-86.46487081301802
-23.31085281275955
-771.0874230234012
135.09881327650328
-19.101607977568165
16.60037136677363
46.72881123426832
-250.9977143929691
63.212964804463866
-37.85592956314849
23.127691759998214
-26.75792829905289
24.898534295319802
103.06768811823372
79.90426537263829
-113.34104595388453
-259.73250101924987
138.9829807997139
-70.44990897845946
-26.068892800740883
33.77239144193396
13.140746269328702
40.92427374467218
93.5404409058101
107.99346639669648
195.21363274474788
41.80689529299774
-8.783534615784797
86.66569726959415
-25.914878735103116
-118.96624906652232
44.48079201071505
81.92661500714985
18.04956757610171
121.50974983706533
52.19542125379803
7.7311646039643165
-19.971958511656794
4.960644602131513
31.746728290574037
-74.56656347906801
34.468420367977615
43.02412219736956
26.918783660218878
-144.86407433486056
-5.517352890885769
71.3995735957842
153.65932402525004
125.44254161886693
-219.0744030479309
191.74124689515702
-69.51633604865674
15.048255533281
42.63877184671719
-16.284076142022602
-24.39947714715754
30.694339891002002
72.02311676155341
41.80338115191496
-182.33976929593746
44.19594037958545
85.71926051658875
27.008653944512513
-212.06192204901618
16.159457019128627
20.758043551176748
1.9111088165788765
-11.943537449339374
44.49333196520948
-44.85707949648804
44.380290567237694
-19.8698987123571
-21.081559369139086
16.309290008490848
49.59928750100323
-173.1586108778356
31.879752618282623
-12.219322439079026
-12.573104612585377
92.3340431910915
124.10694146187154
209.2550763047459
262.93522500883455
-108.43388451319788
-30.10822684302866
105.18157131644955
68.56229739531486
151.0986877766718
235.93308478910694
84.63543199885441
18.22080915755987
69.51339244299314
41.58891764290706
36.22589252154727
-21.77713199471873
147.20312558964952
38.26898308959517
83.99835074992689
-76.16603254461279
74.82761168997195
110.13626050684206
65.68081527218646
-212.31548111634174
-141.57529333910406
-32.337642418384284
-222.431478695421
34.259910344382206
29.765950793690344
92.01331437510817
34.12469844809607
109.23043891044222
9.75062782235603
64.80746970738497
10.29744150103852
30.9980076963284
125.93606752982578
-144.66314544254146
1.7572142503424557
25.854349055870276
30.895499889959385
-149.80146702181355
23.020579903645398
84.7059441550473
23.53210295184408
-234.1780724651885
172.4354370434903
38.2376501375508
9.212010654809191
25.603754644290802
68.89031732270723
-133.09562501028222
-72.47309800648873
78.90268529587729
98.73475540933293
54.87194158004388
5.114548795331535
67.73832903382822
-44.2623022041671
72.14022681277856
-143.97579857681194
-220.84059650410018
36.65298935665248
159.53724516899229
38.19260109603965
35.59137233608888
-0.8279736355317158
-75.97329818695516
38.838232393995895
41.437409057316785
69.6589245467145
-84.52010396256946
-176.8707792218447
66.4590232398989
11.317460431050554
3.31053387446309
6.062903676247939
64.09506034811443
169.56961037053225
26.462679464070334
38.19478745617353
-22.73137286015435
4.606116358354484
25.615956800999413
-17.349762599649694
34.69363802493743
5.2455550927421655
-0.6343894468850522
3.900193775896696
162.66872122992663
226.39478990076896
27.350279379815703
151.16951654228114
129.35614829543465
27.614117202987472
119.09471644688801
-148.16703602075995
61.49286614205005
12.15798169310142
-42.39890671321655
-18.406837009897117
56.66289588401662
-6.122907945383989
78.4152659166873
156.25299437015838
50.784699633211865
3.1443180502783434
97.13902444874657
15.98032846558802
9.514822707392103
60.70957090006254
43.33944906307988
39.92962663314236
-18.57514426772468
221.5117341322075
-45.19827433003684
49.28831554328495
24.76014370575487
15.062996934035928
51.631547843585295
-12.408374968907504
-7.211361494302536
69.47156770375159
117.42862363864788
136.73626602777495
-90.30231648739846
-41.20038237799473
114.34462799446533
-844.1153213580855
182.63527563953608
-108.2872294877107
-124.99936418600646
36.103841621557784
16.477339384612147
2.30531669393622
-28.704430333395976
58.642925722254176
56.53865541907453
101.9771630127957
15.198841312232139
-71.12116211222121
-33.871170357470874
11.371969964410246
131.96094942693753
30.3786525886444
43.41747617312838
294.8325216361668
43.65835417299911
48.67895383017128
80.77558342983087
-110.60725653389409
13.83087617302693
54.18682562532538
-48.4576798424132
24.31698713716128
20.09374294703884
78.92936242265387
-20.998053867301223
14.906320166296775
-319.09240230546493
49.197965628505614
14.335413774414274
-256.3538586246523
129.60775625852284
76.28263377371877
-7.378680858649594
5.547243891338492
36.46000252346994
60.19126165410762
60.987404769203415
86.95032770108082
6.538613845731945
85.01106406886265
127.33452830304122
-9.832047364262863
55.17275942214899
30.868349648651474
4.890225662221926
83.25305238022065
-12.800295895755879
114.47571336954343
-25.230706330325486
62.363669404925616
-156.210617070054
-18.10837181164158
-0.7818862803824231
5.8359143098168715
-36.22169047566422
-13.195827478453348
60.75833271323643
44.74019567847654
3.0789765264263025
67.83121192314775
31.630366800774475
-64.82125439896845
11.996566780517526
-136.96199905067078
40.95947900127297
9.941203878699206
-11.112953439851468
40.11057554404118
30.316980371012164
33.07044281344065
0.13674445062088125
32.74618868893663
-15.493543135062282
6.535531396630271
49.456988654541576
80.23232905359896
42.364613460372986
75.66857710106251
58.138763549733994
38.064081672386486
136.1867900696775
68.11995488842126
109.38008907617632
108.24749967920388
175.47060763276068
-40.09211701231743
84.72904048678174
-139.00668198084986
-101.15511434187556
23.439785761595886
-13.418674778935465
28.11095406849745
25.96491548572567
-16.50087400998791
91.79694123995577
52.51109833134565
73.05533609547228
59.929100983965554
11.013935741424085
8.870968151617614
43.61407599144811
29.93195110513382
45.309120288937265
57.24973076207152
-29.30332258726503
76.48311843615284
24.076642444426295
82.97944812158858
30.277915957447078
214.56098159855856
34.493519689082405
94.63098661052754
99.2433703125796
7.608212706117229
49.71271628848217
124.08861369681722
44.24687919106009
77.95872462148691
-26.470447094947303
153.61701695489683
-1.8773335432375184
35.3034394389407
32.18580121162551
48.025627508990965
73.09804636318711
36.47563067016739
-93.89268428197784
64.07328239175075
61.70847285031641
2.6753024477206964
53.422355617304675
149.30828721639682
-32.2010038547947
59.289290069553886
51.44005967344248
-90.60492731546628
85.78644279035129
-28.935846650366557
18.611861164072707
131.88715704524066
-120.43525185951967
33.55424848481553
-165.67231592774078
-12.889702015477724
-49.61507459594938
-46.06996988236107
-33.26569378339801
53.54000279537013
1.640095672330176
38.60106489145983
82.75973446733656
60.4903912213357
42.92154345037923
191.59120214599307
141.06103585099254
139.86624777650377
-32.263771349295666
50.11103834687219
52.06123682343417
79.38089050815597
33.54421397126226
25.775244076793115
-26.717864693951014
-13.804070810268058
98.38437909036361
64.42628395791189
37.19550383359183
107.38860335363324
-4.354239619717191
55.56399498361382
166.62774627722547
53.342462358821194
80.20291834035572
29.22071858547682
-57.65996249194632
67.06189127178641
26.170085430901963
28.80212342620598
146.14379582003676
0.9748037278682204
5.969044785728784
41.41555906346767
-144.46262344013303
17.588204743548506
57.61074077580679
109.11719164474152
-150.02000906668982
-32.97431567075091
-13.956664592357356
-0.7295677827523512
69.6772958439633
-9.973504805136145
136.66933845699623
24.790764926917785
-173.47646716000813
-14.364385625691739
-19.418245787338492
32.71333506834802
-65.34514671071975
70.03180479148341
46.062910051851674
-103.78767496045566
-17.596922914419338
46.33311041698326
-141.76525564546318
79.91751434410799
98.28851686780808
33.20198823880922
44.72979960148314
-193.5743115034429
125.94246820683247
27.299358684449544
50.639202302083646
79.0476186167989
98.54458223702022
36.10827270185308
-60.76141781425622
-155.1860542208542
0.5260353365033552
37.61745796957042
-203.24832075935137
-2.7956812734200867
62.216565208569676
14.676265607270466
-29.862706538581087
-11.30708421468944
31.520915332940376
-87.22467827853507
45.96389961159339
55.560595818793445
14.187676543487227
76.36683778646648
69.00478128817446
-57.42766627788478
-18.904513862937122
-234.0039105523847
58.889246142304025
48.0908552847633
10.878795745906302
91.55911032028234
-35.32972151239119
57.02828841393375
55.60232351093259
-39.52932040412452
-33.32360092190851
-158.36340200600853
114.71635024053967
-16.366614837302222
37.580132012093635
148.14463130360218
-52.2449908899689
-50.36753629488578
185.82795444173962
35.421164502476174
69.54934543896434
3.482053566871855
-28.393637815939375
135.76480315784738
48.05851535962151
107.71650549706555
14.339903140648033
95.6245705536362
93.67749535735402
61.82949353752565
-6.166606098578541
2.516480590855969
128.6625174210476
59.14268855004832
56.14745903390583
22.444820058096496
43.20677278085577
74.68654909891256
7.756857266649601
-15.701999268281725
6.971900757402559
11.518430306919072
147.5012626537159
95.04937639954187
106.22001693447783
-72.0710475359374
53.935288850819575
302.96854084776214
13.440157482968516
93.5109986571166
69.78818798897782
151.8157037489243
51.83805619218202
58.39166205279648
118.57732841422148
41.06417760259517
-320.7550785959129
53.13141718908269
-10.332230766555217
99.65547208011549
89.83373586437006
124.68973908231192
-2.2280063892075974
23.0422020245378
80.90308451396527
10.67114438359556
54.87522507183621
232.98542228128917
-62.10174437056139
66.6624880063141
55.731091696085855
70.27899697304895
62.24617586990553
-70.1846163873879
221.00022301250738
-123.28617771240783
-34.434585376988025
6.89567908825029
26.990067079877424
68.34473367543364
-12.63754798992831
45.39402361554994
172.81701760692613
40.24841589646986
40.13121816937905
33.43469893628835
90.95774305078612
106.58588311387393
-13.224505528925727
132.45277532797377
26.356671919563887
-5.746996108591247
30.699058234052544
98.86813733283202
8.05747605580337
110.92892756565948
93.31581322922318
36.43100752569762
61.502065740729904
24.745176846622144
-115.30678432793138
19.034166763070857
52.11039062447412
166.45974547848527
45.011598406989805
-23.047988020613957
140.0637699188901
64.436708447829
35.34096171253803
42.803354020551524
-96.83453435619907
96.27807533486475
121.38088032154519
-318.81369383250785
40.747251521622275
5.538473322962901
-141.51217511097715
32.01907879175906
39.77675393934888
75.96058309131269
32.865351047665825
32.388480807702386
16.105694485817626
-83.4044897753106
23.902166797843165
53.21833577100221
167.21007040210816
-23.616797638987833
-19.76453800621961
118.71642203047895
-6.776935931339722
41.902178990384314
26.107565738087544
-79.70554270562388
17.281198671008212
-412.7618410250505
102.8771539504105
29.746637515554482
57.78369335058443
161.79507486207422
37.2395086786693
40.897133522507374
-24.255649753994923
37.184523194890716
11.575076272001116
-96.31093608295396
219.39184525413748
118.60690482541543
134.47779276139272
114.59498516290091
26.542512979894436
107.00637190274756
51.024556744261275
58.50166208024211
11.4083103564849
82.22265138897319
-12.015809831016213
223.9545398712171
66.41620988919453
-74.79583338225802
69.51864189510206
-19.535933630460203
78.00294341569042
142.49264664477164
-36.001391162026266
102.98546600540158
197.24042871766687
136.43032108432953
71.61407170650327
126.72395351610794
-102.9902702730783
30.935133033446363
-50.84728160755874
140.03820882288414
40.55819846243685
25.68225293933392
126.66308230671643
128.11254834854753
23.491782872627937
121.96398310224004
69.36842730449098
-583.6857918607711
-44.93694105319231
141.59826124194933
-8.048592766078855
64.82715962601691
-239.82786735924213
115.1568945189465
-118.74038296346225
8.302981736496164
15.44759460526706
76.67189581768798
61.70473419648378
2.7820408532590086
25.491866811091217
-28.381136149775557
-17.586532804429226
43.57798145620552
99.27835959785034
-0.6953307896606481
35.019097607618086
-1009.9810820576527
43.834907610150196
86.56508678160571
66.17134460919617
-34.34643192933282
83.86099322212539
15.280729950136527
14.128022739732831
124.376248015751
-38.78496621051363
8.522841146066424
-124.88537001664918
56.39565101237986
8.347474910658809
95.42264622311211
-214.7904461833532
-23.068245956281256
-124.57772622947232
111.08307833801837
3.42440434143758
2.896524411461874
30.742290778433016
61.161613301038415
150.57724703385566
4.350399098173153
57.52100130131225
38.19956503260346
17.317569919301018
87.94263654646255
67.12372218924475
22.211101469184896
53.98254006514693
38.059669212873395
-10.94620695775056
103.37928408164771
120.24298235438073
22.567193425431103
65.76337434409407
98.6620434009651
47.21651724388113
73.20789566234475
154.43344722559868
-226.7045972920232
65.01895894632025
-3.4171974660668907
75.62559244713896
-82.36060301910129
-13.856900669889342
-53.35396084913964
9.75431420493743
-1.7606459491892448
-25.710670227897026
24.66393771726466
-120.98897777421462
-20.59584579751754
4.657799758603893
-11.51092323970316
33.98433846276914
83.55432302309691
7.3921854401666
113.63961107397563
125.2240944323994
12.701759521909176
24.64173636621763
-3.5132601493205584
-99.61152986801335
16.187398541079954
39.334234960858794
-123.61362762936687
8.203315926218048
-172.2186515184767
-28.029922752464245
-7.835617618251195
31.79172995012081
25.758109146908737
170.11869609665678
174.4432735782293
41.98639662893254
41.19780102807526
49.36968893688387
127.55896443326765
-74.24630615407432
-98.68268357991656
-37.08931282897947
-37.73687593745308
39.66721314928918
91.6126392658507
101.3069969328103
89.22171617180265
69.07053782976436
22.684401531590083
-32.94420541892341
103.42231711488444
21.315822063432186
383.0594764285652
61.3214585793014
-415.4244607954015
-114.69891138358018
-19.6602919432708
-52.722336786272535
16.221914511307403
28.33879661650086
-29.74193913392355
3.6890846424917783
48.419931428842986
27.49936774682024
137.5295820282463
21.914069151408434
48.977600704714945
36.56898740860197
55.516079291627875
49.94590353318051
105.69612337493163
56.69007136310097
23.81733865267688
56.99509408144877
82.14951846621852
44.14273455986495
-147.29040780304513
-237.95316319676567
153.74997252948515
64.93570689758326
30.186719607327706
-14.526089216242354
51.649177219355806
-9.408754753742826
35.80492217428381
-11.319637706143608
56.24734634381002
9.438100593237941
-6.210490869320904
39.9954386673362
-15.284437000427502
-4.3115336121552446
18.594542259622457
-43.62978804530712
91.00248840878021
-2.7647703747361447
268.8202076729199
71.01220399714794
55.94240627027902
77.09786441241607
104.13440445391825
112.55556944611726
25.50284974173519
12.00039880371489
11.639264117588482
44.046028810474866
267.08428110702926
97.82628376233811
35.48203530338952
32.06068749150842
125.83839405861545
178.27194413542338
-1118.6707978049672
-48.42233547406242
-47.20795294114532
-57.399706272572075
-6.387515595721079
-41.32421469397514
-8.885446360373763
123.18639913163997
37.894832269229525
4.067060407711779
-137.02922145156435
-65.34823719879296
-9.05789955263839
-66.5843864743027
-3.3309233620663914
18.513940295060415
27.43516617179067
72.8656156129554
4.106646686667226
72.78919643250188
39.049432670695026
-29.52719262505343
52.572500457283695
-41.045324838004916
17.615123030896598
76.96576745236689
25.318352224396506
-163.94135083927358
147.8303358942003
52.75828127746013
87.7197636398131
149.43172167691955
-412.26929896457494
114.79290722619862
-16.358387778956057
-63.097065428280075
-24.096072553877246
218.07105285680518
-52.05959788056316
-78.95872228741882
21.09319860178448
34.788747030372804
-119.3557311139657
61.26908152159555
41.466664578724476
99.73618495380424
40.728013876893804
24.37394935812917
-4.891269140890827
153.42221107595924
-19.672514960349176
13.890208038096471
15.770542865894186
145.77892278625268
104.30093179990877
86.48790190468571
49.415787966425114
-3.078938904468787
27.197036162448057
29.83128521099161
-76.65277609876603
78.79642333631114
225.7597399050046
-12.809724402166921
93.14555420551278
-79.57623625061795
-10.558804289550153
-30.67653509848959
79.79880485702927
107.51471997594581
62.173375213205254
14.049726260908756
29.684072634274344
272.3807508445075
9.536334556555001
47.33789889709425
110.95280308283736
79.15396689444287
260.18259160903244
-109.0065196276023
65.85870612531608
22.094697736334336
89.09482367173314
23.82326344386412
-158.05384399301602
53.24585591586998
-9.256713682714242
11.322957823968864
-36.54145946507025
-10.638353884455933
38.622987173081526
215.3891643061188
30.66636683712477
77.93443458730508
-29.601501012759684
16.787249759612223
18.414449035744838
8.282913417992354
-105.02840408502925
99.64991066061111
47.09518972102106
44.81712563370047
12.242369005191449
-12.328685305725685
-36.444142845799156
2.9353667982484146
28.99040779517145
-66.16161109600125
14.313574188954288
-138.6583915750307
-12.03010244613735
90.76365276254865
5.678800371707832
-20.06332645875503
91.29287809495054
77.36010560575619
29.020196656970256
196.5155898132998
144.09507328226482
103.84457425070866
28.90228675975648
50.57634675531153
59.88376797301635
-189.73628425318384
131.7524812678721
85.53192725603691
21.654088755388152
17.535231613975288
142.25883105478033
75.0137817866007
71.50462047888641
-143.1190202043408
44.574932224458735
-166.15291273979346
-171.74765957496584
78.7290349840934
39.1522941516796
71.52450568275071
157.58827200347696
34.12421431623304
8.909914244613134
121.7577823790532
90.07452502859041
-43.60724700035689
57.5306350418864
162.02203574319356
59.356335392155955
-122.17496886994786
57.35127036382673
4.133131439542299
-129.6876211853937
89.70818472785322
176.8535536393565
-218.41461958522905
1.777718182733079
29.868502258188283
93.61040797808027
37.71545805999284
3.0123121753986197
272.95609860557397
-40.87938692764328
-34.58799985002592
76.70458784655926
-8.265112780808053
16.581165847243454
107.55381373326009
22.457884642298268
39.66131739319553
-107.65810769600944
152.57365524625948
62.068342326062975
-67.87034635578584
-863.7568766028018
-18.532818104376435
38.121263301033196
10.64997341419154
56.93948330497739
71.08933691294055
44.778325297174945
35.7145758391915
37.41100360346354
-46.473672566150526
36.74864555966359
31.872433374721368
-61.48137808998399
163.35974453827112
30.886377023585283
119.39587829372022
-94.78560093673323
-7.624726019166219
-38.24827920302869
38.61741382285726
92.11881660217702
87.46833274262644
87.28461935102177
45.969831721758055
44.35479598995799
43.59570773173084
86.95830278900439
72.8291671319339
-115.50894097997934
146.13975290090684
122.0866823373741
38.58381661987511
20.97301516684047
38.4618417984766
69.50281427987522
252.88537127547988
-275.6894895863825
-7.908891821183715
34.23238000260558
69.48907401767565
64.53345953568896
-31.339169042653168
23.89521070201772
-2.298908980885699
21.932178275943443
-39.6119355232172
27.22154710980674
10.357736032345201
3.144616732953182
17.223249138147576
32.72852862685522
16.160998909114387
-608.7757076904727
69.1223386096699
30.109766601811884
107.26069275247028
166.59729991992617
225.10108040307205
81.50018993978875
27.435888604497954
36.05289188996551
36.917930647467074
29.133746786315964
60.581243064134014
24.08422882308307
62.7391466576463
-60.30455406580859
-1.0942656449751667
49.906078594808605
-135.38880543285268
-218.7606417722086
39.39456202886322
-331.66674565647463
27.953061455268198
16.940746651312736
-22.29602779654173
132.13369592090748
112.4146700237261
78.48910328215266
83.64996562080842
65.5274467795561
-149.02339595660123
-7.841861238484853
109.32758936215578
113.39689344336512
23.094012879681117
61.416350224302136
68.36827039038238
30.965173083958803
99.36894904199903
19.347223152752754
-34.51705472086913
-19.487795380273383
-3.8745170143938594
15.535761960331456
-171.3040452090736
10.205612449297782
156.82156452774143
26.227048484838058
57.05904102650595
-103.70623931771297
13.858548535012837
17.031657874761336
85.90195507708233
62.81367819175641
33.57761287785799
-3.4385557843124843
80.25208439790478
-27.65000362317369
62.769282381455895
97.17222252279907
105.91471007712425
-63.33484557009251
-12.372693377438527
54.21834238657914
66.38872941689624
-7.786425500139558
127.3563541617159
37.74296689556786
94.12374114621753
153.5743509831991
52.294858735467756
91.52817024501303
-3.348276581618949
73.15776731561436
31.665440101323743
17.138640555404898
32.33628315875072
-16.706938560476715
38.38667155755357
25.28067825454172
62.975428261250954
129.92555251977228
20.748474151539913
32.184624423728955
53.701133865558354
106.16656207404503
45.22740320249602
19.822199231741195
-597.486955360755
187.96995693473036
-152.2961277860486
-161.0955666863856
63.250928928046505
22.531317975530328
49.17623901457546
-30.407401933335365
-28.18536186424717
-18.866415549480735
-156.25312732992052
10.799515466920926
178.680035701223
131.07095615660455
120.01693038791882
47.22559846569416
75.68737233686934
23.70618520376924
213.59681419420212
-97.25574089786005
-201.07590894655732
69.15586533154044
169.17219698786676
-59.91386262015313
-254.23090653889994
16.952612200458134
25.5199563935272
-19.27856586202878
-139.91583862602693
-36.45477304830797
44.6165617102979
-82.52380104497837
111.5215062064699
-601.4538562109201
-15.615210196869356
13.040088798531336
71.95915833141089
185.46246072140093
-44.60526480634326
42.43999116315638
124.06396478859779
90.25020567912384
82.3226982004573
13.29480896572204
-85.24187749768862
106.47495820714005
19.911851716892752
43.09771167521808
-40.39657516541865
10.489300082986254
-7.467447971829529
-26.54459318827275
56.95457630029257
1.233663255953985
27.875604787795055
44.82011290478725
-11.525618264898867
-32.64610203626925
45.14136589017778
-18.85522566608086
40.208972776253034
26.319615196636136
75.95793591403205
24.19979357864093
79.64396449393809
130.94858579842548
213.0715522856035
53.49472802560247
-242.960253853842
51.73351488795483
-18.099322553415732
188.83104938001998
-168.50005063350682
41.7656528204634
72.34155527971211
62.25082559205126
75.86414708800493
-150.42365162520264
83.51708392620691
13.47016373855694
77.69424538596422
18.161605893844353
109.20768346822388
47.47069123143519
27.508892282590196
38.338308543501626
152.31793771341336
104.99377232120014
63.49794639697484
11.239544021002327
-114.21208022132345
25.028695760604933
-9.436789200124005
262.85688131081633
99.659852619513
99.87679045724781
22.202251232990875
115.81112524405899
-141.86953055059985
159.04098320623189
-9.230394357749521
20.786710717687797
2.687811904877004
96.98964132220522
63.23185400062802
3.517714214225187
141.29446100206223
-43.21700845713349
33.244274942543775
-45.369228451182956
70.17549358583028
55.142956058569325
50.271332014542544
-111.80471138819394
97.4580660955653
43.549440748399654
8.404329202531462
52.590889116957115
82.91927871942971
19.32311498451793
19.88994301694902
89.24331092259638
60.22064402685061
23.496575161641427
135.75467638425607
-359.19523747574294
20.243677564167058
4.007976366261424
15.38967246006996
8.395306792779593
142.65599107285925
132.39913907160326
22.59790215352878
11.366211950613028
71.2087422914733
-46.4692996120223
-59.650562129484875
77.98595087549381
-12.67235829562641
20.57100932076783
-56.62976406493635
59.11223059522831
-13.141578775156653
-202.0824190938929
136.49197751066094
-42.54505560599637
20.316815387599082
67.78317636087561
65.52820320684941
142.20213644251407
-38.740324519696514
-10.686208801259227
30.4833749084799
-15.125398216378933
84.62649961504326
36.535333769886975
39.221822458788964
46.51087539244736
26.623257518253517
3.1937237119823294
44.096819796012824
7.413055523810726
33.10318627388051
12.060296428643694
124.87916338888863
99.13485813024681
-39.821355375558596
1.2838769619421129
-17.90817229498281
12.508194246156028
86.74473981369943
29.186012324264357
-32.94180668793284
145.93152433107662
115.4800290864614
-10.465017482358613
78.51958304983691
38.77036759320538
-23.674207556131933
-32.27891174722222
-725.2317397239967
15.309475888334589
-37.350954141865714
7.990425698629152
106.70680653564023
23.0985027257302
67.63564302448216
67.43279645866934
65.72635170987186
73.0653577484398
-37.807872427778875
-22.468118499861518
13.301429149560851
-73.92836832291505
-12.850681185479427
-107.74676279587288
75.57957057239764
-80.63945003743265
105.19345781163383
66.03805138569311
-5.4493101837400095
-5.65566457510522
85.01392269215967
125.28756163473349
127.21128192607239
50.19566177914197
-115.4119397114946
82.81018191675821
22.856985896320406
-30.16567552672541
151.0999565651823
64.72571860194921
172.07094698738365
98.92103065892042
92.86171595123915
271.1788377640928
2.6214241070561712
-23.573300783990344
-99.06317274885805
71.59622626660166
-3.9527852086618624
15.434580567327275
-2.2646943831259705
37.06210181050892
-31.005412830951627
-180.97739390579045
120.21156764394436
-13.693782492906186
9.459790858693367
117.12015135447632
-163.66074806411598
33.81886080197782
-21.827378707901516
147.60907229003442
24.44034491405131
38.60701294976701
-208.21777636675415
95.03520591233246
274.44960684550097
28.95022512457399
-46.37840829941615
51.795340422177105
188.5225235114067
33.21430697130572
31.360892478163624
25.095188467777398
65.45478906354947
-27.090466580966677
110.15348027923915
50.54075866002709
-470.11651304268696
5.902844651086859
31.405647170811072
36.37937620216421
56.107641654184334
6.948463689416716
27.164001968083767
163.20616152684443
-317.36902602346436
-518.1381739235558
-44.61336116546545
59.85815196600285
31.15899758694107
87.80507546706139
-21.047066937206594
103.0553884685404
325.071856055255
-67.04074793849819
128.4852770245393
108.091432364311
-19.113425383403726
55.12483843601558
51.3313416850483
79.77514938465902
35.72646915015855
-95.0960417650922
-1.3560327035893032
28.84333844113033
-58.756857310005216
-22.687823163269968
279.16037893820794
263.90098996679626
-73.79701497748465
29.03513171035297
42.129349128629656
-154.1620134498712
26.3629972688649
7.325310123708963
61.32281573484033
56.08299685819724
37.03651554781845
51.89299079586897
26.981552491165463
48.120187392981826
138.49980217659322
-21.196068678720664
-51.17978031477696
5.731243765479576
3.829174787958749
-39.15167822020519
11.273667062038987
51.9999559387977
76.53674320650424
15.746255191722298
104.76546451729428
123.16743687910957
115.01086739158063
-52.476479513713
94.67874930994873
120.2510773760514
12.992777078667388
19.38634250768108
-22.01939821049369
81.34913461496762
105.61742011764318
-22.15259842107207
4.090823535452273
57.56943416674221
16.570007064124322
196.47187001942712
176.0347648742527
123.91312490769224
12.792376743816362
66.65584046738968
241.57611509505023
79.49341702086895
7.129744278483486
50.64414360967575
-68.01936526549883
39.56968820437828
57.93959229143661
-91.94361220252631
47.89665022253024
12.507918519706294
-78.6302420614282
146.51162172463683
-782.0129822172767
-4.953098965814945
47.34491270876242
12.551946047616873
61.11473574840207
130.55204070865375
218.42262559717847
65.61803524591915
73.59907838387387
-72.47811930296348
-39.40047213226535
57.81836157917155
109.42241051999963
38.13119515340827
-76.8077609973061
93.08360986225739
42.93130551454168
34.29585924174947
-21.00202119129881
58.11458926972291
68.38829232372245
-4.066219456620681
18.425289123840734
23.696948255837924
40.929816936864626
25.046659490454424
-4.673729717668811
29.100103753386065
99.70302927738442
-72.44257850544253
76.8962381549054
55.48112853504762
25.23158795988926
143.59652606317854
54.81389232565118
68.88242631388675
18.70071369055313
33.04781805873654
-173.83495696090586
101.65759533562414
27.62907178384416
35.43298755275333
69.7781550325958
21.194006301456728
16.82007552173084
8.084423849999512
29.17310262453044
-106.15630341467431
31.935007656077005
180.4123848616582
59.596280061938614
-69.21160365607466
124.71997064439688
36.26903137222777
101.25762856253903
20.164479580067564
0.30493370319521773
19.110478697157497
8.508722360416806
36.01609294227518
-78.13806845779754
9.615058012551788
13.435622422106896
-6.093465897429254
6.410073205483272
-17.459993328783938
-15.953358266990108
61.51085527253798
-56.848449613713456
17.16815187015768
-261.18555489383016
28.1214823792061
118.41328100719056
153.70540489296582
27.5317013259224
125.9819083411212
-39.98711527269461
-63.55975941064207
-3.6489171336561412
52.42594196148275
13.456846907001818
-87.82250081304173
-50.892016683544625
24.971103630569775
49.7372151949318
14.89761601475358
-30.351243720110972
12.895162992049109
88.54971264617302
69.94266740959543
75.57717580592362
63.623792996590836
57.408069215023716
20.75195314737175
21.18321523169152
132.49804426166156
-7.160328786444097
134.980516078047
-182.123453179217
12.703727268872541
41.196168852296054
-54.36193209578505
10.624933986026917
33.06598514433896
26.859594857395724
5.091276378404282
18.92065823472113
14.0411210944796
11.847724147099854
135.782224332115
-56.63763425552088
-13.99179562078325
70.0614778779011
21.004370141587252
29.82268992224699
106.48657084824049
22.424867168821756
23.80986589672602
43.18006750596342
40.09147529175425
92.14116604695323
40.47337048690633
28.47896678856128
-148.1390593507922
-121.22881686374103
26.100490012596197
-39.58914000096047
3.3716841566950215
94.23789813043868
-161.4819015458479
127.05558572690734
-4.251305650848698
-55.47327083662731
-33.57371605868184
33.789529015563815
10.052512641030185
-24.47862617787996
-148.3538296940369
95.86033257242752
-41.73692901305367
144.86515874832185
-5.345078604764607
169.7399411501233
103.26890228590582
-4.63163669241635
122.56896088905592
49.13811505444311
89.28833833134627
72.098442077926
98.26395482994349
211.3485945302359
21.77391743581066
33.541387536470154
13.913158450702102
14.781180992685625
-53.55059822379826
76.06435015240322
19.896224565805255
25.945087597893583
-39.31781789099023
82.03660056619628
72.85193034852995
47.75323865775823
106.77282576794914
18.116605525942454
183.33754094650112
66.56037241323915
61.179620640906705
61.91080938023424
-17.36229117250487
44.346242042755875
1.0629145375278313
-67.94396733870872
-125.83983188805178
-66.63962926048998
36.36664587399227
-102.83057526134507
106.455872911401
-21.068058449396933
-59.017621537165724
-9.212449481768045
57.36618822262274
142.8607391552025
-35.891186976889
-181.5534134369982
9.603387141221727
-77.5740228431996
9.713987583637861
22.164836040190604
-1.0034862422454012
-104.96094137216414
28.9021430311774
86.83731787976615
17.008049611433307
144.62917524346904
-61.797180658136334
-6.5000591266977725
-36.82632736329462
45.580657211784
46.07431027709981
-192.9451434237244
-20.709442290434936
41.225724378467476
25.32691562468878
-195.27487943198048
154.82982475932954
-12.472479677153842
55.0709257045454
-35.65074562830838
8.40533627822424
27.86383524187289
0.9671962356181578
57.2433381426422
51.14430236332191
-28.152793535483397
-38.47907520476974
-6.3230018500908045
51.90345077807109
125.18652854955508
-19.31036994471521
73.38819435870073
128.2810001914445
51.26880376361629
32.75942135591807
-13.561195904540579
43.45105343016934
-7.755427450925698
6.8319747202193355
60.003915190942735
55.83416233718094
30.597683131409667
95.38077043237467
30.607859555674295
120.33030825143896
108.55358983953624
28.153794159323503
14.780219984235373
93.71782839321668
118.25293411786436
-50.12978214080067
9.468847084401098
-5.261888066241227
159.59449885133017
58.24450984375619
56.986515983991126
-126.96768272888539
167.30252961213137
9.755878446021597
0.3353331695607267
123.10268895646436
16.972775537700727
-8.707807788798409
26.377268891872017
-79.66212887805614
159.6445261661063
55.278480626047894
-76.98154015755244
90.51383206319599
-39.75080926689043
196.16734643083964
83.54197990034515
71.5046259730126
-277.9334851262747
20.65235733222937
-179.34427660683696
13.726129765651422
-73.07424140131207
56.08083409008816
-16.463743807308333
117.62482594644598
146.10708376869457
68.90208080488537
109.64820728357108
-98.52252669862628
53.24522555643898
23.369264245080558
-10.258170364944867
123.45038287205398
-6.324185682798166
-7.73191254269816
51.90959499888035
21.362921429874604
87.28004324780227
100.07745842137774
45.889966365746204
-72.90526971799375
166.39256077925938
-5.9829943429332975
76.50755496965758
18.644955922667492
-37.317227886715955
60.153797728267364
79.75875930934626
76.35120597309424
-89.77051382870422
41.637732769744616
32.52237931726238
56.32506961012865
-71.22460006746724
32.10455160023291
117.69062943988365
18.167988067302645
63.36452542441607
9.134810048828513
140.7211420909598
-3.315659754676434
-3.696558876643394
21.325000105713343
158.24211178015412
57.83305906885198
-19.075648490540416
4.387707023102573
37.235585010939545
-6.804903777725485
53.878739486103505
-30.047654961064527
-165.65018409934873
102.14682673314422
85.87940113794207
49.877013015616285
-155.32092730431032
66.37953561656461
9.52887797961579
-34.650517611435056
117.5644480172773
42.37634876369264
133.26516187374273
183.14641922063038
-304.94020414081024
53.02289106007629
-71.87545514547435
173.0512470690055
-256.0913712960246
-88.75023057323324
-8.052672652088408
61.46630883896569
268.523835497037
-13.345297868260332
95.91563546552464
71.62259949093638
-13.791284008540911
44.742162069068286
105.8706926464888
-85.52035590635523
135.80977379231672
42.24757959602721
25.585326844907947
11.496814564350188
55.925847797878305
-53.1122119283339
-251.2651551669167
97.02070286371963
18.090443897392106
-164.31816920385654
60.80375008810162
44.03864312607598
-2.2989513234329024
135.9257081751282
29.23258761302405
21.379438785333825
28.30005085090265
0.511085476476552
15.373919983481755
-84.42103488362727
78.04270583102732
66.17958084666043
110.80541237105825
2.0768578832658022
-192.25424660937506
73.40778979143056
25.94277906941022
104.30486376781846
126.4807547567234
35.29665699129189
74.70435454161543
133.7100399953515
-14.885955977937101
-25.537620302273623
17.005431230373233
57.629224682565905
49.07158855257195
-2.149346162512696
-58.58959480783187
106.36049021463532
-49.158658971942714
18.018330910401424
118.37608035711764
95.78089226093152
3.6641887043151664
63.36418671421413
81.16479585749357
113.54148213883218
124.60020896254491
39.971672435275195
70.68546467549811
43.14775441443924
152.98469820992568
-56.95328731211703
79.22246325481217
-7.417948410677022
49.326888083317215
-36.22725299563717
202.16883409617935
29.403204426085722
-18.393752187033844
23.808691320341495
-475.11516003558427
7.665138189776918
-6.560811355767555
51.36824277169535
-39.627185395378945
-3.9490833892855335
-78.0130744986752
-85.58120007830803
-19.239577109143344
64.35231268773704
68.00786076872888
-1.3478257811860828
105.63762017089948
63.12678525528585
133.18253623155988
-16.982385609829176
34.407220091775
157.47162227842273
118.31410155889625
-42.26434548126372
20.177931861319895
-167.75005204400895
-8.001067553602658
-58.867987230740134
9.126676433437163
-30.64109271460711
21.029266270545655
51.3970857254335
-136.50065427996378
-0.0045219503499538405
-121.76598869181493
56.876015132022985
-23.888224350867063
27.34988649744883
55.94045809078787
-9.97103605381659
50.42788049418259
159.93553990588725
16.291008234373656
35.583176497905825
143.91126998766458
-187.35593594550028
114.84402542341786
30.555806897974133
157.74662988484715
38.92832269417568
87.69850982627386
88.74095881247831
98.82061526706275
-85.5235337154486
-115.74211580658084
41.92880169543389
-11.752743351629888
-62.677974340246614
42.944043481908736
11.020052132757419
62.571724560516316
126.38597138694377
-35.39429431846747
-636.7996352964601
69.29971463508397
29.094264035358123
-40.89780052350943
10.79458504316187
22.3259483839905
28.81613403587653
-228.42387249602962
32.42876209173464
194.7472132224343
-23.5308088105894
188.78481700175098
16.67770391969051
32.819011995976126
-620.965220035785
9.410436867017882
107.9107778397472
150.10804361277815
74.70394938997327
-8.769029315877827
-0.16307659768699523
42.78265396340521
239.4933027906759
27.921820240384136
121.8702913648799
-5.530444402697412
5.434663455252689
95.17758999551825
28.193917865204185
29.34100416932054
49.12457382552566
4.864154591690749
41.41356157105656
81.74741097547894
-8.841234632011947
73.00361568807193
23.311680799317514
-26.79428627149834
40.652400288212334
165.66167322930346
-192.7719048045965
70.96253112514397
18.567089151273176
29.332420737931898
34.76103954026152
90.87459119502864
-689.0083561812867
-6.9027175353567145
192.62767592165392
141.32921535789728
93.75824559007805
-153.2105613146946
-280.88056403710016
2.658077288087952
-118.05780732130916
21.63222488530596
9.071257781938954
-32.09692286601482
186.60171315648404
81.63602147714664
68.27083510510829
74.16001387977224
93.50332008112946
125.39068562576176
59.40182402003768
87.9890026614483
77.88618772776996
72.25855328931084
53.97068324615982
44.416598560248374
-633.517075544908
-120.83181304521713
39.91219656902091
59.071442125499345
-32.99599096871684
12.271524217729217
61.581975160761885
8.447683547089811
6.534662531551844
-115.28174130117623
-31.243809912596504
107.97571979646273
-325.67749825933424
116.46005000855166
21.456161425745893
-209.27952082053707
-1.9840607900491705
58.2949626155939
29.965047541733583
12.540023570038189
38.743818989409476
63.4067768112418
28.729680063334854
68.84308443342329
92.22700669189044
75.69337771452729
100.74521192434645
-2.6324753372295358
2.726878348210448
57.68556160933562
-104.82520174362799
103.18434278744007
-263.426466589582
215.37687460550205
39.33097145224227
113.00436436931705
24.038154174454522
22.35186429377147
65.23466769404381
-1.3717283164124694
-63.08520740929771
85.28025971505008
18.752495509516848
44.01323774304166
46.57645251152087
-4.8743580286309225
104.26655332671498
-71.0153849784092
21.36514203161505
288.8062259679323
20.120736707098075
20.58170948827615
119.3871594428374
17.825028551691524
51.93048086090519
-49.30788860809889
98.86007720749285
-12.908607739739244
22.030433311342815
53.53159049620658
23.836926965181192
-26.780063669179516
87.22149585990383
24.4732037705356
72.42585611261325
21.680390611907477
63.214285000398505
39.93534839026188
-44.64775465199955
36.12835916016105
22.47739529514047
36.016597093750846
-15.72819431280768
80.74339891737952
19.278508850140042
51.121600848854115
96.97413083600486
147.70681641462556
-381.88574757330844
-116.25841962738377
23.400085913539442
-72.09238918824268
-8.828681610857684
116.48853679577792
104.2690108280849
23.723371673719768
-48.798694702837025
23.122601671042798
157.60132891467356
33.72904863963595
89.52265918251874
40.61745672513651
-40.61405367010775
13.288832863650539
75.73950115963635
121.72963192170027
115.23819764706832
-55.49312529435065
-92.36650462385023
25.665858876054678
20.499445998735965
39.75808822154204
66.88789130608211
29.177680735403754
-29.90214508212914
-41.973772559961844
-174.3063905245699
55.59192375137553
27.378960466943226
23.07191261477863
54.188188871909915
57.1186116372528
75.76184430264834
47.72384750595486
66.27094830670103
-34.50372387415155
70.97929479393565
116.0712497251734
-84.151708367207
86.4299872931017
-19.457061768779795
-59.41733604052493
33.36251481062061
115.78973598919265
-48.93699376958861
75.32611856103057
37.534943336481774
-35.897396713181095
51.55545684084895
-12.223506605554093
66.35357450726035
36.7987455741209
-183.26419728462952
-21.540461242787387
84.4021147086487
-159.38159252641435
2.7420901040835695
60.866160144476
111.54150924060093
-18.014461452785742
-54.182808542380485
1287.652265721335
35.75612180426869
136.90204210692764
-22.79227481695216
109.13750639486216
7.428526865218419
-207.50409616419893
45.985030212209494
44.80628662158961
-0.27197567883104057
-112.68133068442057
-1.4930977478697969
34.06971596159701
63.503601004167535
-10.90062640692463
51.0562490995297
-40.3369343655786
52.450524121758804
13.006206424604272
-1.8654337649958304
30.910752475299887
-7.6812097970103
-0.5233878169882189
59.48625821798862
39.8061922486139
9.888443263988705
28.944923511566373
28.390291694290845
-6.4294887382254515
107.27455809632283
-54.00320051133167
74.71636342280499
8.0573032948449
39.168591653407304
-6.785625181951106
44.05740427287918
-50.084543189243135
-105.39102835349058
29.83088918968815
3.605235719813937
98.23975293993817
-12.264452882807632
-254.35432816391992
105.36724890127743
117.82570766650133
-18.13552702224804
10.590931182864551
117.75984323963303
97.356263088422
103.42560903587764
35.081102093802656
-156.48433207275684
36.971057824450746
-0.041827221969469974
166.73666869369617
48.434700137248456
0.7682753873223191
114.12927099298304
14.282982930771205
34.89093445137304
-268.73857875832755
87.46485546598063
-12.704382575967363
-166.29406052727109
17.903327890921673
109.02136263232751
9.536168767494736
29.423472558936737
84.55259891685546
60.459261119589655
91.04616344942065
89.87207522764902
64.17739771710285
124.90053345769229
40.54705980105548
79.9519947708335
3.8557190018814254
39.65328928755222
79.23691437222544
11.507597820215324
66.81317222452799
32.2487103707457
7.517856068049241
127.77663597436185
30.975701870996545
46.961031135551366
78.02714193039765
10.434905866051395
29.925457749772704
45.354758662952264
166.78319094358994
-153.12420661257602
240.12421937260842
29.247041777372836
-28.82031466897388
-166.6764618483121
135.69648973006542
-129.36888557808106
91.75212690342505
3.9625352737681525
79.62492602910794
122.97226195094754
12.200250452949263
19.957346189457013
43.66215481014889
28.67059044127464
-24.378470985197964
-73.81031733439637
-18.32880714126486
-67.11243942607871
-4.3405108147641425
149.75521298337299
82.30473499641954
97.37518531065894
262.08190022021245
64.12914002680407
-12.325621728278293
15.258855512990666
3.6714569720409855
108.69896218799204
-177.96890779781916
-364.48785250640185
31.784311366097022
-108.08737801594953
-244.34308119441448
23.280361702542905
30.708735563273834
33.24178869243633
-46.375806284020655
19.990404253158026
-2.3223518518284436
-683.8932590365717
13.36041292423306
7.6881277954685885
71.06169900471605
-96.38574405983036
92.42407732605079
103.62647291856993
263.37946130874843
61.98907218310643
49.270096991188765
100.68898119416144
-592.8897282850512
61.477224418705106
78.7517124900257
147.84464624489397
-6.901362908497925
137.60705133154534
-142.52984842804108
15.648973892399127
-70.86790329847942
7.680254734635545
3.3903030017733826
-37.688409451068765
-10.835878999607871
8.127849358164895
30.48799775853244
110.49579569300795
15.289794252843762
125.85571170056255
133.15134337006293
100.6383550161604
87.5286738543976
-83.2142706276909
62.002186309384996
118.40764649141602
78.1610720114113
43.87361834390154
77.78223254441241
99.91663663858253
-142.41119402555069
-70.60968257741388
71.37756194045517
18.977596757403944
48.60910669133126
125.62756229257593
109.13514907885519
-5.427803710518858
233.12874426288727
27.61369738334224
-38.64579279736889
117.36386914203922
33.53372727778917
-10.616679774741037
47.1565825122434
13.073437923934875
-12.08066199321911
35.415432153084566
66.425659232079
59.33471125592608
41.445093863016155
-36.89915716352911
13.452772229057246
-151.52953464151233
91.54903874917909
-10.238957310010392
11.071702932337303
88.33598981993555
44.58760176224132
-17.93576423307877
-15.26594448041078
76.40985282906627
121.52288567860796
51.92404692952101
38.314061849350495
90.02118022355216
-74.3007037220068
-23.68552272694069
-68.74929850295757
89.82234338022326
32.74263478354504
-48.52329847097326
10.309847162143425
29.24971625446925
51.84427780919057
32.38278544131515
110.601275046522
76.20453173544271
21.93796802320903
-55.747002492511456
-0.414485429676283
56.954284022544016
-4.045863952881808
-207.3583190647787
131.99050047306082
87.84102416202859
41.801322849747365
7.576593670165908
-146.38843916618043
101.50690875349983
60.57067405024509
53.65917100112952
4.423106000768818
-62.32151258850513
-97.63157547944462
59.69835040079336
39.778931245893624
18.753546266538592
95.33453298472239
70.47604114782462
4.9022795330988345
75.05088753400196
265.06296019042566
-846.4752602545874
51.59276191779354
-2.456723579154186
154.28685073994757
9.270505437290318
34.32396477925672
181.7554048030911
64.1902777859359
113.50570721632153
-10.430492102734206
-7.6915525871102375
40.459196095620804
29.278994123360974
-164.74214946779375
95.60302119115681
34.306759371398
20.21684247437588
146.7339127238929
27.82237034878689
91.38994383416275
35.138998864576934
-166.0137823289151
-17.68456781643495
5.544442072910897
-6.349786331182258
-87.65746170642342
-16.932726016422748
-126.65777780389122
104.68395101880742
38.20399341305596
-17.395960756946543
53.580925665023145
87.18743057809235
-18.888679500174145
13.231097746917593
16.490803249876006
-2.287727770225878
-77.62999886302595
170.3062589055744
-117.02225905548858
35.56074499716715
144.55697751534854
18.090881389638643
-135.4731045715152
-30.635325014568203
18.56008207087853
21.174441324875943
18.619073119520507
12.93682498860916
113.5699516384534
3.144283340538562
131.45199155314344
-13.695660324536332
52.42029312157523
-3.075020573410045
-7.277248863510977
-104.59489712778554
-235.84936650799847
92.27747744725093
122.79032418377847
-5.519209981148473
48.043503102174554
19.88396826866949
98.5033008541227
71.8429570769124
30.226284491176102
127.11279136848316
5.999137486849939
56.070767754819826
53.69318060188863
67.49432111138094
-59.07408557340477
7.942900808235663
-14.368395995701121
32.63135658145245
80.478231471669
-12.193327515913104
-58.84698930862169
-68.60221424985139
68.24420990698184
63.632875320546205
39.03102429222085
-62.20833328559661
160.80069296691136
-44.66178168412853
9.574328280006712
24.10850995622258
61.39604769906668
-31.943661202712843
8.753817018901003
18.221362864088093
-33.46532907002893
-47.45890144502164
-160.4198229919666
70.37178420282362
31.371662092611928
95.55320536524312
-245.62963779005986
-129.05808635355754
31.92169297069404
54.235453368870594
13.207771921506044
-63.99870075394756
44.947266677197575
34.58098856153521
-3.339112905510556
69.65865406076045
-2.033656877327303
-65.53819401247029
26.073204458578253
-56.49389508867989
-41.15128318962343
81.79111241569723
-31.970039526941036
470.36089035095483
287.8687416957073
96.13157913177929
-46.72041477803714
87.24761825974872
-638.3703489435983
-143.10709125821177
197.53406886233188
-107.68521123290637
70.53567595117755
78.37776202611076
70.21617607375384
-3.235559411962276
153.54696988474143
-232.28049374698458
66.03836505726122
-82.44757614332912
-12.600920269152539
0.6992232413581299
-37.12789003958096
-32.21235708114816
47.10938660142392
17.293809422306367
279.0423966432363
-0.1207094741362913
107.29516863529489
-42.590677771356695
-18.60565488959719
-65.04650795453927
-650.3602529981924
143.21580967153977
53.95949154358562
107.54603818312768
4.48236347448983
104.55248383122762
83.6760863597217
97.74490601547177
21.461618754549818
-254.37643505614778
-4.277581689018916
50.5850713691263
39.542920810837444
85.42349322532846
-8.631242301852485
94.44781281555015
-30.255937085490586
66.2581883388641
-176.5947888875944
-101.55281868332804
23.517645171885913
62.43307769141575
25.871807137813448
67.95974966989297
18.253094353579314
-191.32133964293644
70.08900756267303
-35.08942094303603
7.024902374752642
101.75785144863448
164.03408727122587
47.32104912900468
-7.1286527349293465
36.77461667964519
-2.854466816575838
144.831922828801
65.66751000018017
47.84674008905699
100.08717802440106
-448.0871217686681
99.30677004095787
-9.726328003304854
-99.33012474522047
-63.77372045001175
59.125211381602305
21.96953810945385
60.373012469665355
-27.9235277905359
-152.02204511959144
48.742022222397175
102.75601423063472
75.28014453062656
139.5461449233071
232.55021706044135
67.6692360495374
79.99863166666569
1.687266118935451
127.78064771760296
108.21469637814789
-120.31461308809207
113.7988950975332
-12.809804146735774
32.59259424154271
90.58836358368285
-4.699524656067297
-61.729847025151685
60.50164161138716
119.39679599849876
-283.2705535393302
95.86630830395438
-12.407609704514499
41.470875403553464
16.44532212436036
-76.77847253112986
-0.15460305182634837
89.41167854707692
102.63970399830885
151.35233421261046
15.511071401781862
419.3595363457257
23.832325544286505
35.59095212342375
71.85267624019991
26.51922763253668
98.82911073412106
-224.4578756436531
32.68163117768864
252.12447651576304
32.405862667305286
-55.74707899480861
57.11885530460995
61.730746574250375
44.487669861258254
116.15215298352757
57.6704468802572
89.57523314536456
52.04161276011272
81.90427972967439
-313.4218403938112
-155.83438198067597
-54.750920930911434
129.2005909647346
45.074922203179554
57.778785767985255
91.66154636118836
46.61720139924273
18.0605429643677
-105.69267748934772
-0.35373331128812424
196.6121074268549
39.883431984002925
42.859298414276594
25.523731200106717
-11.141798394845473
134.16060880605073
103.49388028510475
-12.401589560943941
93.8254330815962
-22.086228447899884
49.493592097621786
70.01461761190308
74.26832140175475
-23.216340940713835
94.95367103433819
-12.588740816164318
67.84745080558017
57.67396512450992
3.2390243321193295
113.09183245550685
80.30169541549549
102.26656715879653
-48.76730310127641
27.31989314001706
55.301527718222275
36.52587067309433
-9.08250810779779
-20.47825761027843
60.75233087517563
-154.9260489743965
-99.17973491712064
22.066866114898403
104.25160716051414
55.650631634154706
56.51395071451332
65.20422864654526
44.416986453001265
119.68084480466541
-72.06496760072969
45.44483928572936
-148.4148408976398
-160.1032739064558
9.992024942113137
-21.263633684560563
75.2603685210023
9.055970656204568
17.37465918371818
42.867048621162354
64.3936618706964
-4.5958707404780235
-14.70933190705745
0.7892208409982591
-42.26216582366533
22.231923678093942
7.075017777474471
-216.35377132339272
57.248604558723855
-200.7923416642734
22.837078495508653
27.926230232715294
-37.6009101809903
94.21788850102985
27.78580855192534
58.54499832349981
65.55596704474397
92.34153406709993
164.1685334461108
-92.46101993398679
177.28762478648878
-54.677741099587536
22.840241566831793
121.80277442210263
33.09151148474618
53.85098431584882
39.82205537614118
64.44541883676061
33.483381834558955
0.43008929288633535
130.65274016565445
-70.75130334280031
-37.449358501936366
-68.6072449784579
96.17194550962529
51.65336413522179
131.52986943920087
-88.04458345677176
9.376833195198362
126.94472098216306
-25.2649203621605
27.629744274228656
-300.5819612547093
62.36312074807596
48.45259576753506
79.50881828305478
27.106763452140115
33.10275049514826
20.01191730389279
56.93857222993896
38.16327104931497
19.162062647073995
7.709188482041728
68.42076578509887
79.10318577977677
45.441302162489215
-18.240868880484868
-92.75714478786085
56.968409666536175
-1.6375674700666423
-135.84183471673288
-24.019922715831708
15.931072415227009
-172.3432767382069
-36.1405859713172
-56.415758580815236
181.52985155731994
73.37475959824263
192.68543643403518
-26.229214713615875
55.353789590074804
30.035776709615675
-93.54106177836093
9.023359958643464
-743.3546534889047
-31.16934251454768
67.6970311667913
15.248207803964721
18.419667030294963
196.81563137317426
20.244402769763838
104.92603190455338
21.62267396938887
71.26213616416135
178.10135660099058
49.59866760440593
69.24267646211774
-133.0119114791305
56.04577533212637
41.091696924608314
62.3139059849907
16.621792843515916
39.30972287322753
-2.1614855893158165
43.97250849032899
61.95524064473648
253.61342635087658
96.68829855541725
63.37147529076765
-4.498379629238448
40.953990888262055
120.1123867952324
-34.45438420510184
-14.784214027321505
139.15790762576694
93.51004176964602
32.641506596211066
39.80863896335187
5.9371862408643805
19.537434072442345
69.75770682998305
119.28699799418428
20.983932045740623
56.7947739227925
18.153455993842726
-57.618425021194525
122.14261971223186
82.67706095917868
-208.63526656124304
84.71271928508213
97.06482429216021
-7.863116697479464
-320.5592790922521
37.578438252151045
5.539669149102565
27.659508260889652
-0.6224141787895668
-127.7027116613358
2.6109304376058735
49.92717110111994
-23.830635579927275
-30.641574599785315
35.05282101721477
19.593508043548916
32.13858723053636
-278.40714102610127
122.91837039787356
129.62501320204137
55.9550579459564
-10.599377202467647
-65.41296834878358
100.02713990958
11.158769749684062
-6.944670626808355
-7.797661814931483
-294.95584596035445
219.09801869196735
149.85924751196012
79.40116316360121
64.7004534316066
-91.32616057338362
-20.50666591698857
127.0565751565482
30.5997720237308
8.308569834980638
-71.9252214050639
-176.93156888259182
95.03277333832011
-21.968216608408284
-1.4450941632514336
146.90375395733554
63.129518547945736
72.93370686155322
-76.1055568037309
66.49138147136898
-83.0815434409642
6.486892642070082
45.083879738316995
123.19731964983521
-109.33041910956126
-6.331515800051682
-6.405892770717401
215.1667044102287
-116.93843352968679
57.14589843954699
24.754183889280856
158.19814977012038
-25.642082192387054
-109.77644096054246
23.389710007801114
-89.39630034358436
118.77541348525074
27.691089753275946
20.801948583428263
140.01380867365947
38.46893417949701
18.035076145605274
-4.008377365228823
-20.57773358589972
142.80812308809914
10.542527788064945
72.62567223977415
39.1579993200271
144.8674792900233
24.86071526439173
151.7748851943511
-40.01531004334629
54.2946374452421
105.98490123756642
41.794869658722746
-50.96005369766226
15.92443403946254
53.84510822720449
33.373842469790816
12.70529734583397
-50.34070449392857
61.24578762153135
78.3671506475348
46.3328947628748
81.45530001428392
39.53018384208326
25.132579465116038
-28.402502704572726
83.28805422594769
174.21642301817656
88.11090061966479
12.685134651954002
239.16308444378546
-13.01086202566546
122.78566959145701
16.95938935943133
66.22294676959487
93.56004676914449
70.97735627637559
-192.246175661292
-2.464527850462673
65.10679012136933
39.67798875832385
16.90413779327786
63.831940470186964
-2.9390445830990757
45.06187978341222
41.44719171560542
47.548648575368844
14.206416894190497
29.83609202958498
16.44536747368329
79.64234275248373
30.602121019066537
43.51004259614365
6.134882955527246
-69.4644411264394
109.38682155908327
24.692419288791207
83.0188162037723
124.31007753980884
-159.0815114771667
24.49701827717103
-52.01698660364855
-33.24455814841713
80.73100609944936
123.19218954883911
1.8458503603464163
23.85177112023274
-223.78762706535827
46.12501132792755
-378.8007339186179
23.95407636447545
39.91107936812844
98.92613013219852
0.5905405684025027
15.606495368317935
-19.562615759232376
52.2575979745623
192.26815245779153
-94.84160204705131
-70.25044260872937
-32.87116658287687
19.863332375097343
-190.72735744741703
62.65557841470103
110.35376148152113
-14.935079856439978
40.98593998886155
-13.127863714386876
79.04760918757796
54.72211971873571
-12.667834984805081
14.568803064249067
-48.612614679424496
-103.84750811180493
97.89174550809571
-5.117269907679287
50.995152665161285
88.88658173472868
-118.05041965132614
-10.958185389948085
-22.12897049428826
8.162380801097338
36.51020595034629
40.30235914191667
31.833660541671634
58.69643065902528
-397.6920048595116
-12.346471597255231
66.22039274959252
-27.089961809149294
93.0490447705265
-196.48100057535703
14.363279630130608
40.53834685414572
-5.21506044369562
-36.92943706313736
-16.2096264327686
56.53746765113692
-29.115503125544535
118.65388645500138
-96.26878263181061
69.48707297696183
-55.59026297353329
-14.02446975363182
16.625298050475514
-37.52078099437722
71.66893222439393
-61.638911559058215
-388.148310290273
-12.893172826609657
35.52925095074477
94.52585243651038
11.267016444292494
11.938786224558509
-17.96127398760362
43.938294865168885
75.10078362913328
-23.405391877521986
95.7079722709741
-36.039724675167236
34.659165891594974
-4.535557183114179
40.951858484558215
57.515627134357146
73.15082985480967
7.154053756116582
-174.04094820399405
125.98562441487002
17.26478561715703
16.853631462159058
-148.03602700776628
-19.527213449360993
51.927578455874254
-23.627845990923323
-18.61863326951243
-41.51470521942963
-30.11964498465568
-30.961913396368583
71.94096139035881
-7.176593310640328
40.654661343150806
-24.06782281774622
138.57413534525767
171.28373211804
-105.83873537576073
44.82837934145108
37.34488841330375
207.15981966773325
177.90890040210843
44.54990758551244
-55.0402738221992
68.10393472815258
186.57095643237562
-294.11533390188004
81.5161077497288
-15.021522220107727
-1.4451706218009908
58.68930818588069
107.74303924076503
106.13653258299121
51.07023618622095
-103.3282000646127
1.2931414426314103
112.56914790282326
142.41415504456882
-0.5880599874167985
152.40611934355275
89.03063748277026
41.278816192182205
68.12018061682465
21.121632057859475
32.560055464798154
13.779402069673397
67.81560871424426
46.39824678912157
-13.233214681514388
22.76313463316319
-44.75229251595829
43.64453970967861
17.373613251162404
80.4042857344291
-174.48873177168844
73.11022422633505
95.62254236733497
48.36699395083616
-26.912430504554777
23.89671259092394
-135.0507140411437
156.587508318328
142.57785396058034
-118.77825789175449
62.468134987474514
14.830653349866992
-115.78483795206739
-60.490855094934886
117.74767802244787
-5.261274915219417
36.813642855437934
165.77406267911238
65.59942452980249
-172.94653820765961
122.1877540239393
14.70879381748167
47.86867960773941
44.233370178350214
68.17523580463131
-29.375093417471362
-117.7197351172249
-128.26578936724718
73.09567252463387
-61.03732843213129
-16.488670160647732
36.897260180959165
120.65106304280152
62.58596194328129
-13.52504882758915
-659.414244850711
82.69516216450279
88.97173450753826
103.67064170018239
132.25536038861264
7.084881925370812
-74.87009310382182
31.628273413564727
36.230429649589006
31.882693967089438
13.26310797988242
78.93286763845026
-43.01029210658544
48.00709096134955
1.6936088360985195
-9.425709919673602
-82.71945838262582
52.186737269451896
-26.363951630155498
-54.5581008567309
47.58535263873484
-28.659904179863588
107.04604831612232
21.13205166744951
35.83224718069897
43.51696839710799
-118.97105669073972
-65.3403037045664
-187.40611948893456
-29.27746023599926
76.61607568804457
44.02628677400979
58.108064331750484
34.41256096984114
-133.5590361877612
-113.03895764534653
19.00448598839739
56.503718626218344
5.8259169344029385
50.65803192898702
85.09549529737433
-80.99561584518415
-203.55597310055873
-36.07488225775878
-80.67529041981197
125.22987693929554
-16.080663622296512
100.39229453277494
-66.46717270180989
101.8358611945032
12.794816103978587
61.7448086643235
92.93134172984264
12.939849107390717
-32.770007867730236
-0.6588752187208229
239.89197043121067
19.167007082703282
8.236318487532571
-2.9992514192858835
121.92706585850419
-144.17874196136927
1.0311861085527205
42.59937160970094
183.41128989194908
-66.21671257170783
25.413208211267587
38.70767162114569
-16.475956601654616
61.46072280097575
176.39839453899822
-135.90937458141025
32.93214029345799
87.87176388451599
103.53651700735327
79.58199096998169
122.64300264476697
111.85519468128041
94.16804677938671
91.26535175410845
-31.82693796400718
103.82921615253872
96.6743567592589
32.09619912015978
44.51891699309908
-48.409258603800026
66.74719177936339
65.77892649395835
110.41288231941348
195.94998054998337
-89.6642131485687
-760.4914257584833
14.705053436770868
19.68516193114512
-10.718313276588542
-314.416398713681
-16.756787067385957
12.037315151497268
47.17124822197129
16.484096122008335
199.0727628499676
102.20253940895645
9.707503987293624
117.1691124111884
111.49806542598708
-180.097617135546
-83.14327849291976
193.01696214705998
8.512051196817538
64.19861098603678
29.48050198755368
-85.64184362119158
47.63828322310428
-352.17022972131963
23.38886298011018
28.9103848077296
-19.35614935775311
-113.25808936192061
157.78512902695002
55.9745260989561
55.905398813732724
22.424935444918404
26.26319719801865
41.92667902933128
14.297927269797789
146.65728427315207
-111.69200294212715
26.690259827357497
11.800285843214569
-131.72658223653934
8.258362875549622
-61.02071712790712
89.88964419201673
5.599403226382838
7.028030903206906
198.64949599975535
22.62143580098231
37.965343590835005
-128.21096468154155
76.43650839711768
21.46190661099144
-42.59076269026363
-211.53467016488867
59.66564786697967
-104.38542402993107
107.81187755725148
-49.3755115232284
-131.22620820317115
40.003861650302525
-22.686617251229563
19.166166502791338
28.354826653684484
-70.41601595965844
71.53499489179627
5.048706963643141
85.94092317418563
64.60243714370736
155.9401796252548
45.82491711880266
-136.35156677589976
-54.2622186862327
43.371327537170146
4.292670678109289
-99.5723027570948
12.67545753381819
-73.71757818396327
5.740773825143812
97.47068630200772
-3.119884774314869
141.65100294988224
15.915095341250527
-38.222011230043336
129.1865038302417
36.115566896912654
137.74628593412262
-72.32847241741229
48.4509316738232
48.01838711503291
-16.131637364532686
8.662800094436957
-72.23621769578654
-2.3318492155040076
25.944842732814053
-8.470360145573522
6.4853238339619566
62.3409597472105
-116.90227416028029
45.172587736775085
103.44452513844863
-75.85203425134985
160.094979546923
110.56118841151545
46.466515314837665
-238.99152583576233
-197.487683706418
136.47839011438282
56.47790728522159
42.26182846003621
110.53301089383831
-17.716995054677895
158.70241834647823
69.69734488115046
-82.7820723320092
11.576142952694681
14.965476063704472
69.1321459250845
27.19473643298261
131.17140949997815
1594.8346283469464
112.06809625633696
175.6966347789421
51.27183533282141
12.21360402561595
23.40132191795982
63.78554338126378
42.60720143726135
155.54422286615454
75.5081649628255
36.84139748023108
-112.43289101809887
70.91934987536938
38.35735235015886
-6.891228608529488
-6.48776578643583
148.21850678007468
12.702007129478911
93.12540932422053
30.731490050074626
-2.6563150237054027
1.0824256027278296
-243.98188459409448
38.99413836565562
84.27310308133792
-78.82517834775444
58.93586183546563
-43.71816788433898
-4.569048000949806
-191.5602463947116
54.06944241292888
31.432870917149284
-107.90804414198374
34.34299063286301
3.542516455673649
-13.194564120068662
51.29129920395462
244.61658509241124
128.49781206164198
44.943469819650815
69.12207463581996
3.2655572891511646
37.28833656087524
119.92595856039088
127.7441329287874
147.7538486206231
110.80612051252365
108.4122480006622
167.4470049580641
19.46840138560833
78.0672948185852
4.591157222288625
76.1862442032425
209.0889644412523
64.89810663723202
19.500986460040167
23.95325943072021
160.2233306123287
109.83917896331081
-1.2272010769127881
64.15848174723487
-38.569812721476936
49.49535485750812
57.95037802671351
2.1161897797065308
112.42592812388739
15.72142816044131
160.12643321123323
21.504505713567596
38.54478313105648
-135.68548541358314
-103.83787728126754
-153.51382952015956
78.77494709183793
-16.445775288200707
94.08613473484911
18.778840824292175
75.78610523205225
98.18632792482049
20.385615521320023
122.5809818424841
16.756467004429542
-17.6373809524398
47.38386253862107
-24.879334644506798
92.18502329970033
-18.567243092385638
55.60269060634821
-47.25994347158442
29.411085741001077
53.0110757655855
107.89310992124706
11.263023466258318
159.74495977458582
47.44431362095838
-40.20603439572278
83.45670047375302
32.53024788683524
16.99575756104514
165.70671388067603
34.24166873337708
21.137879622284572
-61.19260322464743
77.36172580110377
21.91884121349949
0.7650969234831988
21.84881584159947
-205.80094704199473
124.59159161090838
-39.189651697117185
138.3063461114184
54.6553357144183
-9.648203498312853
-71.73592476826525
-25.269567796756746
-10.965528146604623
-0.42318009901703135
69.42592156813225
145.85273234058513
-169.21274409415946
142.96045719136237
79.60820959893499
-49.639053861927096
45.468880958887524
119.37692978824862
16.421817783922474
-3.2058243203720505
78.8096198355197
83.40487417948918
-519.7610150597075
13.906214107999109
-12.831203321832163
37.31718291035928
-185.5693038070067
76.36497113443124
139.14010115455267
-44.92775228350638
44.495535096241596
105.97740995740548
38.367820433975496
34.03971854141767
68.46136791723791
66.74581847451145
80.17200123597331
121.99984645931272
-136.2674794047407
20.574432273761218
-156.16680242367784
141.24241635073304
57.19757947127982
-134.45952533572472
64.77647795988196
138.04705695691337
16.242364437373908
2.9909602425477715
-18.085172274605156
20.31951967483883
-16.841490560490683
129.00233751517385
55.51168910293403
107.9453117956873
21.225864649743052
85.5322213457406
-26.41780691636103
143.26141908680984
77.52973359025123
-99.76156586438265
-3.484359037804552
125.34558312617537
118.57713469828832
17.942215886580314
9.962019296336843
64.96644810338785
25.057231775274886
7.161369344386685
68.44604845766844
50.86826530901793
30.840896593546425
96.46207354033709
-246.46617451304974
177.71290712176187
12.6014958461069
114.7986070305783
193.01221569026643
39.38849700142537
11.231840651699407
31.732887794934083
108.27689077950708
105.69075216819823
182.29520242932858
-38.711189611545706
-18.52423068236213
24.002035754923764
16.08909259901318
23.63139137340704
189.02999297711222
10.194370065422984
84.54237389526634
-42.92874133474288
-149.44938610396866
61.16287716660645
-42.6888633814711
100.09393147157971
97.47768195988965
37.23667949894201
71.95416107907431
-264.77441707462367
31.374008090765578
56.20231066832457
190.1143584382853
126.04835231644483
-48.468573430569904
57.97590090580445
46.663153213964705
-119.40511491497637
8.376306898751182
221.03375164669342
191.72845546233702
-13.427981072823245
30.24183746138485
-21.63083698896691
11.92542192682013
-78.75446577358161
31.474647960375478
116.53612706031572
21.227822725995342
-61.60775624189489
49.38145348682844
63.13926828590144
74.79307233558825
-70.1284567593666
-11.80413194817208
29.15047384446939
50.033897889443786
-219.08157735651275
49.80517925855507
10.330751167370634
9.74933787771458
-1.7601540869045493
-30.164573935268663
37.510788369797325
-57.259818732578424
5.44449625844008
53.824021930096706
90.01960174997299
14.048026112919628
83.91183720037066
-79.9057159255135
45.961820913219924
123.30691060402842
-32.75809733309019
68.84529592740137
22.41161350015159
1.8894727928095725
-8.47732056939645
-254.95071063293926
133.93767778934398
50.09251941283884
-167.90502695294117
52.761074501768235
62.351762281815354
80.03633931892614
35.54452593017004
40.177206063209496
-35.30337522584212
69.88233518209256
110.32519520399956
11.37930738187606
67.0109630798142
134.04963923686228
-162.97753548059427
-123.99374515456657
41.415084504074684
-20.15916344796267
-90.47994999658886
126.49403649676287
40.48860911658721
61.825063562931064
65.12776884858077
-65.39965393506282
40.35283444062452
55.39421366482611
13.482168502292165
31.031567968752825
-29.844784191551753
26.161507739658873
28.835074440626588
7.652204745641143
-29.11552318772283
63.47811799271719
-118.24136838430286
89.68156157054182
-14.628051459596008
-31.520834269412525
95.90859793312711
54.90379938468765
-13.057821105706353
123.00681553715185
71.2010385525636
28.621609298292697
21.81297258715901
140.00517429797446
20.266937449643848
10.554096146685424
28.590725919725628
-220.63313188919165
59.40836715186924
74.20245548890057
68.62164814676052
102.57845918991188
27.228455991803912
94.63754775754887
129.84339750793993
30.204806606908846
115.116682392386
-119.37069630029055
0.36576440830713963
-232.55829275077758
17.888537852020356
93.75272511374169
46.91032713578201
-38.79140294616627
25.703852609538036
3.5195360263367905
-171.09330547579066
-108.59766878590472
8.268219917556369
70.77375273553912
-338.7250912469217
19.78402905919656
111.45143085417294
30.565121158698208
156.55406900951448
-44.074602891477625
119.75739212494545
-18.2458552160206
22.106124274509057
-20.744951941180986
55.54356399721513
114.43913040659174
13.96491682869538
74.18931452703612
-281.6173953353491
91.74983106636091
32.809794945259455
48.73383483518508
213.10669953646993
10.19111069101817
52.52233690177263
42.538924070138364
68.9352317306948
62.36209252647495
-59.85000465718531
266.6699978171746
-7.520806446952065
97.39573201566304
67.36120726648869
-28.211814657796822
-13.023522503184958
-104.64715033528915
0.919338738393435
55.34034924082961
-201.26600438568676
166.18501812991167
19.808878925593522
-18.795216766709473
5.152202661613956
49.91168634159942
-98.61809990217671
-3.6870060344378857
149.62697713809348
67.94623004504206
37.846502931490804
112.16858263105496
121.80240447367169
65.90927642056363
172.21257522970654
34.93228891271019
-77.93996112938976
12.809438534326688
48.582676731445005
37.58788542365306
16.208001028529907
-264.0554535801266
45.642139528389606
-108.38052382353999
116.4013547589916
-16.446155983159414
84.82378722422436
177.82377386692497
43.153855832003416
44.848780637918935
23.212763906264627
-128.00331627191008
50.63725488770888
21.75933413985988
130.68397441773868
51.76926849835854
-60.14723201056131
161.86441744295917
10.757613040335643
112.84509961128697
22.364078441463526
92.34283776409876
33.26604154380604
199.1187476953014
41.22048538275021
89.59526024740626
17.892575030821718
56.40896828251425
17.595147275037363
-251.1897543170353
-75.53625267069356
13.24486333561285
118.04569154665751
-64.85264098088419
-8.400975192620047
68.32158532611066
58.139522206388484
73.63922420557299
173.68600334628172
15.25042830041778
-30.108634217393103
-3.6383618811219094
140.72505760390322
89.79255381703564
70.0511545311285
5.562985948021775
109.57437050015596
-57.00299267377601
44.6704930201395
57.3417391178497
20.677318737688974
-68.55089931765633
127.87224475311905
-51.193215656161556
75.59548918342625
41.89572399932713
92.19851420217447
121.0810712687562
3.6202732431556797
-601.8417232671211
-1.5629588911405077
27.901367870021545
170.99674569258423
-871.3793719103132
17.074205493977843
-22.800220100933668
60.18763920526317
132.2525026778726
11.30671462421742
203.24995691553022
12.824474993953437
51.5988998894817
-2.265529415378106
39.79436040926517
-68.2966308148034
-173.02088984446027
-39.27723476465735
-25.71599779376184
104.8460177464948
8.813599732354861
149.4655955871258
-27.55123480956354
-132.86374175272113
66.53777598144825
33.52926790308766
92.45577577717677
113.41345422669247
-509.3078397412514
-40.412395776728204
-17.578540848944158
-226.20288286977757
44.87960561318778
58.738616322226555
46.43677887359313
47.82761444010219
-48.14458810919541
96.07211843354548
117.89793287472367
-8.53847230955435
125.7550011879739
25.777590905634497
-47.318862102962775
-67.52974810121542
49.72977426954938
-143.96050305121753
-329.04615351925077
20.755259358282274
54.44118009177737
15.141687463565546
19.727796187744843
23.523330864957536
66.99964366878999
86.54624441383658
25.00459716278705
155.83487125038323
-543.7644255229798
31.1947551807013
167.8480464360482
70.02924034288935
-261.7138765425507
-6.695842886636001
101.58096434424715
59.78737502404235
7.983677841771878
27.486335833561952
-550.2803708102683
-0.866630434469847
12.723877625695344
24.312198691286085
17.874437019252547
116.60703913093312
77.27313792947427
-18.201568955267106
53.91868824382513
-20.22629935081879
45.30725551997631
95.94995582254205
-120.9018116075381
19.103574080267368
41.43392295392882
37.022716326855175
42.3946841508953
25.85767479447554
99.33228041263874
-52.87700481790807
105.57421959242367
-29.069780071675165
22.68784420413545
61.37774399281352
3.6841372457432295
21.89665587613615
-23.514719563073868
72.26885337628016
56.11943084832501
1.7608781718636237
-116.71931327104903
-40.10007503564355
42.47196968119934
29.215942516723572
-36.647419301826744
-112.77329497001938
22.052003096779572
-15.319749494185317
76.85346319472006
-21.670113512023665
-108.85007581802711
55.42709110050828
53.12973772336471
73.79121484626467
-49.18266703310299
23.298299743473716
33.5294540585911
116.64208314626148
18.9114945009362
-63.873805824484826
62.94414094267813
-11.988046642743301
6.999614011059463
124.55152488720069
-19.46019159310572
26.710069913890678
175.08921818556928
27.969102272885657
-7.372868631353413
27.634670734287013
31.449557250724865
-106.83999752178806
-291.3948909127389
-39.62664283716276
97.19547010917441
21.627801339625876
16.87365263162852
-26.482211270829424
72.68942707631805
5.05298194720217
-272.67971287442197
35.17470856324235
67.17147005617022
5.529072403964861
-2.4489335861525774
170.75611531378172
99.31032778754059
-125.7551402410918
220.455037493492
54.46040804051849
-11.182074981623373
40.957259432283166
121.75609209380514
-9.428126148120507
73.98967038908253
-36.54779886656581
-35.81654297665409
-93.57393775700211
81.70588542211453
41.566174563231016
-95.50342834185858
78.99409231294158
147.76060166207822
46.86537427677767
-73.7064839058853
-80.18497809430073
18.177930119381244
-51.571964952502185
31.208272114291116
67.70545083495534
23.76084846797599
10.533128935852238
-18.703109014324582
7.982247122872879
40.12223139647949
36.50706928779937
122.00554244010482
71.41094090048136
-78.89431376793482
54.4421904203607
58.40262038178071
-13.983597808214492
45.664927183954205
12.736299364945548
-104.95548004321427
16.445348950563584
64.81045810378691
31.2852354359078
-8.34388240817384
-218.51336391775567
67.00993281458432
138.82861102266475
70.32051175838842
-12.667818579822551
-31.428425104112193
29.63344916984488
-4.428853274100061
-53.856033072491826
20.446596169265703
40.77581614187878
-60.17291081453459
31.882304620841296
-150.92064529483946
-351.56628601330794
101.96353610241704
166.12420017505997
84.41637544110176
16.409120181293275
170.76107341933061
-29.38100056010297
77.09551726413656
19.187067210196613
-153.4294316777686
64.75413118198708
10.417503590048
-23.00793479496724
32.985100205410646
54.994218432034195
1.5794688616642816
-234.32679666686727
71.74109835362106
-23.76853144229249
-31.24199476263948
68.44467526523204
77.72942194503338
-62.66302340463335
35.871169917496445
-25.3346095656766
91.90057564766084
16.514154014983397
17.127780138589717
22.109106748542494
164.6072963864067
107.75570845511379
20.10869965990467
-404.2672165690137
17.1892723130818
-50.95680948781137
29.217480675873794
-3.6466595163463458
160.66838905116674
23.875010703521184
22.81482147336783
114.50447369255858
37.3799252589688
76.86442111478044
3.158041309199689
0.6805819484269477
2.3330007986838086
-142.04467247851517
128.10955993365678
21.77055412377103
43.73744577896814
118.32953713770416
30.8164221907532
68.98066206298185
3.8752998314479967
-126.24770378545873
19.992162957015026
56.763327531366485
71.47253064089318
134.55287244330998
-13.354280413241382
-35.90386565709997
180.28836404516687
-76.02612445823343
73.4187234804311
-253.1681953018924
-20.706818581525113
15.726256514427405
136.05433273745075
34.86081368396992
89.57659434779589
69.40698515091617
84.40872441663532
-6.171016435657215
-175.44903042096348
-14.255627092094073
-85.74256784386671
41.147215861069185
191.5506943930477
-265.2352177917128
-100.39877128804983
33.97510723627329
64.73305560020253
-23.13271014278542
70.81869313601419
-102.84136428240618
105.705839410105
84.77198626776544
-26.686179089201232
-9.849088244246573
78.41758349106499
-56.982216125112245
3.6751018694994855
-157.77958429347973
50.49170976937714
-97.03372474120533
119.53550825807042
105.8045559713396
19.747594776227672
-293.6697291757373
-21.323612536173727
120.63453033256019
-2.9831714645679313
29.417624179995528
93.17279501778864
55.69988690603901
-97.56514902057552
8.106022684469151
-440.9161848740304
-86.90315851468768
11.824784106856207
49.37421439989566
61.92105140705793
-110.88631565385276
123.17933452894613
-66.29793469249853
27.036679081783507
40.27563747665499
33.3991064071813
4.7080206256761725
-189.82891906420355
59.9910241515654
17.65414052280196
100.70703754803799
40.4542711866888
30.379497355007775
137.47659933242812
-110.92632383601472
51.76374725625641
27.398021886665106
-35.871262382483934
57.61711661207846
57.89343839067942
27.999105637972907
-53.115056946459845
2.321032765163469
49.10958138874325
19.22701333970963
4.403917775937856
118.75290684146239
28.156211161121846
54.22446247690232
-55.597866483883536
122.81310496236802
141.16305317539673
28.71587986222274
43.46084053980537
188.31842471932123
30.15503216280186
88.47266569107364
27.152931911761037
4.608896883930092
-55.815296404832225
69.10233337966957
62.093638117924
-44.00637811059937
-4.011785639085701
6.243463656025867
16.38476580188053
75.41812354172089
60.01784825802574
111.35175322332725
16.697529278627723
-5.010203411815317
-0.5211634378911326
-176.8683680034119
70.50395027158083
-4.635794259339193
0.267088842926301
171.42976608491745
-124.2939432183166
53.11125938915447
2.5235935142918606
6.310108798104293
63.82979846237734
-190.80462565394646
101.92671663342207
45.701386384569105
-314.2570528699107
19.223800869678403
22.55741630073544
178.81160694278924
3.532638699929066
79.70969471530907
70.37424753658298
28.60892768400754
-55.61435593703618
63.14840773271234
22.061392420994384
133.36346772842137
-87.13104424501716
-36.24079066481821
78.83244625023605
68.754946956185
11.311848849103171
99.21306578536974
5.689969632753673
104.62720086967147
37.20549860162737
37.097869611279286
61.87461720952686
12.986953729463494
46.79676340625056
55.78065837662052
6.571324483367709
72.95197459136119
96.99777142315997
50.22247718364384
141.25132190392742
-27.223673479637746
-0.1750629093218039
-73.6459648696673
16.048501499872287
61.6901865054262
61.540622747071666
-152.9275524806012
20.145498033984722
44.8834909813101
57.41328958103893
8.668209277792545
-93.73107049159671
175.50173359894325
9.041876442920426
-25.685658625275863
-231.3097133762285
18.80710045702672
-71.37387067319014
11.928046165968697
-173.23886022786792
-38.89354636994494
75.4549016243418
60.82301079324304
29.953457358582945
96.89957822332241
7.565075561957698
28.00343240352393
1.4086780255028546
43.41549550931518
61.30166867732066
38.726283306317285
10.857103194462779
74.45525154155303
23.9489039588899
96.41537148048701
32.683067287251546
-3.246865641262957
36.62891405393884
14.71405687779764
-82.06337255136032
51.6906600885203
46.850209521970044
44.88359574240758
109.89875660704661
47.46441985957492
104.42856386312155
155.60612586280604
52.891153994667725
124.9802579715656
7.0659670682431965
-2.596203317628963
21.04771319532895
73.92498819257378
-67.64685461876206
63.13360785316536
146.17151236638801
42.48663233852858
38.715250695904615
58.10575308097597
23.649276071951633
75.36315111290958
-158.8379640504022
10.511587061608116
-150.65655847158814
-118.08656370611061
-5.975291665221448
62.811310688915
20.247986711409517
83.51287901061505
19.80855295039008
134.46784832634148
48.381899008127675
336.7380695379443
38.771845047269494
27.80521862337812
68.17572819968495
-256.0356216437294
109.97135591044241
139.28092018480447
72.39086866901371
37.028933351682554
-30.573150254744462
-19.035846873133043
49.52529064252167
-323.37310039140357
133.59427414867696
81.1313912262375
71.62741364079466
-101.73248530681576
24.747827642840548
136.7711571352911
-36.399751095375905
-155.07790470635473
-1.4494167100095596
47.54421100814761
114.31260049414914
80.02139960474966
83.43735579812403
6.551126818951222
9.475719556843615
30.052882727399528
10.3829870109647
8.941760401681258
53.49380397308005
-27.554192446812593
41.2348602501969
80.9705250437678
112.77934685192349
52.868913626729864
37.15609371535429
6.761157291410882
-0.3983444276418595
34.73795438455122
137.94976246902024
174.08025013763654
29.562490228154815
-52.3903340376055
-37.430571810658876
99.86538827997731
-29.98969222400728
138.6180296485045
-270.41504393592913
9.700132691894602
-11.388808833451549
145.5352969579062
-46.30840288767649
-39.48831542534754
7.202084549946435
66.0547904317475
125.70268775400154
61.242504793124226
29.451801971419513
30.077872294340935
-22.31289876009729
61.90528288572068
82.16934097206388
71.29094516154805
0.3911607773793049
-192.4881881279971
8.141676453636617
50.46566909744324
17.24618141619119
-1.2783939786373748
51.39744338736955
35.737299378871285
51.14866429460517
35.02319982537488
118.81045368603645
85.07326572219245
-7.462812776323505
103.52822251167845
-573.1766563719502
8.227424109393336
-34.796018583799196
-17.182460336286567
80.96519358479884
61.49711213903123
133.75633933823792
-104.23818113408248
154.79623455025785
18.211194758959177
4.556307561906001
-14.038575468257477
121.71464765448104
75.12551504857856
89.70116126610782
119.30849630536409
-10.808881911072604
56.57590236224064
143.06164463329605
34.94368488077646
77.40627876237045
-7.64509581289727
-21.95974719096739
56.075718737699844
22.826023589223073
-55.499320384311886
116.64202988238094
28.77053059814824
16.263355829566493
-165.05596939058069
73.49348848173236
-128.76931882952704
87.93373357243718
201.2360758695272
-90.20400138963623
86.01569124472144
38.134607758017665
-137.0659273260053
59.29045063837924
-72.03166676199686
202.29995949267368
209.81551662667562
24.04416159651646
8.90972840513632
105.90704135184387
-781.1773102199475
-15.071079587014797
88.06258217108734
-120.10367651556317
-5.283640422681856
53.98693701929915
-36.1096031788112
27.563412829919983
-152.32553200913935
6.709639408979456
145.60820728999215
-150.56631825419663
159.24289352975165
17.143750477619164
-18.696706679043928
-179.77660702078992
99.20627852012058
3.1759811425138444
142.70429459581464
46.81583520359254
-50.602409341751354
-147.51183203905885
19.857567471037335
26.053027936657525
112.40162665523758
17.06781686482765
-68.85197551682177
44.05321442227631
16.464850026621434
9.107016734290408
-25.122519810472713
-39.05230810388529
-7.7699533143340345
-16.315299534234782
72.10585352318412
-22.51284904481589
149.04283886034796
95.14706387360275
-78.71990731392543
21.527600276312114
13.64777808414334
118.30872185894782
-14.095750127109719
122.87841979254654
76.48264530535812
-113.91757999507627
73.01147093934605
21.86262346919284
-103.71397041283672
61.57667902133754
89.73474519293688
13.495101035183211
-17.677430388879657
11.335529531867936
60.937365498611655
119.44246346943373
7.636568059725505
101.04870135267072
29.986262922090795
84.76411583611366
15.577428772238363
137.0504171612256
134.86884437811432
140.71269254066783
89.3637343591862
0.044528299553354314
31.930657177998
57.30213143459423
61.792731874318065
-81.43271560298085
56.342647456313955
107.71577794600898
-100.60069701375869
16.85652472262973
121.94446628185642
5.979471048291091
50.79227933404218
69.07074670712018
82.42521838465595
16.113984885084392
64.5267770557607
15.046567696954087
-133.5973350272384
8.197206585939966
55.94921035230254
81.11495129638934
135.46113762633013
39.35365159416912
13.296539897205708
143.64900036177914
12.110712348130619
51.46857917291845
77.09777937943664
-68.32994432650071
-171.26179630800289
16.206492326450284
141.40886630972682
29.35057437929175
88.27633069017838
78.97194009611121
-10.119006544788789
161.38735777432976
137.72304641159917
74.27802143165263
23.476883608482147
4.547324680417205
67.42760194051783
166.76612049481946
170.47267139382984
13.774057750506472
35.57174848437808
-600.361395805303
80.61246557554523
7.58119487062073
-11.090343237714274
17.444579962824108
-146.10914513538955
-90.11227790621706
-23.3526888392429
222.86076963706773
4.984082318330025
89.06492386182163
-37.53949794088643
47.526285803289724
23.33533273392868
64.08732786551082
18.571950367125343
-36.11218215473825
122.83262647030563
-37.930890020816605
151.673779304278
27.265979034684733
50.63169386122766
-1.4555150669032404
-101.4249049408354
80.95620218619615
155.0419803099917
-55.32210418324394
19.829228302673734
101.07417133117588
47.10045195643513
32.80834124414105
50.67780607832279
-93.88834208676508
34.760555150262775
12.536917391808402
-54.8805970493776
-17.216827808472907
-105.2509489166705
84.09796371304492
23.916370708525573
50.91795495273911
50.04992278414696
26.238910972188982
56.99986149477863
40.154933836060906
-6.697089191484375
69.30679834202493
91.53622621280488
8.944283268969684
-208.56156998057668
44.08099713396996
-39.48294980844457
-27.79838164179364
79.80741258297883
97.57620973030532
-12.538168928545877
71.35055516981629
85.69453234272714
33.0898725656607
29.239917994372775
13.5946840656311
65.76892858425367
-67.65922437105382
158.05190841921558
83.5192745983677
113.32515505108267
118.18828714115648
66.24773718849156
37.507306863438686
99.034231964838
39.99452505770573
147.84185550394227
107.60115854585183
11.729500934100539
84.65613163184383
56.69593084922326
-55.543751877050454
6.045078910620137
48.423952117361864
90.78186387340702
103.16561355663504
43.67303339707553
68.48366766673035
-95.91053631509875
36.97338429291006
-12.148774241903277
23.443540228997676
-94.52408335261225
54.4073302607585
31.272324895878683
115.50578039305788
164.98448867936895
47.476303074758434
114.6185560813401
170.09705554870038
107.76895786657724
66.372617058949
-209.98218982792483
134.008647144728
46.41999304687124
80.71794918312162
124.92375467935301
17.645362404203077
81.61480121155182
35.59243870221144
70.5899523193105
12.916894664772306
50.262085678102835
95.33572143528892
64.63008015752985
-41.14089530782991
-24.629037612587695
28.770006409416297
89.25855485228885
88.9064166386375
50.2292276466178
171.0432586904658
119.00112882027906
64.2599037443274
-21.688731236623426
-108.26735105088665
-332.530246958238
196.4140538301035
56.348206618027916
76.75784216745437
4.679459479802786
12.828517521912545
25.584892820013273
69.80273031122624
73.79261240988677
122.42686839166117
19.98395925616737
14.80301512693833
21.42964372893263
68.96114250515365
65.46529071050347
-26.707510426816953
-13.250404533554233
-0.48470174280347045
44.411320429892875
105.99619438032914
32.301048691543464
56.7771012222646
36.017280046584595
51.53529190160309
-10.530976570135408
70.8246434491507
-119.278608024998
42.6403980391504
23.239329233657344
-16.617886034610265
178.58970903721774
-89.34670541198365
103.36629394746797
73.5809508480227
39.89377222550411
59.29984752209404
-203.47282723756962
-37.91007492402923
90.9032087770139
67.43839088930662
11.221955975161872
112.54235007187685
-92.89872952942096
-159.1265879663074
2.950916999792335
-6.832644899112028
55.39468471138194
167.75876138175363
-171.67906560164516
-29.8694119313368
19.78224373177534
81.93930405942373
-32.782148136876486
79.26573038278912
-55.657452644604746
19.713776046730306
1.0392674215797884
68.38441965909243
39.585907526982545
-462.96173971327056
-79.43051831341154
-14.681229946411804
10.222924781893035
28.10518223658073
55.319008219709985
15.135681610407119
-9.114844546245187
-51.9377495104855
66.92001747970858
55.55705010649211
119.68560800898149
16.266470525168845
-88.01930342331752
107.8627440665864
12.233812245923104
9.859751791704745
96.55610761167009
-3.7612733245658583
174.1981375425753
94.7163085516247
139.60656741052753
24.39075507099826
29.905372982490128
83.68669371577175
-10.170462564426089
16.44128245196407
34.93691008771248
-125.1242706272742
-116.60758925529444
35.81319190741577
26.415627932629835
16.76067004359708
-26.102621082963424
30.683215252107175
34.757824695138446
175.20114151748112
99.22482920028665
28.55855182724526
78.06344259104662
53.429098404039905
115.67135076166733
-1.1113851375788795
74.19552036019222
-19.373768636204204
76.55849158085744
16.47526630741359
108.47704996627272
82.38003169458216
97.97076270640036
-87.81193148038847
-417.39905101653125
145.55942677119538
149.30604527462128
29.73869706113489
45.03068461756948
148.17155274424476
-71.69643622643116
28.577514481648485
-3.460654686793191
-99.11074338722028
103.14413259501225
-27.55277934425557
15.748536709642
113.26510396813114
7.73826615973644
-43.32419489292852
-0.7256797256231948
-114.47257751104371
3.8688242945444165
4.372704916652253
7.318207209651164
107.27487414205143
85.38575013587035
97.50479581326863
90.78600704003702
108.70459691370115
7.150704100908172
77.63880203907593
107.58529218122658
16.404553175619228
103.63017553570307
-49.29025384666056
64.18945826028272
107.62951447606065
-42.12075791834144
16.329734536308496
154.85286471987047
-21.89284580108142
101.46279750144868
-13.349179870326225
5.637590648536502
29.001775051266407
53.79550202254401
215.10535814692412
-98.50622612964798
48.363781199364894
117.06836600997195
50.08784620515303
4.36108165113415
134.78607077439074
96.88394973792265
-32.3778436929419
191.01517178680933
154.6915672175994
47.32051986839042
116.2397256630984
63.93632648032553
-89.88884131512532
185.48682655136417
91.0313810601042
101.2278237554674
94.69582752767758
-34.10560028787677
47.222513197145375
171.63417773602396
22.147493757222566
141.23217793646882
81.71264015089561
152.43851037312152
23.88677302025377
-13.113986253959894
-18.490570616025472
-34.38981709556174
53.92942149321607
-107.39657392095887
-18.38602235550046
113.95960928856698
96.55359436403569
71.68563707612361
-38.877019337947296
58.06010193620432
52.051093547623225
14.743376848755872
88.40867683711372
72.8553845668414
311.84361582143447
31.2902018872186
80.60803810758156
131.40364245302453
177.11642352783701
77.80765365368597
43.36612528716624
66.33581891483448
20.54890398160967
65.79630260181875
157.43368146675084
105.1298122034409
9.117888973716447
32.7016863040298
77.23297418438582
55.35286626863473
-246.11923708552334
39.81189361309316
-221.61421513825917
116.18637984831685
85.34517307121973
55.67138634031147
7.275046175593861
74.43766204705452
-7.754000991076282
-11.138570855926105
-38.91875971370882
-125.86997380791036
15.6907589569526
107.21159863483444
-16.83740471867941
32.05631220979359
39.046092034262074
60.09726618349143
-10.285087194634457
0.9820566524576861
75.91479960048196
36.52187283895725
73.83228498538257
-33.62901929396813
14.131552470340011
13.216893682118524
147.00618743968562
-44.353011162237635
145.58749153828558
11.260205929429876
-109.72802465823634
-107.24610951103296
-41.36667286544969
-48.68536331050073
38.296380535062546
97.20009502458697
-65.11800620019767
58.65114752951649
40.75468142229188
50.85996902938723
34.36829265736589
51.22390560981967
1.7179276723368275
-50.00910326258649
-3.7831465365461328
13.346528552924136
116.74094025383692
1.7191927632645911
49.74962212823357
60.816467244608646
-30.833492992779657
55.15917630046194
18.48981528496576
176.4126182685725
-28.141246959545658
42.782189437920806
-368.6765998592582
73.41786218804091
-6.330823435131606
-3.6958389600627015
160.97609943376938
58.8967709059958
85.215385074896
26.193330416999288
36.29438701725597
-166.9466321866944
-11.95541499814226
-27.57089543701474
31.941252816405836
-6.557505859173615
154.0846653814183
28.685081571552928
38.7468962010457
-136.35888746033152
-92.90182925748968
-203.8731453163291
128.09334964070467
-60.277484518722304
133.4010372481198
134.55985761119996
38.75997704791625
113.40077382614481
92.17930630558129
-151.82792626264109
45.55547013346518
9.983826826185467
-6.801192102608184
113.79735451868964
100.4633424874778
55.23794670668153
-533.8090203414749
88.10213728977257
75.2945707794106
235.27920694076147
-8.123461766741002
-4.009294002004689
113.25727804590178
42.311800839929106
-84.90697813150382
56.62354580807619
39.99365034810489
76.10328987517914
21.71619158315593
108.68962448789068
190.72001609926792
18.148011362997295
68.94794112732234
-60.043472174524595
51.44619756437569
76.31494434080855
14.564010681171567
48.934061805269494
-161.41593005392133
-22.20595214603145
24.780379057996925
-163.06227919089315
14.496784286270962
27.380282610720315
23.316204168106097
19.416197807021717
167.7295480080702
185.37326320054808
-22.017194469275584
-148.51604376693012
58.67309241364575
-16.131451440250185
145.23467723496492
108.51781205249245
-52.387022098832084
107.57664074591719
39.1580058509404
155.04951117135215
166.16703020949853
9.287363441044391
51.754047648140954
45.004565674353834
105.66396631420957
-125.60566721180703
-6.060511982601648
-119.33970420125934
77.17153688877704
-38.88836447785161
101.85971524569061
34.88407263721274
-84.93629668933727
-4.096124757706974
67.92571868856521
-6.248404215726168
-76.7589431664046
-125.7980715501767
82.53809334946118
170.61426023574222
34.777052720504116
49.56919950608497
27.104057913998567
102.40273444363686
0.19606933580371333
-14.341520260481916
13.674375891884107
47.657368356288934
-5.49495892082291
-217.6418943914896
35.25670316509017
121.36520464049363
43.07013501654662
24.755308531827932
-0.7614936102854699
66.28238416719141
-16.655739666750712
104.39542161202189
172.9286104110879
-15.6458636350024
46.687647980180955
71.76843180627837
-77.8414027420913
36.91499032479635
25.676642195996674
27.78211194183166
245.88930156131346
-46.40367647603853
37.75541104194053
84.58673777757667
22.109191866510287
39.37282909794749
75.4813550880855
137.4811285797341
-138.20102296922533
29.47901221391521
19.5388522060275
13.297175369212084
60.657312271108225
2.2236433122675408
64.5860124241209
-17.924823795621705
105.91727626304146
128.4196193399148
-38.500610731930465
77.76239622594119
52.10384493175894
157.8114234840507
126.63856455064615
-56.32507861897648
3.011911195363352
62.21516888650099
-17.117269680967638
7.311192580955591
22.791689751671417
-4.702263192485954
-26.078156271581065
-53.20346858666454
184.84777796286198
19.302072521344247
-1.709331946462262
40.70570506903381
61.58105498952336
4.4287520885373475
80.72301753525971
83.07277795892196
1.1952560117638313
54.815276223809974
-27.57129822345678
-86.65820707894727
48.07630504221697
129.25780375483237
28.546488770211013
-23.08363872056907
53.22785822538202
149.36773600139895
78.81656612632992
-4.509525710750495
6.091963515891647
61.36799343979533
8.716591301217022
112.10410069741874
-17.86003404535887
154.2334762966525
31.9177255551998
-43.629255404457126
166.54195304270434
91.19212353956772
128.26303169921493
-28.05200973953515
37.68776213305793
7.076962416262276
2.182221360485876
74.82759308506093
-46.47412244251565
-18.33589319794828
54.78479589492008
106.2314805471915
-2.7273364999045384
-113.82788421800251
41.67065776309494
157.13102728529066
44.921893818337466
39.2006727392959
89.7000188969285
-10.249572322542384
76.92138296832513
73.82566552810889
30.818651182388077
44.53519487498363
-89.33187790825787
88.79697303876367
-12.651170712850217
-74.69249495326494
7.872012573991846
-99.77093843662487
87.95299776341426
-85.61106573281359
-192.71223204709077
130.13098486753688
-14.0194683480413
-369.67794226741626
-1.5388885684774138
31.347898596641794
55.82128445321749
27.022596336694733
8.63933846948271
139.6037717075992
-121.43146060759318
-6.293057761253607
65.35487531299312
53.8699554843991
201.2407622600722
96.18521990244835
123.07721025702494
-32.121176803852904
33.61807458140029
160.5192968544793
126.32836708064463
18.714256964133995
77.1806288957664
5.068801057946814
47.92875165109717
84.37343191285368
51.224076018031354
71.32377193145248
54.457054872549634
-261.1205623439482
27.21697157067295
131.48102467507124
-1.534645767087329
17.066781982740974
51.23393461224862
37.39487504101271
67.20287937903385
6.384567751400223
0.6991600551918243
-182.12455383316228
-5.556199907369773
99.77861956744027
6.5683922448762715
-13.013816320295064
0.8931273253256222
33.38363804413166
136.33918354168327
50.32389010426657
44.65357449169325
47.85283870889209
112.66824814380925
36.73833115848938
64.12676862376128
250.36896271079968
88.07306999563843
-3.3786662960483227
43.724531050156244
74.63089497721103
144.1395462485143
-10.339418156844886
138.74406525000086
34.32919264392555
-155.37373744045
24.1296536129139
106.5089279896838
3.056272830589478
-20.632049958358856
-23.559379836463677
191.69087871279362
-38.13884890002147
158.50417319851294
48.96227841488712
106.5189284869316
-23.049629122902473
29.890921681794765
55.70043452316304
-52.37131405736136
73.29297090587139
109.0562024763376
31.622981491841273
21.052574646482626
104.99665224519072
57.08668368424264
81.32865686955756
-271.2881867787424
4.717229937782577
18.87617561841944
115.80645859588253
94.82177279864891
39.64858773653185
-120.96690273788363
84.27876377376708
-7.063828992974364
75.78564698623734
29.837055639155096
9.088255725594884
19.848829168592577
3.6649485935522534
93.48016544297553
98.53547695716588
16.537340886030194
6.896295796127249
53.12467694628583
-214.07335345759202
31.207507807289655
99.06342859889719
85.81622876855499
112.44499116686302
1.2010294795591108
212.47403092739523
39.60346476451423
-5.357718445338037
-134.84860395878786
-358.55922278955495
-2.8912406844210996
99.14355377664128
-34.76263638112823
68.35194672684634
41.194128564801105
99.70964835997438
269.16632871672573
-22.506420863909625
58.15390964029575
14.066352424729352
60.153695685741695
37.527024310285704
42.752155239529735
38.63942037493388
0.06832993863960013
-20.679830141268212
81.30485497058277
-33.48514698149089
100.61035673643892
23.850686617219168
72.48124051640221
-0.026665517212502418
50.59613317347847
83.25516893975441
72.9069516098682
8.252229686670091
92.14236782526223
22.814841792002706
128.81151227580403
-180.0071383196109
-51.41820004292185
-58.61128015694021
48.4233937572567
-11.383672593034301
143.66758259495737
139.27587611010358
102.36956255844598
137.15334160684324
59.70764922259423
164.74416288249495
-16.624712877641045
50.912506365670424
-67.40674737921135
46.64846229271839
37.73320506075095
0.9990445781062363
101.75307271976772
17.574398590770926
56.9663073010056
99.863424413919
15.205830919537188
125.72757252841029
-126.15419193229673
-185.32860548561757
23.966207988935366
81.89166192017478
76.82655910249537
-8.768313156796765
87.82467903973031
-73.64421855638102
12.885652566020163
150.4751583402449
50.04226917561701
27.749766024952045
50.03102786846736
40.08559654893432
32.48844114416306
-2.87944235965233
102.36209546264467
105.32678845565579
108.88778825117606
64.4761860792893
103.63182014673094
201.63660391067697
-23.71871227205702
23.46046998756569
145.94668391129971
-115.48243791577488
90.70688538864215
50.960977999833716
122.23433516143893
104.7043488774691
1.6269885515054625
134.66197567112727
93.80823389132547
132.7142541595258
60.65588957225671
68.94100212212743
-135.23777023152843
-41.134828310717694
131.48384792936213
86.90306703586378
0.3336765136243026
-46.0197840412884
-53.70799937562929
-37.07995447981375
75.26484053264107
85.28598111720612
33.93788489161204
30.247285360911974
-15.59132289883223
42.57313905362753
13.275304129290191
98.48830469628001
18.682940021598824
187.86056512432106
-12.728164738294709
12.991859592446383
26.381627160733643
-29.947900642797126
112.11409158634478
-24.480525487851025
-389.75916400183695
54.81515971444844
57.2273183854811
-22.491148638511817
52.02396713942653
2.3510182543835327
37.39155578217901
74.39208521886303
-39.284241949127136
-43.37807844156589
-0.47279964190323653
-7.488791176608331
-33.377651376564245
99.17157903253917
-63.51690951804827
-67.99694993064867
-60.447370019202936
7.246660572847304
36.46683164570905
12.931276005585914
-72.42143346564212
74.98562883614534
70.44207164198014
-21.897108361735263
43.20862389784179
1.0470124117937303
4.659832882129194
37.07100983352121
24.844629856824813
68.43786479834642
-146.09460760696373
-31.32570305681764
51.12197628878971
42.11940687451488
66.75431039618954
31.003378747750823
93.319794558191
75.8434594672284
-49.90545378282695
102.9187172889981
78.47230190730716
192.85435072313794
6.564547509811709
35.259581225597685
84.61454632718005
119.44070668273343
68.7322360979756
-27.46276798691049
59.83374889455558
9.559432074619679
44.829489467073664
17.5741997051829
84.93428595844648
31.253607001194915
4.405560188634354
40.162318759938444
103.0435823951675
29.01524985626055
134.95144011812317
-4.390343598494809
21.101156796267787
-14.374051166628963
-12.255646420155053
-46.42304729868996
51.600108467951934
0.8898106439105504
62.090769826949554
5.438761177490051
61.55488875059257
-38.93528521169529
29.639817447875924
3.066964453027937
93.42127468907256
74.97291155215282
141.26581529335226
164.0099346190991
-133.68107126687846
27.321279953604517
78.00141864813304
-102.62124366921307
170.6900758560041
-143.98597913734238
28.293764087610953
88.00111583737134
-91.84623167088694
17.232743124025138
85.88796494167298
-22.454576533782372
22.72148158997669
112.82697688590349
95.61105641558333
-6.1939464727884115
67.95353847507198
2.94581210625989
71.52845606378109
-243.39847685031782
-213.1210915031652
26.800630879634838
-122.74393523440722
39.56671457140021
-24.633243865715485
104.02374817051464
52.002620297628944
78.95953477547175
48.80532074398707
99.08543328711448
53.816990320807236
-203.8079009276844
81.84807823945675
-88.23181898726664
33.375816052580404
28.128047233556515
64.79382211249458
46.62439192645317
124.63546535250839
80.46665960977771
44.02816321849741
133.46347292751625
7.222232213382722
69.49633167434291
12.125056981735725
10.650778917113257
56.53695088614131
105.13331203804341
-32.56906319463042
121.25349229501262
-7.3937695530567
-63.05577815802735
36.82847269001838
-98.94692507187756
-27.705117152389562
-231.03152148560412
84.4425208427806
144.71539460597614
30.83217096335244
72.20453047849222
126.42577053763989
35.385149681465464
23.756586746861878
53.90341677734477
-13.41518982366415
7.413888376977411
-239.28814957573104
36.99133131258168
91.80654509468354
28.73305568943556
53.97957306287691
115.75529567386639
31.249781794567753
10.976845066305412
40.91851729069738
31.260397098174504
123.84841765578312
-34.47172692278806
21.67120446209674
61.38733512593183
23.743209814773394
19.383346894049843
45.695126695828094
18.03886070786323
128.37551371295694
136.20646424251163
93.31496921446572
-10.125220156178521
22.260599248724617
206.89580996363952
-154.73469158371063
-62.984715932162544
42.35541622613071
2.8128392689327484
-5.348698761965846
-95.95246153559583
5.286441586942857
14.51822214631126
64.96240787283935
24.94198518064968
153.28702326842722
40.06365069736444
21.29149966383204
-90.08600050374753
-144.96123022775146
-87.668856905233
39.06105074457946
-4.467689043479432
36.005875175188415
84.08411381409678
-564.995637090733
78.65382778646256
34.154403939040094
-350.36129458023424
-0.8487975973464024
38.07472172169812
45.44256499629853
-215.36149109248436
93.25110343137499
11.95237860707327
139.8624092926998
226.68163092554005
11.518239438425447
-109.2954566514818
28.39786349182505
151.24646229136488
66.80258197452724
54.420002425251596
11.413209345896133
-91.26771647608712
175.55930882401844
25.045073174347102
41.186204446877454
-50.30964894123648
-3.071426672417471
-5.468519790447323
132.59725563308666
7.509169041749597
-66.33454084704246
-15.2114704365184
-11.385835880747436
34.91667811806014
54.780035253122776
39.19029062985452
13.29381883598279
101.98433948817018
86.48618216075829
48.923876257672035
11.484871896425846
164.7707211909219
-21.963817061565805
144.54905953391108
27.674487504658828
0.6390746510075733
-206.1225085761339
23.25014072266223
0.013758994522523656
49.26355642663395
51.43169028447181
22.94898776347069
-17.328019886228503
1.8347732776619523
73.92307466543144
5.982793376990488
115.46107975675022
12.361864190116876
151.08652042101585
9.956561557988607
60.26642308651708
58.29624067146
44.94994132644865
142.48642451848627
4.406536336009983
74.67761184132223
-100.17918979292654
48.99126091990199
-160.19247277425347
15.094498523009175
-9.50175071910009
45.569295320363636
78.7018165969107
43.32840827135624
-29.61068789867477
27.35937787979827
110.80809579720017
67.33555707269261
113.98126317929791
17.44913641851367
-153.25626201322757
-0.1622011531574863
44.03136600005971
91.26821173861634
-62.311756482997225
53.61277370797143
168.2618996841884
176.781580012856
87.26267809416186
86.8765071313469
90.44789996105987
0.35326671934370396
136.47190356928513
155.43405035138562
82.7409700185467
10.430475890812408
-25.521231573618934
31.03281707353758
44.786962096031914
-132.74991107699316
54.74799377965883
74.76632588361599
26.52435368390971
99.22807832877834
-2.069588445576013
-53.52157444933482
19.486343887797858
38.513088932422306
-42.385032641546786
9.739167140384072
-22.235081684910256
-32.101228876363166
-53.56229371855261
-13.910783961458947
91.39604629474798
23.97592002174332
-86.13517793885603
56.012866182158334
13.019880419466581
19.68794878175379
66.24800329007478
121.14578067389039
-144.82762017394407
3.130816034444962
36.63452190806129
183.54461285518755
49.82601955493763
123.22189083173726
56.936359164682656
4.857715567097642
78.03928722028587
50.780138968987515
78.4778922704619
83.44951125810667
7.924138082143218
51.26808982449393
44.78465567942112
66.41311708075193
97.17888607814429
-91.64690638707089
0.6403902783224982
77.64035242905538
49.10612581170676
-71.01458756749344
30.35601230099884
-50.05091973882554
-12.055348144511967
86.27770386707397
10.781913144674036
59.65408818100235
-90.59749818663477
-41.454116214843
-1.1239011341760943
46.05865097723159
115.20221023362137
77.00456639793492
75.82861242292648
1.6094948408821974
20.384688565492525
-12.720108426690683
4.088092327757295
-4.543595131895813
56.776532502024324
-1.2200261676467523
88.68782724933624
21.940464921324907
45.85841472729647
17.20880369680326
79.2755178868133
132.476737527556
-9.54561858713866
-2.638557447583935
-70.18223602245536
47.83390362918382
215.4061938076693
43.46952707186972
70.72573347775057
10.181888505647866
-11.17300062518787
219.4308505742938
122.44806612384127
225.16081898878383
53.39118567696873
31.818057403410435
-9.788074417345282
-29.013309350483723
197.21608966999156
80.6034770020882
-57.869557405092394
67.43485520991254
119.28347518523651
101.56520548407775
258.29859234189644
40.08817402276123
31.161310646000402
1.1501640653586138
91.05603386414646
233.2483812819114
-21.647346090660903
114.9380025081532
58.46666717479701
35.45864486682657
129.6259702313389
43.63837285879117
-37.24008665003027
89.95453633340583
-3.8105826254674895
96.03790747517814
311.1127591132581
3.2299283186966647
133.01538931369168
4.061281361347383
36.038018137527615
19.406181931200877
-20.789984197943795
-81.38527809138668
9.63441214422817
97.46320201154413
-40.7103615882877
-21.54045823085833
50.94613717694022
33.699633536106894
48.003535986530764
56.9239487400186
2.0863914137930806
-70.65656850520827
64.53230328315523
16.663962511290123
108.70868082755624
-45.23593683929994
-2.524887462610309
80.94726870128807
115.72931398221976
11.365862402957797
17.61049083383106
131.87516236613646
66.94287869318623
4.417255839000063
17.088524200201377
-259.36702164752023
2.789481598449088
-2.673360324030832
230.09306493893928
-233.81421090139116
-19.79036349642456
58.670762145770595
-309.2154474446784
78.37740805839599
63.589978907243676
1.795697258472693
30.393095823593967
60.016223915316914
-87.75049643662487
-15.237717287690156
-99.60839133418523
-46.635083808843724
101.60333845669857
-125.99368608162922
9.762414168782028
17.136087228258194
-137.62643485566377
-2.9548867653984416
3.2571125784756987
148.81297153221294
99.99714957351034
83.6985787830854
80.08054942954573
62.777403368876435
126.30881801443093
18.230707162802446
50.60631987326701
134.11128764691136
37.88807966561103
4.523832098571347
38.42520738416533
-40.703995737829615
-147.3342239613189
74.04535537766492
36.98579115013693
26.237953016116307
93.59080517070242
57.59806110983391
31.33567736679037
88.93484273089962
82.95419731640732
97.42003128708711
77.41255587467458
-16.504131511691412
34.485790205343164
68.67102618226863
15.48016318252689
78.01814255739956
45.08239402899602
33.26259461904732
28.99081851403485
106.03921580887618
94.44368955076555
94.3932970901742
32.795656756393214
126.21378342037042
98.3174123424219
5.25756780658168
6.068469815773824
-37.753826944940556
-58.54510368893534
-119.98238720150766
26.6178795440601
48.567549254778896
15.673521740705379
4.947796068892941
151.46857461524405
-1.660921994124493
30.29789295182617
5.647142034538319
52.86813998705724
-443.87565086473387
94.95711918980885
-4.5077115091168425
43.03610614087984
98.11791421433918
25.418173100847792
20.95962653110783
19.08210548223817
-249.12422491941743
21.252797445259148
-146.94690326337968
54.0739903040794
28.539964685890027
73.47028952257506
-67.11090068170915
78.70090113059541
35.11667473139869
78.35513279078464
-11.630383033907037
17.508203567673807
-62.417267490593986
-10.365356055874827
31.33785993693155
20.674086827989868
27.36394209322802
19.825591420158617
52.89541385253278
44.38950370268557
103.06072853305795
77.19437843443876
17.755456330473585
142.15910782098626
-11.332495466765067
141.1197001827352
-133.7341560056684
43.537017959535206
152.10345993370356
33.707438487111055
35.55723589464819
-4.8372280045728075
35.99529711598663
51.581632540900515
-75.15618590377653
-542.7207529774205
8.507129378160274
63.464107581492954
-106.01757126955363
24.641103788435757
64.68083128229117
0.44134480307285234
15.164570631914103
3.377310506463036
-54.73939236151442
76.61204713580673
61.41270906279124
19.887904697918202
57.255285128329334
60.07742843777061
76.56377041252222
79.63211367916983
-174.0593911522201
-60.96075796961122
165.86697329043227
71.42421335168274
43.46512290336716
192.3174865288761
60.465041123238045
42.05572677496875
-43.944175446679765
-217.39554230398107
-392.35145148951966
-56.17408047709614
-57.28983371472587
8.660809594869875
-84.53372699861939
12.35223591997618
16.227297351666827
6.156416476193044
52.88347926241005
69.13532123922289
0.37197371119509626
-11.577227381047123
16.61688321428335
107.76285349766476
82.13659803098199
122.24424393809886
-27.518321379719964
47.855463611673784
58.15470839705723
90.85917453450134
70.03728331277671
120.37962557873993
13.932018506405427
69.58365110492036
29.887819241366902
-28.990721381763667
15.387966818418368
2.2427384217639066
-67.43338741448645
99.05622279194347
7.588499590996216
-838.1989858705465
68.51431747219755
151.54659954469207
-15.835651363511715
-47.72112296533689
55.95131780931706
73.97808708146326
16.055081340176912
21.370213616834008
137.6006920169948
-8.437340816645474
65.78307145966642
70.85421739485076
135.69459635627334
108.47162752577287
46.844506773534974
37.43463909200719
65.38040687063469
78.73364036084092
41.06297215187321
-77.33415444938419
25.43916545120255
56.315352385877304
-15.086878887390071
15.788212241799783
24.6649101787864
-90.06659083808199
97.9385271123183
30.73859775123242
-38.3022948526484
33.033033522269406
97.69977264347608
-1049.5609243192641
-2.537114476964234
20.611965744590435
12.554819704411159
90.10712745515957
81.77730505025067
17.02821445367715
-7.3253123684585235
131.75064727557674
35.862405510028566
37.67154248968927
10.323883332259811
51.491361085208155
83.08605728343218
-51.281530049735466
53.55323484831979
-169.41250991420657
-3.3996665626800593
-18.926303685438356
39.75594706509179
43.36079751674232
115.64726258441351
-72.7116205236025
93.74035166303747
-163.75034736736552
-6.540330652880078
-23.829749959232462
-131.10584727792957
0.7586411057363875
31.2872717241828
5.033831272518235
49.82058640073183
-79.01058340399459
-77.01756812691856
84.34303172607383
41.32521314821196
42.89289369501286
95.79521802915622
-85.2181547084311
-119.43110298226384
75.96155352651249
103.70855146408758
-32.31773923669243
39.26347512600114
-34.64701204705398
-32.73173618554529
-24.69182742084761
-25.56862667906613
39.55903700255608
-12.018705820884861
67.2936130978612
50.86171723955598
55.77454672793857
-26.598591735415397
-16.237553290121014
102.90835929889886
73.02625922456173
51.74798289338105
11.7497376432176
95.8830230438418
82.51013784558785
-1.260459190453327
-13.550820673892352
184.72369838525265
-2.6946458630836787
-162.05436718299188
-82.32833011550701
126.24821119555509
15.2801104429725
55.53191368147566
63.76425691440048
96.6819017233625
73.30058897789996
0.00036906444302076125
14.598093992646405
26.97820300468902
25.260957550059175
146.86137187105396
-70.55789190514633
-59.08643353137586
42.017033836883314
14.460295793004
-124.31351363411886
119.98944104579914
31.47544608158811
149.61357271658812
148.50221778326932
-24.13183543685871
90.49019949569583
120.14235726172296
-1.485598868528665
41.455136124705916
15.69565586252467
-7.596822440823911
-62.84466512129757
47.87945915885999
89.51501875180656
29.61254623134157
19.71781139993415
43.90542270532145
-142.51301003003937
129.92851256979816
17.868537909713297
7.105653894664949
-226.4842530833389
116.41417744631735
146.85764746827476
18.35887102367578
52.72864169196919
59.65195856752007
-125.62407207932392
9.777403189969569
-42.354527772869005
128.0341648732051
27.07864497647097
-194.39724413514796
18.794474896091316
108.12965363387775
50.777187341225954
-26.45117126802085
76.23251122496549
157.46027274749667
40.58617769179682
-114.44854979797628
171.720641531424
36.42246025811073
-240.36421729138783
21.595912364584578
-21.622878996774944
-10.288408090430048
-19.380178606032132
104.6252632419637
29.26793680337057
102.57624650182072
48.527981855718735
-33.18413633660293
0.032428360217409136
62.349985520919745
56.14931019382311
59.877293215647825
52.753445015272405
42.83719181214871
52.712858833981
216.9089379490374
124.55056678555752
57.024224689982674
158.45988529291162
7.862011700569149
-31.317496685374984
27.784117847367
19.596410902558546
52.49920588531472
130.43992045544064
-12.78017221284972
58.47568844994899
55.177839955681065
10.450800158502409
1.8168698082046149
-207.14209797596504
-3.775149102253266
-2.431658861927995
-67.02219244676508
101.33585646510801
-7.497651507871147
262.0358800211234
123.66670009935251
-3.093689392590624
-276.2104793139224
79.47803578010064
26.521703723670743
71.72194218745005
-9.023275677229321
34.12973638606417
-25.709524269817994
112.48526801148046
69.18881011125514
-137.8742603689011
-426.65808555598323
43.871932890861444
-20.310375488776625
-80.40578441081152
31.554250287567356
85.11420268398115
22.811052064584146
41.580055748429956
96.26042482752882
44.47852739540744
105.9308487408249
21.420332872443954
60.35731994200296
38.173681900662814
218.68558085235782
-8.026679415059334
93.73807586298017
137.0373818275566
30.07600846324908
-21.596456718604713
161.09898438211485
30.652474046883754
103.95445374751091
63.820315065268005
-636.1402366723506
117.03390407313327
31.69591477555081
-35.24283860736186
80.13800156395394
-48.988923160882436
-88.21483397906468
-51.91206699323811
-5.4914207168986024
-25.465830468205247
-6.130844582206009
150.48404318747953
24.607649143457564
53.71805688902441
28.65349635767066
139.01609054809614
18.06204612591856
100.84915099835007
-19.127710857644473
48.31427114407353
-31.652303173871744
12.831803510568534
-87.73747262593861
-129.49283528293745
52.37859966886528
-69.59227947924865
122.73354030945757
-73.79910498252593
-70.56610359291804
-236.41117427506288
150.5847998758818
65.22871973907411
136.71758690753222
76.69500376628474
14.943579075905063
37.54561512524447
17.384964870756278
-170.46428503017796
-35.91997218098277
35.26390634005878
80.54748911419915
46.295401134304925
41.11551220866849
-166.654748362313
37.40996559397932
87.98357278481944
147.06614133815515
105.00552311249737
129.17924401861
148.04690778860936
227.22112420440226
46.37681581506695
216.38246794637416
3.1513175865645735
122.16418556495273
26.903229709996506
28.16423255381069
19.750407781994674
17.810773788441296
78.99325151613903
3.8825516188801252
61.10366928083272
0.09418443124152169
51.663717774516954
40.88114031184523
5.629937357688469
156.17425481525788
47.168917994622916
41.86946942285249
168.99870814158385
36.829703379733765
-85.76907157489495
50.820938389692856
-1.5546508795850968
-174.92002253348346
65.9624433775956
56.28099873827341
-268.2921518560629
186.17376032533775
135.6684048366028
-2.727714382956947
-276.6727289337714
1.4521988950140496
-5.677591256545515
80.09646886550016
17.653594525209428
-45.49678298611227
-112.15382939690633
19.90908466022104
59.2199783127503
8.810238875109532
52.12093292603579
-116.42959262386466
68.12200465772196
40.767615276129206
121.7039432266306
38.90157880769584
-176.07952258529667
24.664314324058324
45.51786473519394
18.49007329979213
35.301613782134154
-228.22487748169715
14.764515271338496
153.35738220870599
16.07748901278046
194.61574348256045
-2.9931721789833357
91.59640410501743
51.773311989410246
35.92648830455381
14.918713127675911
-58.08589603730525
18.852181840875478
138.56372842706605
96.43722520383824
-5.605792991745841
64.49096793518993
76.21420297842997
146.61112294157647
175.14342771958945
83.30812994695498
119.03230802390954
149.37505470844826
92.42087765115878
23.75424991115267
30.41206386858623
227.30236683166868
17.5982540672744
147.03142173660706
8.684305386246876
38.14655028899725
90.29192755290842
107.81422127425799
126.67728283161
-8.137372480133203
91.14229014376951
50.521426597968
50.6541758295416
11.24053819795455
31.359434579037853
72.31199736254348
94.00265104344942
76.23830238846176
12.398173527310188
39.548549723178475
95.58642479199557
66.53108957725772
28.307596599475595
73.55824227777885
37.39575652990152
86.59172283170892
111.89854902934349
-58.9405914712911
16.10305674483506
87.86666161568564
-2.878273776086189
-5.432727444769816
-83.89225488133252
71.08678444791488
-75.15235436525381
28.502234870566582
-79.7789748639284
93.41818817505145
119.691971492849
41.04361038535717
4.061316887398334
-99.74708311936956
26.05156061937286
-12.00439889370092
25.03322341059468
37.159647304202295
132.84916986417875
48.338789886875446
27.845145869387352
165.95264206121556
8.051069445587267
-66.01251220276163
0.8313575854016394
2.3063690707043083
67.4705980191688
233.22076093207124
19.62929452721004
30.298828369011368
-246.19806150918748
183.95513151903242
9.960813702703007
71.926105199218
-5.032236710194655
61.74812624302558
-96.31476230084354
188.8610606301172
74.01392098047631
34.83358850521623
49.91093261085816
82.24683411811588
51.167621366272215
46.80166553730584
85.14141694566797
24.088217691955048
27.81248332665666
22.746392155204443
-8.371149348060499
47.84463297344408
22.823479677210926
109.95987787096055
59.76191190836818
2.6762120013659114
-4.773035303351791
39.97950327358723
-4.178086419833338
7.1316310981851725
51.86803331960524
106.03379416962775
32.89734044942331
172.86081493558072
1.1461079460016024
60.2478446791626
-79.0556490946863
161.9976704492492
133.6021407096532
52.14360420456836
40.34188555102719
121.37318504957148
6.639145327005592
2.7059267101139994
38.63804691505228
41.86790834081748
62.73895882835541
36.476136546596166
-76.46731034074855
1.1936947661110935
-78.31176334364409
24.28733451227046
61.68328796375454
89.58052868655659
58.81051013623892
-22.175704537354378
31.065511748474364
59.06543390515208
24.500094298337693
3.3759041911436687
83.64541151119056
18.659886240368685
14.39208768978053
-5.952049029468071
114.62269366908254
31.666726331479538
67.67920142626735
114.22203691871573
61.31683333018748
89.11427946905337
-36.72296248349994
59.216858846562616
64.69716749069607
0.2719921428320049
79.4527368335174
-189.21559846128594
86.10637893395182
-37.95280600501246
122.912891110273
-7.673862859560676
151.4439864048511
-103.6904573380707
34.811728324635936
66.53578686717971
-67.16047984225133
-119.83683806426234
-52.09280434541256
50.366430391718495
-13.5329451270582
232.00944070537753
-99.6706424534882
38.29734846969178
-65.46203077103246
10.099163993434578
32.57840542584724
35.836398911504745
91.74044122625492
49.89343932673692
88.37598497917133
-21.207219801847423
50.18392810683741
-24.387079377945156
41.52741950388054
56.241570328246894
18.29479666525181
78.60415149839892
20.35672332897677
1.2757759184057638
88.99741031321514
139.92816166963485
12.197857706084115
11.906233967095833
49.52402041034236
96.55527220394686
-14.716743269425024
79.1702270344922
31.62705909365159
63.465488687133984
-1.0921843755261682
20.031875476790994
229.47431427168885
14.5288590445015
-0.07757317471030713
67.44900996276755
237.86327697459228
28.79021314240322
65.70996876796467
-47.783313810740765
-42.97519236455767
32.86974603733932
18.48323492894847
94.12133265602733
28.204474614753963
77.41272006062263
-136.15717372090603
-20.983131556093667
-112.8922019671636
87.67793406208983
21.39333640602814
22.802895199172916
39.513089278090284
44.02069873164547
39.650646425143464
76.16199940890453
62.6757045820419
79.49956183978566
-6.575852805582144
-155.13408258830896
79.59418572296283
142.19831093168796
23.153166674633212
101.91290313960326
106.9097823418449
70.43225890375157
-58.257523560878724
74.46460076907758
30.269349326988674
-190.1818725036983
151.4413029545958
27.431864186805342
-875.5759216113283
87.91606980214192
-100.81720257399047
-73.63315830435181
127.83397742328407
30.723619118594513
39.84926147879753
24.567830988835023
-30.59015496447546
51.57939237219025
-20.228560522950087
17.79989940311998
111.42651096564305
30.811724693393316
115.18365198436413
36.94470227510578
-5.866668544452507
92.27722387264976
132.08857552089557
65.20440933800455
103.59714858532834
-16.04373809076497
-41.24329816902355
81.93035081616836
23.041336733340017
63.820774893380815
54.78430986471358
-13.080331731630311
150.2707912913438
5.823158519834578
-163.1359590484749
-67.90557449663444
72.76479490878774
37.92243614235055
21.385540311117055
67.42521643015698
20.95238047100515
96.06811482556009
27.006687735424748
-32.43714688018554
60.26997504173778
-47.6656128442155
105.8976412053712
-7.974215120723329
-25.01554064143605
6.361130537136189
120.85189052139822
168.10299122480455
34.2535564248887
195.86322628403877
-145.85910160918775
29.660529857216716
38.079764193143546
152.4748303412839
18.729487647586872
-55.393328791649765
-737.6437113918169
75.77106888068874
-60.486345190471184
-121.5815268020192
-24.335145945908888
-126.19788738813622
175.2307453604526
37.603899745235005
197.7969343322875
-7.731473033034276
38.05675443812743
-3.4558872216336627
-205.01567433831906
73.53156692620351
-368.588031953653
16.620975857295836
-8.504755602528716
123.93647681323
46.16273035916666
93.64457193562475
40.91589748006845
-122.90996119599367
-60.422185577573146
13.689500948415926
109.81114559162711
82.1548222337758
12.575038957049971
5.686343172790657
-22.75475047101645
116.79034237711335
71.88962973501643
74.17466023078919
6.559722399898553
-10.419159086432197
49.92325256743152
106.5318730709314
45.92369517052794
13.013435591518263
39.42153133392404
216.303476624822
38.81337576900796
49.42889570287683
-42.90388303823886
23.018112923427225
169.57223987732868
116.62324993341144
26.12906533646372
76.14381684602517
-13.229877676744081
-2.9351281112128227
82.41735077040244
127.49970582315973
12.571959346902227
128.47561648963438
23.747467980847546
73.50828475610052
136.86987358088845
19.72361451253096
82.37822604315215
121.9658206582676
176.3283423632929
203.21419172037395
-12.702887082502693
-55.08178923462492
12.967590156580016
38.07002381927509
79.81134323804872
39.98348784875873
34.56662351390105
31.975115450181054
-55.34747473457571
2.803819439249537
26.641095127173116
88.33286303812122
57.95475724462036
146.07933787301226
104.29124372998876
42.45839704025866
-88.19765427606853
122.11090495176268
-97.23858833626309
82.68400485031506
24.34047873222301
20.188409504140793
0.6388117225693402
53.62942292964108
-30.536085508539372
33.87734127589502
82.24461490376609
-1.744130867675267
157.33885193051856
71.03397743611
85.44476984393577
-0.9519795494034137
-128.69073135668395
96.42501753421857
51.05678128183678
71.31135971288387
27.875939525986063
1.1546183994608432
42.398765878974274
125.09146693224739
-136.06102907821833
-37.55953571097308
109.53724491096955
24.474209479976707
152.6800567597511
96.98195092818696
47.30606539588143
23.152218516548146
-105.16589432136698
52.468176142322505
113.52182603667507
-92.23489432862482
56.89018157691104
167.10596703110377
89.11825486646009
-25.28770311059634
-3.4444788613679247
266.99162989169326
84.51581447206172
-43.17211553827964
-75.57511721263518
39.310466750718206
122.97678519877309
-94.15865805938847
85.33694714032833
8.680956796020546
-27.7784966960186
17.73562547006052
27.988429463701017
31.76104749586636
99.52618163657905
57.30261313356277
94.44072732704785
55.15593674339516
-117.20752379517126
-0.8814711281178472
-100.12057497426895
-1.1110728545804704
70.73708490250738
232.08915922936148
23.810422567285272
18.67523668207423
53.18479671294426
6.397393015578331
53.95526078136177
19.901257705420385
1.6675705408091335
-43.75603764254129
58.463193050626565
25.534986514462616
-80.67889953030262
60.75484947049449
75.61552149474744
-224.96134797335435
56.62616718395236
6.888686150172248
21.37678933695777
13.874651721218925
93.01750864580208
144.67170799627274
-90.14116117406684
-353.25012873918877
-17.27522041554448
9.263185804041711
174.20240700906652
218.84206011391052
-126.0332790607769
-211.62096132991792
-30.857469587891956
9.918350939546356
66.90377860310421
48.596954030078905
-6.39883314352528
23.36956230481304
86.6945035524991
-57.638930797474224
30.121187561748428
-113.59964248588813
20.031958286856906
-19.43994809379717
50.61619439257534
116.40993160737389
-84.97094204552332
13.499857317151196
9.265951718845095
-41.044246635896315
56.48634304138068
36.84295397815413
53.156579400121394
93.50330808841227
92.39962815123963
19.90992404194469
54.46582507157068
-2.9802585186983674
99.1242665176087
-21.467950756190447
121.1478191833005
60.21006927640022
79.0992214048415
11.280870208516925
48.380460529674
106.75507817122616
-11.586777349866907
55.658188583374795
10.578131956924153
15.082296952233719
51.94176057922368
0.74454161168882
-43.15937334369846
32.06375338529506
33.181597935151785
-8.8878367020302
217.5563532532533
80.4216445033299
21.31642187228723
137.3006089697683
-96.25580066106977
6.985286671112135
32.57905751297841
-213.6394306660104
-179.86334345423572
175.7735208553363
-76.45816401894717
42.751409434233494
2.234160108799756
83.87095949207583
76.13959072417128
-4.6463035324323485
24.515767127536172
29.64463500916693
25.17401440308447
96.39672139517296
77.9962015642459
106.66550786809512
47.07715053375355
-365.4667045037845
-0.7809134313638626
37.48227496108274
-20.327683182239255
-114.27040898151154
-167.09849821028365
17.240078009008364
-4.880963394567205
15.641647466418911
-41.780924854515206
22.210564244827054
-119.10799695500782
25.59279935336417
47.21066248124977
154.109163950553
47.646865501099455
8.190252214839305
55.176007666395435
19.83146194014757
67.79305515353983
244.41055923363592
-75.04816695813133
46.18915072681898
54.54668351710049
203.6528755390691
17.352617081940046
60.00185106580453
-35.14009894988595
-1.0556990260029124
35.77368944530974
97.62515769476613
82.79069099470883
78.91945571126826
59.598317268566525
39.52264315273911
-33.595635732656326
116.73135398236354
-282.44239157004034
30.821782631778024
98.09982234525569
47.285580224927344
-39.70250732490331
74.35172299702059
4.102139109366362
78.62611553063337
6.179684545856674
62.456665351899574
65.33251468686922
86.47257750662288
108.9010126282335
138.99643691998108
6.911402237685929
-42.1793095037184
-303.5603825516802
-61.202849342447735
14.485730016862021
15.632016102081934
-23.95075561464629
2.9637057887375704
-3.2157886002860323
-124.51441957674342
75.32314274050663
-28.924105782855804
-0.18949910286234117
72.57606146944636
-208.8314571316805
113.92472672580152
90.10165014723941
62.199486479628774
67.61513405834216
50.99504564543986
-0.5737757586557564
89.93908780559639
16.870505210726208
2.4108647370405905
-2.4559218848236264
35.37221617647983
42.179816083842525
17.697765102988534
10.0433662395516
50.23234640928098
96.95063088027246
-46.3587517155629
-26.18046681283669
-133.2374216592043
134.52361473607675
59.23445864653396
-53.454366214158654
-122.39768844033551
65.8078554601068
99.04061425293185
-30.7150078747319
68.46443292616266
11.239839838541684
24.119362060849582
105.11323219872793
66.48287247222454
13.839585919008908
56.12647250638085
-482.72064058583544
106.4481144744077
142.0374339357695
176.80242653042865
14.788260195179191
86.49069788951948
136.73277515083555
-158.42130335290994
-10.407149223461602
93.41943553831766
-33.52153987900056
10.656945160936864
48.78949235057945
152.63705555379943
65.3119448897769
8.218574161614697
-7.9109712180306815
112.2225067125114
-18.450731558352345
82.82611471378522
14.654946609376978
59.00043571417513
77.28048242375417
231.09924683947065
165.67417376317235
52.05248015576872
-13.490965130260083
23.129401351499954
40.80764712482828
-51.978292604914714
39.80268893121229
91.93652850562194
35.89190553034314
59.843603336972265
90.65831041029651
-13.20162411765341
43.76004156988688
-60.8308030823996
-34.034604937907716
44.78997820543767
33.58113913750234
53.620069162816435
31.97046357492902
5.905176639352291
52.845118222431694
25.19871487954197
1.1472489165053958
9.037085474657005
101.85187179691457
126.98276751324056
-12.380692442840965
66.67095390014765
26.463215115853473
20.635659201522635
-160.3103196928032
1.551605453486836
56.16118608367643
-310.0297542424395
-41.76861442227391
44.74120701303209
61.280835816178865
36.20387616848916
135.22880957660618
22.97223792408689
60.97277761744863
133.15970355081026
-59.14635181288406
25.97908974835745
42.64928372411396
70.59682716002845
77.86220902865091
-20.511636350550702
51.83604717206322
-148.5900309812787
41.249386644263836
12.25369602783745
11.49188798349064
27.36283249250846
120.93692364827211
13.55396014731241
17.16340669429883
81.44146529146701
-129.02827401040304
41.56125847896582
85.9173580743277
58.523150186518436
-19.89712730548615
81.31464385768982
76.21379933305622
47.83018971560068
11.122083644739178
85.07236413633382
12.86537611743375
2.3426691304812266
181.15748812761876
144.8451566779504
55.48388672745267
72.88755974344713
57.576509041861755
62.17671100990992
63.655109798969534
32.97042433931529
-40.40949036804841
57.84886014957197
9.490831147230667
100.69252184828565
-272.99938416174336
-22.729720441835706
-24.652775055903817
-58.85915465164635
38.477833185776646
50.239378292940174
76.59848783129655
49.75575717068824
29.498341929181798
76.22176151807253
-148.48831525620608
191.7939914778658
83.41778773660127
38.172713053711604
-114.24735557534905
50.37481650024779
53.71348162384682
34.05294752151069
19.745369322322794
-44.64531517994237
6.594517198598357
-65.06959925588944
102.63717648436568
46.494895260066386
61.85999469711942
92.93456935788709
100.20363971661664
120.49213288997635
22.03341605137656
41.521382731385984
72.83738206722683
-74.9747348999108
-889.2842566661047
2.59756071116068
106.97412835109162
117.11673590077771
123.8084590483304
114.20712088033497
-37.86632321036094
-208.9802247674769
-69.52975561411859
64.51769428410063
32.033019005680885
98.64892225088306
182.6737898064257
86.57850569043944
-15.391261802697487
-300.5346258327945
96.42589596420066
-8.362364060079472
-7.057212204345526
11.888660955878766
-28.481856710270222
12.792360686852843
32.759825725636475
8.614861637592883
131.3886447248833
91.57699680210612
49.58742132663717
55.20956105801571
80.37569343847963
93.35827406176543
42.73393357603207
19.28920234278317
8.231165445366802
70.65915620030319
29.705711967622896
12.831399264032623
-112.50012794584609
173.33034997337154
17.748045247295067
-22.760296938223675
-37.58567388204434
62.5114405250946
76.51148401889347
-47.60242566823081
-12.10178319022043
-49.424711208838744
40.46713234243461
28.888887946572083
173.90731682597652
13.373003419315998
30.028962398812503
111.65611001058267
112.77930659807953
116.69488497461498
40.47355977863149
18.822226242673516
49.56787007970888
79.58199161483017
-621.2465789071612
-162.75506052488345
-169.00424034325215
3.5821822882305945
58.03718996518417
49.9019020231766
38.8548830887471
31.809236933019747
67.22938251877693
-94.66671033078546
91.1759516186903
-25.966290388532286
14.882529566531048
-95.24489032100655
86.15136326902069
28.165750713505076
45.678485999573866
23.634642746693316
36.88112041191465
-9.524635990706956
-193.07999319387818
20.78633319104756
4.210851426125778
0.046666884455135005
48.68991681219608
-12.454282576448971
9.585002242993703
57.7541947121224
103.73338738112125
39.82983549863139
47.88249037787563
130.26720570206408
61.408269480311446
163.9888285590564
-105.39996296905883
62.62368290497821
21.640684679350745
98.09959448106383
16.30836685894859
71.11386108969867
95.76748141819075
-45.765940623460665
-2.7062029947828705
12.577471950677388
42.64268064088492
54.71119819505081
-20.219216461990072
-5.988922079105578
114.5928303530061
-102.60330811283347
-126.01817733978683
84.16880041038996
-8.840042934712073
-8.783828750973953
16.81450509771203
-11.207682812193372
-1.6421498823332392
-4.133190270020016
24.069321246194704
45.53591279118078
168.37215237686996
85.06410815383788
-13.654944119882376
-9.676232175830137
147.3277338338239
122.68201541664655
69.86665658944594
-35.77013189114277
97.64062390136542
-142.9588503258301
91.4554446092792
12.742631802159483
-71.65696614533499
12.653867504441145
20.42089914561426
-124.4665000971836
43.26158021710384
163.34963221300995
41.0430343113684
8.59563030580592
42.24541491477974
31.15769355642672
94.11846248857364
30.578927646497505
-17.290213271126895
24.265191709390017
-3.0501389630480844
-5.5199645870306995
31.495924061098275
41.17890795692783
14.451671481377161
74.46784977226525
43.666869040188885
23.122070433104454
8.920800945274323
-26.931063642701574
96.71289531633374
-2.020971390507384
76.00982426079281
23.05028813575177
14.312703585583415
-2.0975384476005274
-188.0256531711825
53.614414922943936
43.63013988588705
-72.11649804224822
83.18701281081621
26.70423243895675
75.01187913265437
107.05429345846005
3.1413842760995343
62.31069474754122
5.783852615476934
-191.99166474561844
-88.1098587279339
24.925128393204485
-0.5617250685696744
-14.322994226990886
53.59318725289404
55.82659516820167
-46.42303602226678
57.931929876594495
161.23622691474748
42.03047254199508
-1.2984314710660243
-67.52469891427245
26.876488913393707
37.526413318626474
14.072109168934054
48.9853917152368
-14.771648985262951
77.67112705001477
-46.24406813893347
61.31987482417753
23.39756715698433
54.15026845459215
80.53995486602298
42.581995080109664
105.66774238392964
126.20964135562144
39.457748671378255
-198.0654757421653
8.684746411691219
16.11429747269832
-12.858069374557772
111.86235674125231
122.40426762779543
92.98111048826968
-51.09751436862598
-7.707194220957632
-32.98194590150058
26.691680050376505
203.49092505781437
-74.06477540676883
19.767967050564494
6.4337964526623495
45.939146568020504
46.85593910319494
87.09968914298304
132.71574597125982
30.10193537970142
80.67473452682512
9.84173382799337
25.447831513475194
82.20727796175879
64.99453813093714
51.62189264001336
27.205737012327518
60.576928811934266
264.2174279432902
62.82719577003468
80.32914290769031
9.06417672914744
110.59889656447376
258.39858738162775
17.190846902823612
101.5002992569382
-56.01081808384788
67.25696200898304
-480.1574805500095
-181.89710280932195
-41.38033767412661
42.91870124019519
-8.975251502882601
24.302874361788962
78.27636782535137
64.22631106250446
106.9176046637208
-74.20522371218021
46.438918929501824
75.95068383832654
73.12069323414448
260.6953190132808
112.78934812150783
47.86819613926128
96.51407534680266
76.04981991634679
42.8453393359163
83.98500253558086
65.32910380312865
23.913254509305716
4.180125087910465
27.005403880024414
26.708600693909084
-162.46989847806253
171.7322919747976
69.89463367432654
25.47461283638665
50.41782171525017
16.190783742312647
-0.9584006533859794
36.459166075003
-28.868133591534843
1.254611086505868
36.042616784307285
1.2645214822790478
14.852810088900045
268.76397285752137
203.84731468590917
74.83621065440661
-26.07676939476073
-36.807436984065134
53.11653511383784
21.67826265723761
-51.07668290812899
-77.10750898354308
-116.84216764782514
60.72009577828328
19.77547273772119
14.410786557634168
-108.39845230691823
12.849960036937253
-194.80714980163975
34.26882995289043
-191.1410928467567
45.207065737599095
-7.819631636456506
1.3577320168349587
-253.6910603047554
-24.14516878566701
-1011.8702324213327
-111.87138999631316
-28.296724552659416
82.3848920128554
-113.49315417607932
60.832058671249
47.741648278743924
-94.53149676835983
-343.7423449928756
31.054565686067235
-67.79826266732334
-111.20942490442394
121.60098249520752
154.42132676643723
19.215897385092244
87.15547552644443
6.13247863023731
17.046668591254047
162.7400346296663
-43.39788213433823
53.249249078195476
27.817664953125394
147.257546608153
33.68646282472116
-18.210295916031704
-18.25493172118513
232.32348502803052
40.096997249471166
62.98411432854084
-71.92552578777759
-20.57250587590852
39.61062416150577
0.8482691562767286
21.138824198118073
34.72778060530527
-6.232575888867212
-348.615188615674
136.15856880869887
39.767944176261885
22.79948117637332
-33.81957840866016
-7.937981198993384
56.15418868786691
50.16677469394479
-1.0773374100223223
32.93544762064286
33.32475073885639
-119.08656230679581
-24.19794545641753
-59.56141584750094
-48.49008717378547
76.81987632513145
23.924160463437833
-16.51705007187138
-10.396656791592704
10.56111824835989
86.60493606914588
-10.135278962336189
-237.08423838721683
77.58569844401194
58.216246494800544
-23.23612421377578
-21.827242181924248
-627.6807064180821
-28.35716647300751
45.380603754193544
65.7330864946066
87.78246185471437
-8.89177382408775
103.31902184910086
32.45005856311272
21.55519614801551
44.45045229215201
50.2076806278107
-47.83139160239625
127.69046242668401
-26.24761889961792
25.751987589371698
78.1260361076719
-6.1514830975443004
67.14214651565703
-0.3103213315883835
-938.3324867061277
41.13899542579699
137.8865810162522
-37.43697602193765
89.57291336297567
90.0315674231233
-21.93453103584875
36.46848319109495
31.311217050553182
125.45869111765478
24.96902116902517
69.88974290960732
49.54196610417729
30.09631876362093
-78.0030259215996
-77.61518241291014
-82.61455596523274
149.88571639102702
10.657150598427076
75.2126246890407
421.92235365104807
-125.0496391774017
-18.105565154876974
-57.91502156589422
95.29547330689093
-40.125620030127486
29.330622809371015
13.90373221461141
117.70983273158117
62.93166874951112
8.137393480310493
6.25378268046445
183.11972193382644
-127.77653590140926
-2.5589403815890766
124.27615827842237
-18.26775792139479
44.087618306314084
-17.933662548894517
3.7692095904941683
-30.741951296235577
61.91875357526169
-4.533566657278328
-6.9713514848369496
115.49686213065024
44.91859902017275
80.03933424095135
13.962793547662002
-6.025474098729796
0.007888503491358279
100.02722450687509
167.6409867995867
128.0791115461002
174.47120848848544
98.94433319447444
-90.3071510412351
55.271480967949415
10.200856663038662
210.8060996829563
26.598478789770457
173.6206542043351
58.965882490163835
0.1500703788806277
-145.0865757812171
38.44808180476211
97.38087735428235
70.77724922264883
-27.975713881107367
-25.393652914378436
-109.46070403548174
5.686225963047862
825.1180510695967
49.895612030473785
85.82947113507794
38.72248964905832
135.35978575443278
-33.14641938608111
43.7755844667804
89.95882772951836
25.194496933931077
13.376471091974594
-55.4683602908317
147.41778779021388
31.81988904597989
-266.42398241826686
88.2416182117131
92.92652683902915
31.42677004036942
27.332677037118415
69.31037377358712
144.9253145422581
144.53105760673407
119.53618611905222
115.01037310515494
24.85923049350933
0.012354457052538237
-80.78922993066271
40.980196395377334
53.334312319216224
47.4622334784309
70.38645392316482
-120.45330096247228
115.76460795424373
25.062608474140006
-383.7033735063678
96.60090309904388
120.29598538101754
136.03394370455408
52.152514259741736
53.744941401030026
265.320999820678
95.48789971399322
-77.06310216783504
-1.760826618018612
42.21069173473552
-6.088538596661837
-143.1339096705724
10.298468286542091
-10.651208930089654
8.78944612054955
-17.96993036945014
76.6024135285665
86.26634073560331
18.024019328483938
-160.99774155100658
212.1857061804326
47.15150534858111
-32.748876976691115
35.18109070002385
-2.6095931376235058
84.47713955952679
-37.123735250715875
84.04657891507077
28.330067987629832
32.67343592348561
147.31225459150392
14.345173732717303
8.323340866758826
21.76666081071471
42.510527880606524
40.49135726537869
91.22864326784747
57.36290411209802
61.52327618294248
156.19996369972432
91.219097314196
38.80138005320012
24.69066488705721
94.03989222402515
104.74710265158546
17.602184146946232
47.82313197576769
64.19146426329209
-42.822963340640854
-52.541373008190476
106.61682407826515
84.86901515828481
-51.018852215481274
46.47667402425486
62.70697069768448
84.53148671732924
85.36346433434119
48.84685149335132
103.23693440619036
57.29832539572726
185.73640636981145
-151.8309459883585
-93.30606642021621
-82.14859121029167
-30.170225923184326
124.983690050331
136.0158422851532
91.5121229533147
137.78662610045012
-6.098257175825584
67.72174016530812
66.13584824851762
-107.35046283578504
32.611182576794405
70.84150603074386
147.26667055587768
54.11790238455379
-4.915783867565436
16.55743241374148
-23.501442669538392
48.802387260452406
26.379523372496617
67.96283091375327
38.77122680252091
-3.586327384816514
-184.39810696920267
112.62025144715267
21.368859042461573
13.98222002564441
-202.6741101744583
-42.887940748591724
17.429746074664976
11.035066242715395
88.61751770705018
-27.32092235084758
31.255303228737844
41.06146743902746
105.92659135159056
14.549981188408243
134.37600756364282
71.21329362249591
25.693643148284927
-19.523440596163642
29.113002790689542
85.9787019931291
-56.05023657901302
127.46227026540964
10.831848341200384
-5.920066298865095
-4.267533706553486
-5.862939100690255
29.55686631744811
-8.117400948610339
3.5368525225976555
-8.897251237819697
41.15260448706967
46.85834411462076
-19.683467054965604
118.31910182832075
130.73219871568608
22.151728639419847
77.873930726725
200.60866768229835
49.70607083554728
113.49388286665317
94.97674490694146
34.6609810773939
36.50492601048063
-97.9827522099913
31.061571198554923
81.68114594143469
39.34997863900391
112.86572886374256
12.30493464255269
-15.658172695864454
40.14894486845333
-22.367551653470855
60.8245225491208
-228.70164421146228
40.3608203844168
-1.546893912435405
5.8526259487424594
-117.04697005789876
59.70125230977828
17.88762269172538
196.0332758647378
86.26424321792598
49.67253536729186
-62.55228090030914
-34.02299952199804
31.509197039248704
98.7795853023249
-98.1870592515138
197.89930897260547
63.93358570553028
-21.560584240924072
-9.631284648725313
-27.649823871432023
-190.18278573448333
58.27177040689577
30.319595852592556
138.44631505716507
109.37644027477586
55.38345233241034
-9.669291147339246
67.8596357901879
-48.787502505545035
150.33577445315768
40.19365290038488
62.06781545045101
41.99799068636328
76.814154936882
5.6337111348746625
28.177131067028313
17.628279740651124
19.504873843509706
46.69204566900559
8.466047769101074
-47.74510194755112
254.51168135494663
74.91501510806872
-17.780878791573656
-61.69050015697849
182.00451429819122
-123.73831021634487
18.823673845462707
-55.23041356746353
64.53278599842952
-105.57042921891207
17.97570745316625
31.981738998726623
-9.734904015473656
25.923728001456084
38.7765751314881
-137.5695830751829
56.27891596505751
35.46112636040519
13.525502103073222
5.345398844613193
46.97277226524466
77.14994724470559
1.320410132856201
148.73521559137362
87.78456905841017
145.78330921530778
49.889206255664476
146.29332392907645
-19.661679994966505
115.60789591635557
67.97274852561793
-14.878686126989543
149.53187148977577
138.2107075114609
-43.09640484693773
24.422887123899727
85.98659557921883
17.10607470321137
41.953931224169075
29.43415979135463
40.30175358369381
7.188688513013054
-52.38589975108425
41.69360810795399
8.373709132190886
90.8910614238116
88.77834002650206
30.957005111960214
-17.411686750770667
25.57299731146736
98.45569706960839
-93.81868310794016
62.2583112152015
-25.628888743207426
39.12411964839493
14.975937396668044
237.19527179226952
99.09753728075111
13.914169719107957
14.782583198238985
146.10572967233293
-202.65694136474804
-2.080549400832418
47.57449992376344
101.05828414864891
9.62600916351569
32.93769349558579
31.92152857293624
-212.6688619085253
49.58779543226774
47.57290349432458
26.629792840093586
51.30974069280303
20.608319815249196
107.74459092782126
28.52469222662714
-10.285340130325494
38.10484895153825
-23.258515684785152
-105.98889680613684
62.35553879096372
-241.97626711970042
145.13924232924228
57.55787826200424
-186.0026682301159
20.83369460986996
147.21781771735846
22.618604453308087
53.68486634143392
-27.951234313895462
24.153106831402425
20.361021260991386
-62.32422267979467
138.63723276327528
14.524968965703968
48.33108964456096
9.840076924623261
67.16630976716579
183.32156273427609
49.23978840572995
-102.95165461203487
81.82403716065858
-5.462117041160043
51.92577800595973
77.17870028291958
66.78521811893461
-144.9495697969478
76.50867522257835
10.394710672627092
37.279943399594025
-1.3817841976140177
35.60247519416214
-7.806036305691578
226.0104596299234
-109.50708784735157
32.56789184101922
3.35355499022516
49.351166125778036
18.405875835321694
149.5180525225005
39.164011364061935
75.5224025686158
-9.95545959060155
94.3399553041927
60.98533247197028
-119.48753540421058
-68.25555669208552
-266.64813015187156
-140.01027474581133
41.439155149558204
10.680759523248298
40.507958219757256
11.277535285759967
37.46571212733129
25.5415448617905
-156.81113741219815
25.552103638389493
30.86174132790592
-125.58691259132775
74.18670515337658
10.174617734628784
105.34982607488536
-20.207917520387127
-18.515032139459436
105.89332093156429
269.1363276801867
69.19720886090192
14.99174441089025
69.84748248642197
146.23593104113525
85.12308081244828
-25.37960950587967
93.93604415262666
-5.214165877853745
-243.37372049700843
83.12760358558364
267.835563327435
0.7754396314453484
-90.84086739383166
41.93543378046567
-229.26794889646862
72.65337817690457
24.779307874998267
-4.41282308434544
89.37947064853665
8.41200744286532
-9.722714770088444
46.72170088338577
114.23277831215319
51.00579190370337
37.42085443155338
114.46093875946417
-155.55262289111397
-20.08326741439032
18.05990915891511
81.30166992469913
121.848027617149
36.099192115632476
30.332018672601862
148.4828472783238
-14.229836810360666
12.338024941663662
105.94781849415472
0.910275725348157
27.160609244847365
26.84660121840028
21.33245540858073
44.511595553785355
91.34576920176187
59.17280480410864
27.419014766396618
192.47409993858173
-25.355009730671043
-74.89887699441715
113.23106232888404
12.975466117189885
8.193725032220536
-6.365018054889106
-120.51177568171934
52.78656676959372
175.72556720398893
-176.19033139141902
-129.52591889961968
-145.88544653271856
-32.34409710246252
11.31864278811804
-98.59256195181342
53.69364834967113
131.49832356162767
42.200246175292904
3.524674488174743
27.464678124479576
3.141769794297879
56.08797183121078
19.310286605778764
49.90535033617117
59.58917269603285
75.38603299122929
25.927234142209247
-8.856772865649695
103.39198454701682
89.96832540263995
34.274257474638034
-17.01327756073033
10.480223308843565
-21.66776488705303
-41.65522874553153
-20.683242595162312
-134.4980276562801
-70.24164368579895
81.29327271942037
39.51149051007555
31.967786233509287
-118.1383147766428
105.11828855425352
-64.5505287128517
51.743310755161325
23.025827436218854
18.51220730651221
42.260726247330695
15.293023295456333
7.422518518839571
-27.59402605078756
129.62562786745002
49.71334553073075
24.065110307014947
-48.54369993968112
-12.523424132060773
135.33704436443895
22.918848579533062
-88.94894882457356
-51.69795507600156
123.16637052100714
8.974727012678613
180.50832838152746
-82.50525922968063
86.85930089398141
-124.49965507655088
-261.3930099634067
-40.1555152291794
91.11632047414082
34.87088323686646
-360.8067064804409
-168.7872327013829
124.3261848763359
-25.995161975658903
32.845095126093184
-7.43891726327431
-7.151024700860489
-90.91413310332064
10.023100794647638
65.67372627046566
60.944665328956944
-50.67713006979748
81.29327047826291
-45.8574641949096
11.96544782874135
203.82453215318128
24.4073784066967
-35.006745697171894
176.908265864834
31.9950313244031
70.16464565278028
-765.6392252529145
75.50140684200733
-0.585530031125927
4.183169004016122
77.5476446098553
-181.19886317534707
57.14711711887594
-143.1336263794974
18.550697944893727
182.92119747207653
-33.0097243519499
4.312459245161278
-159.46991041312504
-24.172982788172476
127.96081653040096
-42.34683365692945
-310.2074289996274
22.46737915307358
3.3941058147941554
242.9102366629354
74.20163182226118
201.16852431865163
-39.311580185282764
171.44710718484248
6.839226027109607
-18.702108309705686
15.085385479266476
18.575441172740653
159.31280293491318
52.45989431800109
15.058865068458825
23.316957959001794
-537.7022719184779
-90.58803475604054
-6.713462154197032
41.29534984190468
-2.071166241541672
15.650396855277165
-25.80323507033612
-32.616864053693405
13.225936876534618
48.35866525772467
4.047676521068126
149.4673932891933
109.35486161961114
12.36075127356201
-29.969696447094975
-66.35769878129871
-25.468671088483692
-15.466997234143308
-134.75899293407292
52.92454019376419
27.031500554552167
24.04473510298368
2.259033100709071
64.60157279212463
111.40268695585905
31.69813871855429
-57.9088897252318
-15.225852551501077
102.22854073586541
38.05417463219783
-66.60910794588017
73.07312476455456
79.6272077862179
-118.48321402923466
14.924480096545551
59.14597836411758
85.47564444321279
89.73862061292982
-13.230979891264724
10.160384140863965
219.42984239329235
-110.88121419575828
-21.982545583772207
30.999335327797326
10.90869107331519
-90.09802287689763
143.63715495788165
-229.58665911981052
-138.4755269028965
139.23788838041492
-2.4003644700460427
118.77388442889878
-9.990574046361795
60.617287001055956
84.35812276933575
1.1116986784331147
-38.48747194169982
-118.04969073134589
6.102752264936907
107.33366993349932
111.24088550228976
-33.0816730114575
-19.634814086335155
60.55844033832727
-29.597041821232324
37.894373401522216
50.03681230903001
-15.028519462826546
42.850834035468324
38.48863095067691
31.56075036909965
36.40627427443485
-68.64385485359162
-154.08945870227035
-65.32739420135567
12.048313555915072
-24.676045222473224
62.64671711650702
65.80416264111818
97.72354664632456
-12.71277551698868
29.3332962222235
-63.069906428314425
-17.465036313690234
191.86586418182105
-21.443148108192418
-22.45682065136225
189.51088275596157
-76.9874718369947
-59.642416313232076
158.0379156404565
33.67933815549031
-151.77957367665613
-40.02981289277348
9.605456025635359
-153.89955664735453
12.419539541264385
99.80880496764712
-37.99150184107839
-76.25632261265582
70.54043752133433
16.261812418867336
29.011401073740274
155.43421868973564
22.5437441671365
-0.7655623414554885
-70.07661874006348
16.31197673755105
39.80481692619492
24.89384736930606
-168.75861117037138
30.090465355275057
51.7162386714765
29.661509774488714
-0.7493402317106472
-27.065045625200128
-21.201562941330423
14.82346769820657
10.803862199057146
-45.24194595575247
-39.58107328258575
100.13277657371236
24.39110401493707
37.08436325417773
-13.357851559625033
19.75394515094331
-46.22906239456176
26.956837397361824
46.019074889554915
146.9574642406758
169.57673075852927
-10.468476236083006
82.55627194702834
-19.601650527821675
-11.203982697878056
171.09058745887955
225.30618017619236
120.08561891430031
117.30936381869788
71.5020871061615
59.000504336905976
147.76806344995248
26.28426088059996
-114.11755114674907
150.1138452753387
-268.6001829127226
204.85184607320798
-173.17037909086412
115.23425358942404
-596.7237537978613
26.034114547274616
122.47110619049226
109.24999582989494
101.01471480616442
-118.09274758500942
255.89195192345687
75.74890602605547
7.3632157769295645
98.91276020459418
24.790140551893494
25.90822618342645
91.37190446090653
62.747286176056605
93.38629686293217
-210.5532407538185
-13.480957698170581
9.88218061634375
103.63674997012095
41.57371665582623
14.5151428572089
81.58572113229957
-23.789018467886855
195.0897317698773
13.075900910571818
92.63772568538496
-55.217740699169724
37.65311082787457
-23.99624230364769
38.44252780570605
39.803215277175696
47.84633850132696
-132.21797593211022
217.2424731699566
-130.7424777844485
1.8037937567827784
65.59698781745736
54.7683803394317
26.414556707379724
48.3004012643172
136.32273470506198
3.1611581320790023
-3.955259612619424
66.1156334519298
31.34063929178634
107.43758403575248
-6.140630703274837
27.702500221331878
37.537464633634045
40.32481422885955
68.11403058224849
-21.5023528597733
16.700736834600775
276.84467587097834
19.720166840315947
140.41055738603382
17.56621439384679
101.78939768116231
-46.61518133902235
68.76783217609864
48.83732095334081
110.3945061809386
9.453845310174216
64.74116006120312
39.10815490424011
37.578310875960696
54.062969682740444
5.304718891467031
-60.73559543764895
146.0263250304315
100.87332489455184
19.746996925657186
22.84435677194506
-118.46915865907704
-91.44331134736922
54.476948579527686
87.91697686441688
91.4109807948771
139.51033377481372
33.55131709421083
64.85549949409932
74.34025054830681
20.74006086445942
72.54742019749557
27.137359828526314
76.88959968768177
-460.7628856579166
49.35989915554163
-122.69779028583162
105.95711490386134
145.7213750043593
-119.19081718339203
59.91822289142864
55.88936143981479
24.673101981141567
39.26702071778631
-17.551444298923343
59.555887709372655
55.11531440404957
140.45426182361643
3.353807979910364
13.669164478626215
-22.876042178307216
24.4731048791907
66.05571441821758
104.08917254084554
-6.424463561436486
-42.451443927375855
58.97605223548226
39.93965896339886
-15.75111981365277
-19.979158484897717
-17.28292469418284
67.26560610064166
156.41047903804383
64.44465607511802
57.71119199872686
-210.8938974872808
-127.29355501098007
5.386267077628195
0.8696113591878708
115.70827951373985
57.32608860019654
64.52561760725075
33.66387960216578
20.821281058132133
-724.5467264752383
67.2685573126787
26.18038345572586
141.90595643115194
-8.237230253896996
-5.592024317812957
12.525185007110155
29.130591046497557
62.67257487871743
96.9064612090965
-56.83335649723708
-16.89626099725774
70.09122955503085
188.56811238788396
50.64236381337287
119.49107029240486
-120.3673069262586
-35.13578430452171
76.10683955951617
-81.78529978763663
87.01345155352874
89.7170915366546
41.4209675969473
32.075538786517086
131.65131851256
-109.74068433932254
61.91825364669819
22.15993770276553
167.01373886701458
-62.97618792636786
65.97365103432321
55.91087139160618
-90.68067209450783
39.8824186416403
12.347523521488256
-12.526972709191114
2.9943891321477167
108.45810183054346
3.503995800583425
-73.07207316116455
86.63674561972573
96.14965580175681
-115.4633148259145
74.99115996203159
-173.19329795622798
-11.88520609845547
37.4213119718911
78.6100958806461
-79.55793109283891
-11.635546623628215
170.36437682859423
48.775611705515345
59.626949381434656
166.87776449687226
20.25092898994626
38.404320764612585
42.180201493520826
48.13886109771324
-132.84033384089273
16.936777211905078
25.93589479290556
-5.920789918208207
37.83770900559375
35.65557519250615
91.24322856218805
-128.34802246219988
48.950794839957325
119.20655666640369
44.22774834905332
-62.50809163163103
22.33519109785351
37.875906118673356
-116.10332065764351
46.15947891898161
45.359847304652135
5.259707797062
123.5952383295321
73.12984672890889
110.74835508235219
-26.38391302151676
47.632809237351054
16.96803116507598
27.85156784308373
34.07303844308626
207.11005409940344
2.5941033010740284
103.81861748156462
-104.3692063111936
-92.09729961928048
15.532993197612086
2.4562040541118755
-350.23916072667726
120.00264715937283
-62.443211275582144
-5.32228982996
93.02620271318801
-264.76249270121133
136.08325478692245
-52.807225380639466
-159.13911109057653
7.395600784221127
98.76861311301116
109.00197204800543
94.81314292095067
5.767312849408533
71.80629219528873
49.706027337622686
30.78527471467845
78.9844893034566
9.746699975484717
278.2827447981622
25.047185071183442
136.99432752268194
-34.35642219223558
24.902616645018497
23.449197770564297
60.35738959946684
81.33530009850165
26.19536469659033
-220.77397289812916
-14.296022704298139
93.09365050847282
-74.2324101462901
-11.047378507419353
-14.667066050948051
91.1859710807596
136.3808007997527
57.12773399849539
71.74876489600746
49.10756446856749
161.9023773319334
65.18532507240973
-454.6674091051759
101.937078713564
-106.32941499376557
-38.966445597870916
-19.901765030886175
-2.7780922452382573
70.01488302630173
-19.152120328327783
-23.804761450334773
113.17193164583773
-255.25415539861297
48.19137788324769
-52.65210135813504
47.72722868646583
-199.363817573475
-5.8875579870432375
25.027692765887494
146.70286854232427
95.95690663720512
2.9996373636623472
19.293044580054033
41.20065708922971
-180.74416302550662
-311.1898529300097
29.48763310673192
-15.10456734189493
33.96986455108856
7.160129045133196
-121.61404880648752
61.11975754450941
44.06236155709231
-38.63843815065911
-59.81476560750707
25.055968142509627
12.080997104267295
63.27621142192538
-17.03464693240667
25.520617755947
-508.0838365526818
12.17082551503919
98.19122330837354
77.65282164178552
72.36767648016763
19.787030289580798
52.859187185028986
47.03976432997112
67.28080734503403
-466.21485932096357
17.957125012707795
-27.259819357347624
36.995390422125226
-9.758447199839793
-83.33183127188931
72.86705499377274
100.10030592847897
48.30266478481708
153.19500531060476
7.370493731826173
33.570946756963096
43.18171281095019
49.62976443901971
105.12679598970544
28.156340723164682
20.175417911625033
42.98960479300501
129.05169931417822
-62.10012326884953
122.9798682411556
-4.419211775705662
35.7330606352034
14.548716551760826
123.7583300850514
-24.278839430774777
30.935022818800434
20.954031637854307
-196.26875573660982
14.614374522523962
23.372900453803965
19.495508223128688
37.91635731592896
53.37115738221155
17.603988420209074
-6.432376081263314
-75.51986238698986
47.173242386225354
135.08916862836668
95.00762895733624
75.18341141200591
69.57287721821922
40.51247244854885
-143.77468527094743
-1.3349559458297335
77.92591029198229
14.004954213482051
13.255010838517375
99.83469485710293
200.06179461192187
10.88941130168247
39.99146378044423
-26.324415866727122
-137.9904878964744
97.43200857685747
142.06898807799917
104.97627273778835
65.28576844015572
-25.266735202406405
5.356888769843202
49.444824402088784
109.19107300002179
112.79045346579187
-87.97742561500763
293.7134605655956
62.70026420586739
80.1407882730914
-26.78224201051676
66.80923894654552
57.501856103902725
0.024990704604988423
79.36055027627833
8.538661164966186
79.03325074029397
57.695109824630165
47.697628818696145
48.49382589406241
-73.85338573432182
42.1663536273179
-9.781078011118376
172.22984917768576
51.16055737368832
67.95115089945972
-20.116101302109655
38.88056585720155
113.08202745518793
-55.14147065203633
-75.34538843521841
75.82153885201978
-41.18975427429416
123.01990992663923
70.40415721933027
61.93008636560427
73.2109430426517
76.04566032280945
-30.039724700734347
-13.27391301046314
-178.93592847649342
49.435839908080695
86.2411610500132
160.60620733031942
-9.130659983401271
45.00883379525237
139.217516978023
76.1353134049632
209.28115347243875
-112.76755048104587
104.8814235833247
-58.36060156511979
-1.5596604168979549
-37.45169690634094
64.73509619902006
27.10799574420406
-183.44072269631306
2.414638799824388
58.04004935717694
68.29466223031568
32.438660004557924
25.489807336582174
40.917849821607916
-143.60904309726493
71.83688793419293
-122.4403325234266
144.41003622418384
82.75720960423996
122.53053390257264
103.73891236497366
0.8776940959102504
47.971907405127425
32.73119084918085
4.430684668062594
110.25611805575522
-12.457771348053395
167.80143746235763
144.37012423702345
37.75815391062133
69.48707431254888
27.113259660390668
-65.35411501919043
13.25480526312549
-52.242960731982464
18.262968505232948
11.657597173512862
-0.3355906004984956
55.3752528984578
-65.40391315273064
15.412412886489374
-12.211612739910379
211.4262410220681
-90.97154406600202
98.72027083922694
83.90413788991873
43.73196587831137
116.23385074587691
-80.21676397745841
-12.395570408656468
91.5008976407114
12.907792826204169
-54.059315276881534
-95.30586287442975
143.87141142931205
67.20805839125023
116.83331962605746
21.99096423676815
144.74891144502317
-5.85425620112817
-292.7806789563374
14.018677448300599
157.92833740104834
93.81938675635138
91.09906405105676
81.04255113452791
-197.12100899222423
-306.64291033140853
-16.850934917470113
69.07297063086207
-74.96110418881744
88.62150827857499
127.73463260650351
37.39759258506828
60.216986885230426
49.254385010227644
68.26325257936645
52.30512770764444
96.09233976757605
142.84788082373348
60.82109970780448
-79.51854777479275
32.6352542143742
39.825817496942335
-272.1033371021549
123.2396220472649
17.719419682933285
68.65172871838968
-51.37169329317521
34.96517059775144
-104.5353265013805
-90.7763355947709
-18.005015525214958
36.88055768324972
106.1584258278831
-107.43600094413296
-72.31216581954935
45.65292931863905
20.42603831233555
-39.28511719583594
-285.758727010435
84.49405270678835
65.79247243596637
80.62899564655243
41.31408548625541
71.52810845207145
5.861136140914823
55.09562231596476
91.40057468216037
-27.674556330918413
197.45804204956744
83.08929544862576
-19.548352558799447
20.94818032498276
48.48318994165533
69.3166856270409
191.80723787716806
55.61456712696656
-48.613436442302
-6.093975032938488
-151.34381902467612
32.34322788147199
44.87799972178544
-191.37571311851525
-2.0765957308722136
92.68703487563107
18.87884892982975
-76.62010839160212
-2.0978133869410485
72.18809428016834
44.25426635327986
17.653703258002324
-14.566464369036805
140.6201149540051
21.05999689853479
172.88286404646897
120.29353954123872
71.50276701555873
-165.25229556707473
28.386779134352203
48.51198490116636
83.3412861915624
123.90295361198696
47.84475879101183
-48.30176992683391
-100.50517513306568
78.00198538908307
35.42508163864886
19.48671628221782
25.69250228454439
45.8004162252572
-41.16916160258097
127.33133960093687
6.852269900599814
78.1741459234645
-12.883026054397305
93.50134414644316
81.17802474776408
18.13723455812351
77.06146090252173
40.151095526126284
-38.866887462324485
55.724360123455455
37.04656728791716
21.861167622196717
76.28331255963451
45.557653683181115
-0.16772428233207393
-129.67598134244918
115.52854084489627
78.31426809796199
63.15371545237389
106.82026857880146
-31.548466007742718
-0.1675970409622006
0.687088346860719
175.74949579448685
-2.798197782412716
-275.1321485593844
-14.561579413611877
57.685800251860655
104.50402819649571
-6.816157288064915
-137.31030859911334
-16.629958271184933
-24.283695653106406
73.49619855298442
58.36977923642098
194.06389870265866
123.64270518552405
43.689403005681925
-180.02969495885554
21.14721615492909
-369.08864634230616
53.01662422457187
-17.010798729763664
13.253072890783342
-29.343077214374162
-61.83916178574078
122.58094647504049
26.95941725918192
59.637423720721245
99.06995471807113
69.04908342443741
34.403927055917855
73.08201413198913
31.059734542269346
278.48316334420906
-30.889499788488138
9.849755151096442
13.91531647835997
40.21991373562277
29.120298980539168
8.41750255624414
31.872922260718042
23.848915143096498
-3.388129555279893
-24.886198808334257
78.47254473373687
109.17511358965265
125.6127906531251
-174.6857252967743
-18.393943725184727
58.255065863795906
146.30810314856262
-188.72021174605197
10.044512304729324
-140.10369829303272
-8.461017888874466
73.79271824289732
47.38098811631005
-32.41724059050992
13.432080948543653
84.22158021417886
34.3662568532647
-252.50357927203416
133.97020415592067
41.509019048309845
129.670110738954
-61.89401094521418
-701.9062409383232
67.60131932215427
-20.79758318048289
-72.43788886825337
60.813313137058685
49.44826390548522
36.14420711202638
191.5625975487883
-53.43808033316803
43.34185289938859
171.2383686495932
64.42240065783777
-13.39972673032277
4.456213058636741
239.6498781581413
176.4985967874245
51.67013669147934
-27.14158016203774
24.633117897413427
42.31990510117339
100.26253826930088
-40.61232853408841
-210.41943969029307
19.823562669892876
10.757988462394678
-13.04845476543417
15.064077284492669
196.86168454815288
-8.743421401111117
19.66978244068605
37.22264064062403
36.91997822575169
99.3299822421024
16.813788758527366
-4.2316183919227
62.55592487432568
86.7568070366342
79.58359737579303
-18.40344375703142
-209.5974440443224
-101.44774423671238
26.173584023609376
-31.034531941113073
-21.098181039725837
48.80218301863522
8.756961577641485
103.0803807110097
-30.79602477833396
46.6060039823953
-151.3104801712234
-52.30887882461293
162.40106932197477
96.39331872658431
44.54135492027115
107.22243149474616
34.07578378307103
48.28524276118901
30.58694092637846
2.6998708049943927
108.43556727715986
29.35422214662969
95.66322339765247
65.39191876638222
-29.72278878699808
25.973926290374493
11.583230356035443
134.82584950969976
32.59428502391868
25.214212722076418
61.96948525965405
56.35490888553045
48.312527034874165
62.87276917328984
33.86930073871158
-16.117413249669813
-99.29179313594705
29.32236442985251
98.93402480503573
117.92965923144311
54.089011686796766
-95.96490083241451
18.713392059549488
72.58293801632317
-1.2965306803430643
6.988095158487891
55.882195922696894
-3.19721262494204
-6.631028982384095
-102.66029648033009
144.82248581371869
43.907410244705126
-135.94145360706898
100.2910024217174
124.7354595925708
54.50355916881267
82.47106663428758
211.83068313145486
88.04746092331834
-15.163311512006203
-8.410939392190112
-2.9453156921044865
-0.052640168437736855
22.125092585300514
127.85887668373198
-4.671510459332295
28.49971654765497
48.01417151270641
73.60470620471483
152.08599991049505
119.14319476894661
11.506704900002461
-61.410767456485154
-32.84521704702348
-52.93653513907202
12.376781534525161
42.14485190078383
136.18649043144433
26.536174212701486
19.88694416808692
115.16823421301024
85.46843126231033
-32.23199759827664
42.355074154180215
125.68952016516982
110.80656468041161
67.28327520610134
-59.57955920582481
78.5163413016096
44.56816715634688
-149.1783352532084
129.18425740155953
65.32829402388245
71.99307115303606
-92.2297653688911
-0.29330707877852547
37.09329318453547
37.836909786356955
111.61749922585875
37.479831151717725
389.6810902519819
34.53500090268594
-233.63707443825024
55.431931080370305
252.8896314163935
-214.67951237763464
69.37334265167692
23.956314578667843
47.63114370081472
79.5131509289711
143.94112726606545
-137.06580394085086
5.365994017856312
-57.16849964472158
51.23938599915937
38.763864788961655
110.86372291690691
65.92767641954163
100.42436398303334
81.80122828364105
-128.36070662865723
-267.34027066953786
131.60439207599165
106.99468219878975
23.889650247654572
139.86817684195194
54.33521356029088
-12.002382199530075
44.23111983278784
-26.623615357335893
1.660653454302183
34.26238500808917
88.97961854068814
108.84891158274604
18.882056823727908
-149.4271272863307
47.24592841191338
68.97889529835805
38.041169020723146
84.01823861849596
20.700005779924613
13.773941307657196
59.480793245802175
131.41587955230034
11.844024050479334
68.21086969391638
128.47241375976319
-26.336381635652835
69.1489206694842
114.78554912003574
65.46141637142387
74.09134695119201
71.32814147676345
189.20840269382097
113.79557709091523
66.20059527730841
40.32025254674545
0.9528348940567071
17.685306742760872
29.47081252558824
31.98777012794839
-725.0489904515166
-26.118905050989817
52.44582036835163
116.4596937045535
112.57040260819872
99.82180239594254
64.4822936393416
-79.0851467726884
70.71622481358258
33.828577892936636
66.95267491832533
-61.02147524786388
-27.397519163203967
-17.548286303930126
35.14968919736657
49.90033631864174
-28.76652744651483
-168.60281300766474
61.994662281348155
16.50048490198565
123.68004198208632
-39.04516208068762
40.899190032119975
30.889102844754113
79.13948666844485
88.15958382810959
123.52454391333094
-6.056553228692953
31.540528094060626
17.639497363947978
52.864583186276164
62.548513434255824
-26.242804283645455
-13.64427377119471
0.8794608543782942
135.60444703855774
-255.54147125776427
51.20421886873209
118.11354635767907
121.84970673957673
6.282495560756615
-38.476795582331235
26.538945172551394
20.031697527646866
11.425444472514833
31.861084867069167
140.62037538016352
43.94886034525999
-0.8468766975915116
5.727985656505059
71.54855955482435
60.184022313479545
94.36177501864529
103.19848256499654
-211.19049441409425
-37.018235218902504
112.05333662070541
32.76967881915938
-130.64853362803933
-29.503462351361904
7.737705434171442
-3.177440823637369
54.22710990416658
-53.69755069017674
-11.685014398589374
7.203378803298279
28.536165596974236
32.65631784674929
70.86028861011687
-64.69040371768415
-98.85552622538466
66.8261468243536
-25.671887259156392
-36.909990766552376
71.2010902476706
12.904080415811839
114.59022341303375
7.456916198686031
111.02029333713472
6.058102394210701
27.311515572381836
-4.1472430892070795
3.3942445171139344
12.884811415642437
76.74671170895044
10.061724805825916
101.35296643794595
-3.786903710265813
-71.23745774326608
49.09202602697667
84.33042828478574
25.16834582522891
37.335888921819034
105.89876519444351
-59.98474688178777
116.21587016907552
17.075377154385663
68.41519203501241
68.27238020888285
-2.1354183956989914
113.87947626481105
126.16586123248862
44.79283930094698
-0.5807053513096879
32.87119494890294
30.928172296274248
142.9557175848281
41.87377374119143
109.34360232630343
-21.12598938388225
35.84258204484887
-150.4333297082212
-160.13951543024314
-52.22730917126046
-7.915089921491872
26.334460185777203
33.79404429769997
77.01876626820382
63.5042740730741
56.20663875864258
99.4049840501475
-95.28462084792636
91.73218176584851
168.16077567462708
75.67620510429708
-90.1725929893837
37.110172708438554
36.86784870713055
200.2172874943551
87.94521493131742
-158.01604988858162
-16.618495792721667
-2.517556248830374
77.7740246584251
36.379733517415254
122.28901604758812
14.609122856757494
20.09106650163128
28.15673639005572
33.08237385493305
-37.255584147591435
-41.975455366801725
-78.3602641921666
24.012969840907772
-195.56509734465817
58.133350612402864
94.59028698563134
-103.31947854022474
71.45562265885383
183.67287034862102
16.58426826247883
-44.72926592463591
148.93202038302115
-38.397126592339646
-27.051844750837517
15.73412523142406
-426.9514801106611
69.85810170806252
19.98450359019158
-88.68872421479864
71.6574000023511
24.370091467219822
111.12357307955835
-15.129647068582017
84.49157243132436
113.93588324515531
44.19364274573555
28.58209916651962
15.552912833028138
52.98922119636302
-32.833631107539986
-11.588436292635606
28.965787898082457
-103.44283096894742
34.03205441687018
-32.36145414109069
107.57720346924361
15.171694094329148
55.85510975980287
156.51606611896113
25.785448975431372
110.37168888614087
103.57371934547336
25.461612414667343
14.500458837328097
72.13156814858212
150.87340310000855
54.441271001519
-8.421316315138029
101.64182637432486
43.69694948898612
116.22132266766425
1.5922414615660807
24.418832866561164
104.45305267115373
-278.88463967084124
18.280178055195336
-12.930451630130541
-16.2393542291602
34.5942378007548
34.8233699971488
139.62033562914394
120.08495363331258
-25.277398894710174
39.02882369587418
-293.66349052939313
86.26230771059954
48.64639080655661
-19.022810503814526
59.4972519916717
-54.10907445727288
6.353963644186354
43.16070958086493
-11.637137679131683
50.46819581415522
-31.47755533731966
102.62957922074952
93.55988600421506
68.98180288990707
3.4329831580504826
-153.0411874818028
45.73758625221663
88.91312913299672
3.5808237780518066
-208.13889414831237
58.11006058429835
-10.85587927734161
8.950019852817025
27.72677106760193
-134.29336181832923
20.00143484747271
38.51901653202515
63.89226428058939
-21.13691105040784
-32.39782987806623
31.062906205073887
24.018346066042582
31.677064541405866
28.639469510568407
-13.128374069555928
-17.369945904286133
70.58292703806109
19.467410150074144
-201.88329192468427
136.00949639907662
-55.54821867204784
175.51312021840567
-32.105479167402336
11.361624965366394
48.104981618025874
75.22937645058255
147.2169744067087
43.25051093023609
44.493684068762974
18.636454969597633
118.39078828215679
26.829171108729113
23.83156664558424
169.7186954556828
68.22638965118176
38.663023439625704
-131.18470942111753
175.9081196194179
-193.18563448728673
52.92840249589517
-55.600479218971486
36.83516442797281
7.286279466045721
41.424748587766054
-49.66410204737009
10.274307171761848
2.338721926274219
34.31523071702259
65.34536344542465
-10.913021858437787
21.31177899840143
2.8929333175978424
14.92108670765549
-50.63130097222438
21.485095163075062
28.136407328702663
-126.41134586116823
62.350314655993316
27.487614176306774
21.052541747517807
-223.2792742602669
46.880814034862325
-227.38357263131547
347.82217334802954
76.53201373288448
236.2107499295562
72.78312828521024
212.19828434019792
29.40052468350229
21.589214434052515
-144.9471141924755
15.37974087822625
42.50285983666508
19.95644845661036
-356.87908116765993
127.01579448111056
191.6935862332839
26.56384128434997
38.184634095188784
141.0652224231983
41.72858009109149
52.72051217202654
77.0135541105085
95.03588919721778
-140.2920514200241
71.11583232187695
47.18757714435071
87.21261505007715
57.21625229626761
119.34730388448133
-665.0952026319983
39.01928417988657
-9.99322441025948
-16.342545341222678
81.0906834256366
-16.37593438292606
114.42364130977876
49.266211656743735
48.65024504748237
-32.359404609995195
151.16804074875563
57.66183256710063
53.074346860904946
93.17172113541619
10.632295018635887
25.144352596495082
-72.68189791753775
3.4858261416803757
15.881279204800894
61.8881917304318
12.547661319808867
74.2199778281688
14.57991864695714
36.46975892874434
92.40416032555822
57.93836582274946
63.845238700940726
34.53880006439249
7.624079335324495
18.83413740760887
72.32086407446775
54.92269624875013
-2.758340860989847
53.556305743833946
-190.7007298168428
29.027097798005343
-25.03123485611195
19.87577849739342
103.05028879840802
-13.241564139943172
-10.500202526253332
-96.75499206566292
-43.54968751907518
37.60963146342164
-78.37238475880031
82.51524349497782
14.482586584948486
91.72870651917901
-43.955966260239165
98.56676047428095
117.21370185270825
15.213850022285442
203.88510785353128
68.06696241912073
26.34791761100302
69.69945920200104
-1.4545763621135848
67.18671764697967
231.05378118930457
-236.06884969425255
13.590161956122115
-33.43910520726058
-36.59096783422024
52.745711666338366
-47.94416564080939
68.51882813753873
-34.04582815678077
19.60954608376213
-92.26611368526756
39.86282299362438
13.648436367972042
27.750389427805658
146.45392795061844
-45.04529995174289
9.984192307797912
31.440216891297943
26.93779766502712
57.95474868597512
-96.47106604425153
103.50889739411468
-27.72901336829625
5.899438212904897
-0.46990368130664706
31.3720391228905
123.64590518118848
56.94494788704642
19.374086450999485
125.64305947434787
178.17020315247782
46.57330025397556
112.71763834050807
132.34277203922852
-90.86140027577949
-34.54532985471343
47.771424604255316
75.77753705995633
96.68642203574836
-95.83130113404331
-49.99485462597363
70.92466056244984
173.69561395024266
41.855226166957465
27.19227662515032
63.22203482374516
-186.98509550267772
1.4966843402869472
20.807622627913517
31.196139714269837
-906.0635967525262
-41.49042165576748
-60.58114498908935
-14.533264446997578
15.878976549481195
-174.94547979828576
68.17094506326646
-57.8766641885033
61.791724092583195
-8.866504315060865
74.45419581089698
123.09580484777507
-0.049178369148648926
138.08379082205283
26.150784627600913
23.174566929071716
42.213916496648835
6.368248247442606
-122.05954154945994
-82.3570118204434
-65.26620807646395
-200.07782985551603
-1035.7029131288573
169.07801923648594
5.67432300178637
10.081331149206562
65.87462715491796
-1.222982295636939
-65.5209524051943
-54.06692962492995
-55.72369139647441
-84.09684714429659
-19.210450437800773
133.0209028929621
60.89376597470624
66.53994145776562
-20.468101179186004
37.28656083017586
24.57657916189737
97.89417644201149
101.16652518987121
102.3313708795672
-19.994159745320644
10.364849350949235
37.935286357534665
71.88693621187937
-22.21213599130715
75.78326129247114
32.831435479332
23.210972904355586
-0.27196894125741444
-168.5324435937091
145.58358269666928
30.257469664384402
39.780791135352615
134.15872350331892
-271.4424449203084
0.8794134629298114
-60.02954968950678
16.168675982069253
17.073387886926128
40.49590887865603
194.7911775694156
183.80037476259668
59.8244786111768
43.86551088140777
128.40205012929982
38.6689648631268
55.58308447426887
-56.79549957434938
109.1964185678994
139.961683833091
61.936646278611896
21.205126993766953
-178.27111794167013
-40.80739494258614
92.82493918714545
71.44718441994115
-18.48462238550792
6.2367009665172395
45.512426022737316
-1.8560412004080387
57.01784072908663
24.455804025898946
-379.6874777225048
-5.195081870044205
45.12704052366723
19.493664607557136
8.271866750680356
24.265481548072955
31.113399241573006
11.091528164666471
212.9778162232583
53.98172022212724
48.01388698236428
52.998602208837156
66.75800720632596
-89.39875663074872
31.823458590042037
-141.04680271393093
168.97427177376176
-6.096762489826052
-10.058197694999258
-80.00659893873035
-0.5133402472747548
19.899493165205573
132.80485394632024
209.80823898831113
-95.29092449842483
-75.82642139778272
-123.44723095504378
48.73667817392618
64.23444515551
47.14080598461918
92.23958734982762
28.308658377488882
53.717170951023036
68.39630351901968
-24.19567739763761
-31.40940598684873
66.04975807143336
41.79141077999036
-208.20738438071749
48.13592261633414
5.213010683677625
-36.713375967225645
41.23546549417715
-140.81434697710347
227.27508854596454
47.88736181641411
23.609364398182056
51.93323899887946
58.986326516283896
15.080283933384347
75.30099881179075
43.07152050870916
43.792524238119135
139.10208922183892
59.58343375475509
-53.668903927890824
105.22389510964314
9.172798752031667
101.88876851806117
29.786495479682966
48.284655117292914
3.9569065912505623
-8.435083263799243
-107.53310544907436
18.32335194567658
-53.44332961783675
159.26446202211446
122.70293678928215
25.462797220639004
-218.63287095781197
49.63672164935103
64.579403836668
-350.0369264851988
-46.77085033543108
-138.76176040821974
66.14250813344022
36.15054128710697
-58.78213207862973
-131.41958603228022
4.598454405057681
-258.6391170474608
36.32694338892943
13.072325711613813
176.86886149771408
98.17981499581106
33.606106171548305
-6.123475927055097
16.13714305523156
108.76717692496112
87.77530626073158
152.02682307687337
30.395357468029033
-153.53376324441024
48.452486477825914
113.25218025988443
169.7432121278771
86.13132190763508
46.718892802682376
-95.53216617813541
-103.96239473290234
-53.31655083434151
1.4851739992224111
35.968706860082875
90.4456067995381
260.8560541837278
60.477000932297045
48.044595087637866
-32.82989874321276
35.66349399084163
8.08857805750722
-37.9355487286694
77.72628332622207
-34.14323575415646
3.9030643014009456
19.371515827372043
79.07976248585416
27.18011512285405
-42.54030896103677
-45.00360584347072
-336.1664041078111
-112.72396110217869
151.85154695209985
105.09138314694815
5.229687962290058
-43.60574771306466
-11.683475049039858
207.26893755612673
28.944815495569326
-37.022287712180514
16.36000144043319
24.973750138504606
-69.3031159478778
41.17355805143279
137.10774613816875
44.80854507814806
41.12906133931162
42.40655364984299
205.82041871529373
66.15818483407111
161.17193874199575
250.03401637726256
21.11939089187156
57.97253284246244
-99.72217683253257
62.37950403901368
43.01166359358427
77.47611195719026
45.65268020808471
-55.57835366690074
97.44146704595596
42.02988626111929
58.794143085533506
65.50266985892596
22.025022427843297
37.04292782751017
-25.183364143822384
-10.53168962388267
-76.48582052731469
149.65812283363266
78.92708786590117
65.46645690559626
22.569469964627842
42.07895801172284
-25.866123777120254
26.242117857742002
-30.762102481284238
115.97739889647437
-23.008273958526274
21.083126608662496
98.26165971627472
-162.3571600360142
10.608920847193076
35.09870747177915
41.19107519433645
29.436130203354605
127.42581348631415
-19.02076280147503
101.15305701249508
109.55356116230217
-77.46759599832423
108.87927584314366
20.572473127404827
39.470153386884334
-211.01650151555532
81.48402129386477
83.1174816620478
54.79134450938699
-46.75991820267154
60.18195142911543
-107.42260594909976
-48.39709576273265
-35.99870523267797
28.887780672960716
-168.83993286246732
94.68390537888581
55.29703845979293
-63.427771354936795
-98.94777154296467
-18.003274870278933
4.8104172826196505
-19.852128681151388
48.91101399144584
82.26644897804738
107.97629402195525
63.355776865249936
102.03259929925912
101.7484516910555
229.90532439464187
-45.256090909259456
-157.4720264732125
40.345877727177474
-302.89766541617655
123.53495925182091
97.52808770587399
-31.33122236515307
47.11625467712685
28.14958041167912
149.15853343137314
-67.32800052434784
95.39122660960217
127.60300583813205
118.63660944116941
110.33343667218412
24.805077414295283
59.52551449255766
-232.19609064198994
17.149301185157128
-1.9903552243562632
19.014822350346943
12.818288621474508
-175.10224865468263
39.85085730853734
-17.469418932780687
30.75738093171674
58.925367383353205
24.431143295036073
122.54905655010452
212.85123545845227
54.489794070821716
-208.27575028603133
2.3872291661511897
-113.70234061396968
-37.62957715864468
28.052296432652952
-24.4830633408571
20.860766042799128
22.483520040505017
120.69664763473065
-63.701636709211016
94.44914841813534
84.38609565351453
62.40380504573069
142.31154506513485
-23.234114790268904
-41.27500449917677
-71.91446005083617
50.84572530191815
-60.53224811932523
131.37386559997094
-64.41139594056449
97.13129835095833
184.36440371948356
50.35211492170902
18.480556535156538
-9.36879866238286
25.15713048811813
13.60545038396458
28.50121253189677
114.12283653524673
-210.45238955748937
-163.71153429809056
-109.72695771333247
47.92678141060816
5.6504442786970825
46.57685573360753
30.349663320857474
47.83468588319465
-740.8065161421626
104.50281373217314
78.46240217629884
150.63981622617212
158.73839535307388
45.28427922962646
33.614264684575545
19.84279286270612
7.702588460560037
12.48541524098022
13.319658038015202
29.18814768972379
70.4269019225409
-9.752070782305223
13.92305314084946
-1.974835951400201
58.28586837900355
16.865781967569102
-15.748241723331914
139.58288458809102
50.74229205911158
-11.615143195583766
93.53087811782859
71.88484818948837
96.45381914876316
19.13384875611709
38.05063811875607
41.73706455930096
23.116724773818582
109.35136046232674
41.082254646737496
19.804712428661105
33.04332731740283
-76.23703707376171
23.13857410415703
54.7684159173283
130.15331462663335
-200.40504012911924
-69.00371299250764
82.25738113590293
54.163117494756655
44.07215533101481
-141.60941421047983
81.82139028625215
14.862937564417052
17.090499803742958
5.13422486141053
53.411116013027595
17.771614530052553
47.20632605154111
-2.849929780502862
0.5431453952381742
48.496319511528554
79.72294627533074
57.13575675404718
74.92237054509496
-520.345962042511
37.07222954183951
2.1651775601052727
79.10376590227594
-98.90143677242122
162.5412519501533
-118.63902730605653
-15.811537394229617
-24.79348646465769
26.493197685724112
61.51549618678668
-189.49625256278068
94.05454035409207
-157.27737657743228
61.393166643209724
-88.8787649154483
88.48458744593836
-0.11383036110737521
77.34422649557303
93.74181060758337
-144.6171578055061
89.13351452188817
55.036965977452155
29.95735447012521
-159.7048355758725
18.65187373379297
-103.38281190316957
112.06583740879114
149.34520172298699
120.19183697369817
96.15032662774684
6.151465904454199
121.81531954457819
20.043875463196414
23.58867471046533
-12.443180864694114
33.221496293029126
105.36583480185186
-5.847489326387145
-274.562609161655
120.35759235342698
-230.13859423133863
-99.59398113175575
-26.21482354153204
32.55785117334755
48.531076987898814
53.94197064046074
-15.768791245424966
77.22328281010925
12.644190167721755
-15.291223666894574
100.696142721662
80.93643289809575
64.39013645653449
-109.51823200210515
53.03864006496815
56.825769264297946
-121.81959672157473
37.05003802966945
16.75923314657336
0.1939245749136198
43.52812831638721
51.08397932929674
2.2778831473219725
21.076338616739662
165.89915491029024
54.57866619887511
43.19332058676156
55.3400259870491
-56.93622039206011
142.22163456159433
8.630043779466547
58.961675302405524
102.03019544324184
181.9166374574461
42.42263093349359
24.582218715045087
69.43933490604407
20.259496903685886
64.70021940376549
48.50288663728992
58.10402899663404
91.5154128110025
60.370522575206735
107.10960382821236
40.84083507626656
-222.74007818593327
-10.38569719951738
54.709798958416656
-152.43104249323824
36.73156325212203
75.34311041398587
30.11935868172623
187.1683911816108
271.11370117408933
70.30126626889898
153.3937203007722
-25.706021366980167
151.16900482688197
31.090363943823775
21.478084123748825
-132.74688576896915
30.662518192534492
-50.7027475841719
4.6583605053783685
-16.250049433749446
18.446488527257046
-16.30538939688708
95.15429224342142
107.23730530660941
-20.306131525819183
-83.3043344994112
-49.54125704771286
11.338470049507366
63.867937769212986
118.71199378200458
38.917298607677566
-707.9583746309945
-250.7855305321741
-70.60950038994997
-32.60359391433656
-27.514361669799655
2.7990102358144213
-174.0296958657732
134.2994870509583
53.215087863079276
-4.620488017251703
113.43749759797038
179.3031239144841
2.4273094106274584
-893.4108399263403
-15.938635172809887
51.55825562057594
49.40853916699007
-273.2612086686886
15.62476220343115
-114.13581245881096
-118.83810031884832
-21.549812311219284
171.32379834963012
17.55679366788013
-16.470012936476905
100.66012982653251
104.91904581467588
8.036265100613374
121.61234886187185
60.57583364453212
206.58320977275935
50.31181349247345
39.15451585092302
53.54144600054815
36.85710868570039
50.80551121662438
89.12266834465376
57.955859781562935
116.27013645810348
34.133171085366484
2.2813755839608802
8.06925537100733
21.466138611773342
-144.82365367163084
2.138506119945532
43.27510249501537
25.626935155887907
59.02484084037957
127.9690810263678
219.23191773412282
-187.04814913983455
79.33138854865115
-71.48346277544837
105.51481647006585
59.90948701460536
18.33431185584277
31.692920313457655
92.65431559089905
30.798833109278917
47.8267076954058
26.778933281405443
19.173715059451908
31.833350163696196
172.0743475135323
75.400380161268
81.93930929880997
20.18062466136807
88.14647652189478
26.80110772406656
6.279874164094842
50.340563798818664
-4.691050364904574
-17.520167883176327
154.5369802012508
-123.83255878996852
28.31071356682981
58.485457190990296
15.634937724034899
-25.27514220371709
75.91811631882688
-53.313785603605616
46.63798296250644
118.70239861995606
-167.66306706541855
46.70616311017875
43.88089052894384
-87.05792263534067
9.480757398719973
16.316762572389873
-22.306266000771245
23.87630291664516
80.87851326630516
60.67493718689742
96.24271619559045
114.40800032358175
11.572031564334228
-610.1690779988149
124.28595416374787
10.258468871818058
21.292480132947574
4.536759631920653
67.87026925446861
0.11461124157267477
23.415919566015393
60.92323329101367
-2.5469859088411795
74.5915298976513
272.29807236677334
36.533416470772636
-93.13070293815235
118.2599411017793
35.337006853549155
26.099856132339482
275.0363181211237
36.92429725774279
36.72054802186237
25.180749174174935
-29.41861396236243
13.656414621236621
93.50952814050538
165.21227646938587
-98.65775246780504
-45.2357308005713
74.3920658601703
152.61366795077492
48.72554555455048
-101.93873374882241
-8.423851427200102
37.142286234439986
98.41693450496552
24.444444854008594
-0.8287439973152024
32.769259164666124
-17.862793382758575
88.90656700806221
62.34815829029549
-102.11705912139311
124.8712139581719
188.63137085986205
22.513981858700756
185.359607431109
76.55576059693885
45.53156259935986
55.26372857564917
-7.645098552464333
-35.97987102181014
-12.017112446675128
80.90858499427395
22.56208945378953
-45.44718413807368
-74.51887634208666
31.59729550321117
125.30739109255273
-12.741048738829031
89.55709425739713
-125.82938207037569
-8.644187905369861
122.77587133271243
46.91267377075155
18.25884084675799
79.3436797962093
-186.67751953669722
-606.3237742614327
-13.084121427336411
116.09532736993697
173.69851012083382
144.3556159147638
50.23080953504132
10.84682601190735
-21.742129807468437
9.591268390610736
42.44001394488123
-22.51289073822761
112.19042856870351
18.146916154166032
-4.220851084640082
-172.95254815940916
233.98408481937759
77.6394432860922
-183.78914721088404
120.40883056813982
100.29659335107453
-345.3361911879838
10.931821087436788
24.490436580944625
2.0743870415019288
124.2297543697141
25.540624088786103
-338.1221685263081
-208.57646339714393
120.06447881290615
31.59882756709476
34.65729436104565
-185.2878681412276
41.235499170248886
131.22848597924167
-11.671640562865973
9.50379342163226
18.19108603040315
3.326329357089435
57.435225913154
-96.41849200570414
31.34545108908651
50.10897427127334
-18.031276596884855
28.484048393768717
-2.809790022423262
31.243087347633878
88.83660309334141
37.48516896298679
60.22347716721811
12.915731736180526
98.3553911124855
63.24445533306493
51.60140886012482
115.67948689963805
-75.13313410765431
-33.084108800993015
85.66855598294478
73.13959699720567
-2.5421924457846217
-115.15834554332378
68.96092746784257
21.26931871757243
-6.77318290313273
-12.014124290446578
34.02728486565205
121.23639832548565
-120.70187541303864
56.59057207436854
26.476213558472754
86.49967916630351
-60.352388023816246
58.7639530849096
25.43495879743614
14.589463273206547
-14.836906512972746
21.12565755419271
-45.62528321922681
89.33710530529152
132.62837727722035
130.31297005960255
25.578497242552885
43.80913680570404
-3.003231450545183
15.758041948432673
138.5150827370653
7.779885746702564
86.60897612870986
-111.12866750528792
70.68366161051927
60.59416233447339
46.75406586596273
-250.6646071440091
41.88773476034826
-89.39732886476031
56.47109791844059
5.98459669007535
22.10475283836746
-7.991159862204768
53.900026806541064
-77.48844589787268
87.63628797903925
39.31330209754009
-304.62228976913093
214.42402612438764
79.32686339884108
52.2169649614558
18.8941841047236
164.60402807014316
39.244963348125566
177.7308357509296
-1.297693380905045
94.04990623164184
-21.94971530401034
119.04648240392316
-13.641218042964965
-23.021570065195647
123.52382549478261
51.31203751533971
-29.482312261756523
110.71642610688718
-115.597268483491
89.86813683134949
-10.717450777629615
224.0261046415435
52.48035604255347
-739.4098967484751
126.83866361460514
-181.06030263874356
36.23473826106465
47.637116543075926
-25.33926030518731
-0.45605741416238743
-16.294795691771338
54.47354046631584
-67.82116318737735
130.5886004230183
9.77069738012051
-88.29870885602122
37.70429891165077
167.16485309942436
29.940784178113297
-169.08529867940706
110.20851767863178
42.87326797152646
-19.624210628416076
-7.679162018790165
60.228612792246196
68.16525904398918
4.4570613120465525
25.185334263356207
33.96239018776305
41.541652673296994
-30.901656089491553
91.63631928153438
19.37194678185825
72.55598642925975
104.19831071165845
40.45599803872665
-8.738459849007995
-453.3896702521606
-103.22140316476998
68.2964906073621
12.233731720094056
3.181023289664381
75.09788102621224
6.369267763507651
-51.227228113496494
8.46505339081898
-0.9314016935301924
-8.55727667503016
75.62710687327535
93.69801704926658
306.8931541557995
-25.818848062323013
120.01784913933625
10.025290372364354
35.380313556823225
22.780622686387655
47.246185708115945
181.5602520343241
119.78264044288153
-19.76834211152136
-82.09697380937541
-95.86567613160423
16.91170179668469
71.66866135427608
35.752410070702254
59.63625682991119
-378.5521022221492
58.28414019251704
3.607882006099777
25.77950398754545
35.93471278637302
-849.5493744549384
147.93127581036515
-139.72585114583626
88.7368253982504
53.91295947176474
72.69543296819484
82.86315535691983
-47.04884728287677
59.61994232668505
36.903193068716554
116.02183011149418
176.36371910583648
18.169141954069005
30.470585837844908
92.09086794415475
-29.409219788354676
47.642703990302834
162.90047110788373
-61.89237689487936
-37.418541095266846
66.76935324638478
-322.6010216850929
-85.65585561673242
28.43802212221061
106.59115300686972
21.11812597243687
109.563765912294
-55.16796175469244
-134.7488311126176
36.06944762980274
-3.710870415911586
95.75263220717079
-50.296785454416295
9.608984512724302
-54.29477825423206
51.60894182043057
69.00794604665742
142.94817046014168
-68.95698410599698
122.27949779210235
-103.49938652874062
150.55182104224514
-10.939959258578218
48.733163432599895
5.751025778676905
35.84476796697231
60.583345902859946
20.559716334026305
-78.99333010787814
124.51003754576504
-112.99834163375817
83.06236744706985
11.063278943436615
4.279641287478896
-0.27148091641299743
30.191637299138076
99.25057405691223
22.85350610110872
95.80547198375598
14.883117450630607
52.712260453593245
116.5936999415353
118.09445138482943
-36.39316907598777
164.15007511243584
112.86703167308303
55.63363520914254
-18.709024321063772
59.72979584551958
-72.62779529453883
64.78271048368958
12.95544600071995
23.01547975695753
50.37137371693423
44.94642186341207
-22.449932903029197
51.35725295324664
-37.1943600713069
38.74435861441579
16.030476891809485
11.181439233700758
35.13016817442349
20.390616870778103
100.27330432539401
-961.4239475957663
154.2253474857821
136.21526056139442
-2.0540360327150324
3.3287840014055803
63.6702300959156
115.53115189866094
-236.67842159711927
103.9301739767593
70.73097607740208
62.02940830983289
27.770581061462053
39.86395252372682
25.485913491678524
40.694336071673376
-76.86343676153683
79.07022080274146
-90.34469351202415
55.20178852916992
13.01006136687647
42.57481100071117
11.19597305473502
-6.230226129231436
88.13674064380507
0.9374263995788435
-18.858874279503027
120.83271036429733
37.566772073630965
171.5024741335278
12.664730910430508
-5.88105037697332
77.65315869812463
-0.4007257095979853
34.598383857876826
-19.18191158994272
96.85219484318668
60.836456088779215
-117.80271356516278
-465.3606932482853
89.51165512330181
74.76048835360325
140.33725579266866
-1046.8295135253327
-81.76777546271569
155.81611991779073
99.95335772087128
5.722762957304316
210.81822871774193
23.525893330561985
206.33896162776546
28.18703362017668
10.00402116355971
-7.061997293510558
33.99871248838143
-807.5129048466706
-78.81295858304247
55.960997520776516
60.76591796069533
-14.994073626570396
22.286148513771767
79.49491383106033
-90.6325474255994
120.88823532111974
-140.2044516577089
64.20619431089585
64.90710677746426
3.9820586046560553
99.06951159977453
47.86536548922013
-32.68658585390904
56.48641332235721
-252.26786017953054
43.15094877937199
168.30848187714628
59.67452969414762
12.260664497333561
67.58977849646408
120.39135833064574
113.53336892199786
110.93878314016183
115.70644853214117
56.58130578302356
-105.52163763703174
28.91104356404645
21.37258587173119
-77.56836091851937
32.38923940485029
-162.44827266761513
68.65829515013895
109.80580717706607
22.75428882936984
50.73880098276095
-56.934786854704726
-70.60335838009132
-856.5765526699228
24.256085003849993
18.57622544420201
33.39946337714537
31.292126943495703
174.75855937112965
63.98522531257095
-66.29548918032287
62.22051954195365
28.308980668986862
0.015589430254294712
41.22825548184967
54.635731864710195
77.18663083989213
13.316245520348922
246.82624489689806
-50.69091342783213
-582.1362800709339
87.30445533122304
176.9557405070086
23.125030899890135
33.7509973302142
-35.70261640198805
-5.348252651333377
-2.130661670287168
-3.9023972698103377
43.434672801120485
25.255057582586183
80.88930091264046
97.04471834440074
9.630211993478186
33.193970855883435
18.359180708628756
-15.572012088597216
-1.912379810797054
51.257738152203274
136.62924399980147
59.78719922393134
0.9867306978563011
-10.109417601262066
47.9950365466957
65.37075293214167
38.6574653446599
104.54097251720304
93.80790011917543
50.64276363781469
14.722559292766448
13.513837028890395
-16.466228515709926
-69.32367114932913
-81.9249405075052
36.07968518799106
-352.50959235653175
-0.2709253227330919
132.7144751136782
134.86567870855924
85.1661314329699
-55.65007472542584
104.72862679590753
-50.07911771442241
44.47860064360634
-22.57082311308913
81.47385382448863
-246.85871720074556
-38.641530106138816
98.44964135199052
134.5919495637213
78.53878783274979
54.454874214945455
34.17139971269213
89.44121333427347
41.55318563574891
109.2278788607814
346.80600115032667
98.41350312489567
-127.22859993106567
-129.94267620393566
-824.0795114899238
-37.27595676887995
79.06061707293748
-52.53999146707048
56.18046788178654
-35.29828715186159
90.69420459528135
55.57744082785072
43.36255822818839
-47.216808351642385
30.919184865441594
-4.407347454341107
27.676190168813832
5.838046427267727
109.96697122391879
-6.356958911770009
-59.50992121724494
1.5121289463585712
42.487164806169574
5.497216520286202
-12.678843433506927
56.888574974657445
70.24972663314082
-228.5847774026979
-217.63900935714082
21.077322841807074
-52.01829637500123
67.91822536420545
-79.34428333144382
26.11234139415519
140.6140822553898
32.52986227525964
-16.28434463179565
46.48756732034235
100.34299252441042
10.538582308492176
103.41184216827742
-8.367833337642878
-15.182395592468701
-19.122300181598035
101.06198055498703
93.23012616453093
38.24270205365764
48.03253589283096
126.60753014384272
-88.28683974636897
160.7903525933384
171.08527290426218
-20.024667272045008
110.82430882107201
60.861062496469
24.897628367017624
151.77099362709578
13.326525579146164
39.19384276914044
15.353465792655113
-1115.266796532598
103.04162506018884
-13.763397447592498
-141.24888094064045
-191.0885789295162
-67.25562139203976
-233.85594623179577
139.7864423870069
17.86484352391909
58.354838937722235
75.71955080943553
-5.899147353971452
76.8062218653995
60.80884275612124
131.02996000592066
90.35749242524253
146.15713610153125
-149.16467697561166
-129.80813429421323
-5.599454918912723
90.9917017792925
-64.90490680159292
8.221529196674485
50.940733805147374
-28.883075197132875
17.853367443044824
101.24104673849604
140.91248323858872
-223.29951122804596
21.11958301213491
-176.55014034821488
14.973056290405596
-5.183742989900111
26.7077803518065
56.251460973907655
67.84615019348166
-14.668443984032004
40.444078561643714
69.89471076010005
-62.8234787648848
-74.24792136959877
0.7657360246797164
65.98195287937881
23.386105032305444
27.232660683060658
10.839148339556687
152.37334554400877
69.01910244346351
47.82448638752896
94.08309424183517
16.635355547838607
18.220649018515815
48.345107720747365
23.349584893056313
61.78233216488371
19.926625950583762
1.059952744840757
81.88319457076511
14.335318234640946
58.773298026268634
41.632422946220316
115.27941998151209
66.24787478143176
-167.34054006655515
31.876274010487535
49.51425420472242
-175.93875409323664
10.430260358950363
119.4675661294632
46.707089274582565
-38.0725634353812
31.70388388100874
26.381880689893933
13.332282077631827
17.41088601236379
43.628091493755164
42.16578378733357
123.9951771684664
17.767523822478324
116.069925060576
25.523593276411475
40.08857399765454
12.254573758643371
-21.369888000516767
110.26777216770165
29.41195701813467
-7.005395766995062
53.51219670484251
0.06974305939321858
-16.583660687924578
-2.326394017974078
139.92216634156057
0.17473203013696548
110.73744434986486
5.697724003819076
31.0252353938556
-59.88662630912859
-26.081512331411844
-4.6018556450580945
60.0257809126139
47.072546670638076
-109.58624899820825
-123.19345610324308
-16.55401906329932
47.68086262414593
37.76623297234437
12.016945758986168
121.54567241318
30.456505059483693
-17.713941708428383
165.32053496200888
61.8147171452959
-323.42067360821966
91.56940465492517
-239.8583933425516
80.43038824830995
80.7384552560818
88.51171276412484
50.196815020343735
57.7865924672011
200.9890496204498
18.3956952837234
-31.101755288710887
49.54757187661161
5.648701273830426
-737.1237739572844
48.94266441292737
-9.990357000036965
16.052866937688577
96.77586190685952
10.323427848046322
33.88206102364791
48.36663505903823
91.3088897179041
33.105868029291855
132.11054161765014
72.7261911194121
210.38385021066983
-28.197467436724764
-53.88451670211953
111.54341077197932
1.386142009293823
-517.9869542886806
28.858494543964493
117.31611876467332
-112.2072445253184
-196.10645981340986
127.4435257597479
52.59388287654656
65.21509378125359
13.01056058553825
36.23590083355123
-76.06634753860544
20.3129158307095
-249.22863159785447
15.057801056960612
-498.5029193090603
66.96209665149667
34.41586962718566
58.75021843088598
-130.68012586470195
104.0291608952848
112.27890398656041
13.625229607522641
17.019239017526527
97.41216746818071
-16.25296793711593
133.5741746071999
88.23924945926456
44.94781647131185
-64.21740816127533
-18.471532544475462
-69.73931694300063
107.94546403436425
60.827997387476444
21.19229563257295
-33.53527499936518
12.983508911102946
27.745935304073964
-24.745064222922792
-80.7111334108954
83.83577243149102
42.739291757217416
25.833771193087312
33.131368266049975
35.62434241869869
49.97116510077126
33.55945710380435
61.64991938809817
67.41227585890356
59.897480308777794
-249.76365244587305
68.48740886728717
89.94190109972442
-6.136270685505565
12.242956517475571
28.72600636329844
125.85049413366596
-67.46384645057606
64.72131091590427
-6.481037711162936
95.50354967960038
97.0156833515939
127.26690123269054
4.152504679316836
-200.76606988049843
29.419066274744765
117.71797227354273
225.14634247466256
69.19773294321658
97.00154907841397
5.485059597192503
15.246517927428158
27.718295292698656
19.72480192501506
0.561141427436981
35.35432104684969
91.12930773498101
12.292472619890535
198.64513440936298
17.04798275895321
6.106234752751334
-121.70384836375024
-176.38321949080637
19.702723052174385
-56.79232306579661
193.1029806028082
-14.54638616457396
31.962776177340615
-132.07292540257913
145.6460479465436
-199.1856152622895
-88.53317155401237
89.67832091138251
-4.815580317419805
16.661292511720603
92.27265587236263
68.23920218043574
-165.0257039850353
-80.43119991692129
86.02801357837598
191.88925987793027
41.39382992798099
-25.053457532444508
158.80136658378342
-18.212187862524843
141.7480951906207
33.03323636811928
-24.90715944550925
-59.52801765874688
65.05462171163792
87.26992573956556
166.387775727399
55.67010742773732
-136.77035293170138
-36.61643781118619
67.95942737560654
-30.301119011006904
127.10472357158324
-26.38144733442729
79.76800538336147
-197.73772228836378
67.57509870236322
34.689071088808255
-23.011243160049418
-21.023434190384734
87.25007562760493
-216.06959151084948
23.401186729309757
34.995723942353976
35.06164055903976
80.3637903859011
-38.384098298306526
36.19666954562711
103.0171636756786
-25.26902288783099
-178.61526855632928
70.9529767962963
-1.7386023178616055
42.711627541225354
15.87713100401587
-235.56007850246078
-44.95364618024769
2.8807975050800363
27.826855250015335
-51.00604092264703
157.14768580079044
100.04060296072134
-29.323994647194013
41.891088419895645
6.311567119428233
71.51347622539636
-0.9219891620423136
85.3005311077944
78.06044428429689
91.3674729638592
-467.38536600256066
60.30352642853495
-35.95655640026963
9.70120340035091
-9.108561022341062
14.776454306236227
-28.746715227498505
-44.919110435904415
41.187336860537016
16.43760082890134
11.598083284958536
49.25121317191406
7.4408596408834455
-3.4550447670283604
48.92168124652835
13.526396561756428
-165.8337130281534
50.08708071906133
5.164196871913071
115.38117872029488
-72.0885987945303
96.08452262181754
-14.615281228208914
-121.77431551820655
5.206347178067702
3.8468546807122332
71.98624409609738
27.808925737863774
57.59053193756802
-26.55982823460954
56.61263286783333
-12.909284264213667
67.63550526230614
32.00029459573721
-4.619225472415547
50.66197509490473
26.89805327656478
21.59793405949624
127.03487128241386
9.805494309421366
5.2292142935370975
57.096504875112004
-54.522687528173265
22.70545521313102
-116.2795045731541
1.1127271829777214
-146.71861104903837
37.409546851145365
152.16450449701483
21.052340253013714
3.0000759909999033
64.61886338097906
96.62830340759484
32.600221251463104
-5.131912731108059
10.111586525740604
3.469082436316512
96.39885217970505
-46.28138402086552
7.3912544035065935
173.51998205196196
40.73800363238476
56.33322928179736
2.2223391001553523
92.458568003952
261.3674974527112
39.91008287635732
10.922667462593267
90.39823123970746
-36.70587090892241
89.91830798973524
91.94815636999215
-2.0539189269577802
6.409566138836131
68.7236402055023
-43.346792756258765
98.30440963570982
-55.48220037143958
56.13478333203746
12.745331794341121
185.14931837066183
172.47483964997855
-101.40336021048734
18.296195499237022
189.6080198544255
23.20331833025557
-26.00786516419842
44.47515732369311
-36.754075389078025
-342.9242090054413
-35.838445417141884
82.37820859299092
8.154449256735067
26.90876319714517
-37.14389150747138
-64.1951111761091
166.4653471811771
28.44403837180593
-6.99416751834805
44.926170833261125
24.64521506054998
-9.515893487070802
103.35381408329408
-58.95388049434223
39.05541283828773
17.194471870728194
-79.93637992746153
10.560426156856465
-42.38544414929322
105.70752147898543
95.07174138540381
-10.36048436827294
-22.861613931755073
174.79238356701399
62.86940825269129
114.16471957842987
-97.55657185555356
92.11068058713727
-127.39409524515122
-176.37950846285366
34.18702948151383
118.28410165715195
-46.497138591297244
40.12420471009693
-7.920832009021865
-146.44594383898993
2.095788160195277
196.40040991680212
-144.80092641969713
44.038211820850435
270.68672304329175
139.75304833630526
80.14815961444492
152.19597376803313
152.61080090487417
44.387296879942994
-4.839019429166456
-86.05309995010862
-362.9103652205531
142.4829527442389
87.2002759651964
43.16192715810901
18.73127776566369
52.89696364097699
4.421291315696115
5.189271141670049
129.44270571764446
52.02581245461488
100.7410375797773
55.017754663041615
-3.4394454926036815
83.64155947828795
36.401688404333875
88.57685494609541
15.01945471963586
95.95987499342573
32.73665565502216
3.6672598876733637
65.01142917005706
-187.13396988461227
-31.09149595618055
55.660203807488045
56.957489014722796
89.37644863625565
-208.1643957241622
23.503590719156666
24.37037879215768
-101.76567903067962
-2.455277172592329
33.05619805844587
55.650985441671196
7.820795902019199
51.852080863907304
41.54032293328491
53.63173506660587
-176.0517359976684
55.26097660604955
-427.4912156559394
0.8259250759342649
50.07699222326187
-171.3553929931445
-26.349110991837584
9.546198420219028
46.79115559743016
56.966591698922194
-37.649784737277514
10.650773333705775
41.07028352802564
-7.6343971856863035
58.98410307259678
65.4042885800809
-41.476141566871775
-11.943774273285044
94.85955012386353
27.4857881860961
63.08319913712987
105.39737259135381
-54.08372227967617
97.95938835810011
36.503292783790215
50.26023968531183
-63.812396487889146
31.231680194595242
25.953574161202646
-1.344191224121822
2.9971577759833963
70.6172096223338
46.978021276645556
6.432136907892846
-56.05807829443564
-98.89414685430211
-31.687709292770705
40.04398863923416
-122.62231648539273
157.2175275233849
-83.62206299907984
-220.205113920465
42.89415604979058
130.45240943805607
-78.20211974794756
86.73981254890543
-31.46595118836558
159.67661873133238
117.53061983691487
-138.57263868400878
-11.407680814770636
27.634659615388014
94.6612586426346
-52.91637815963941
167.82603143698225
66.20796074485497
68.22743880401453
94.77834460173392
80.65163577086878
-60.84045778962606
-82.67413898806626
9.81559713530669
80.34794130043315
4.084932745855326
35.29769541455358
-6.190403377488632
37.32151681657271
64.75581174182429
103.44723532158969
66.46338065946614
75.85883203118965
54.60678105392611
99.86143734192808
69.08884547709715
-20.884826304381022
94.85610067460357
-134.25921585841206
208.4950616570154
74.41414188430622
27.617959515175244
1.355757485278485
47.42806188145399
8.040844139674931
-28.440907059150504
-79.63888969281561
116.37699971466736
138.06367224222868
57.438928086564374
43.73882541166938
34.24938310354498
22.42154986139022
85.54183917419641
111.54958468083623
5.927615879364247
270.69113546415883
62.41789286282389
-291.0512943487456
-31.397939911346384
161.35125246906728
-42.662114324101545
23.316936219553767
-3.6458040722384912
29.292715540637065
192.8309620070288
-150.5075035052041
-90.21931612695971
90.88174052343993
46.99965615309151
14.482360627668413
-22.03731166937084
35.58289886808337
35.55306635926172
-18.127461481291192
284.21556252511937
81.0951133606421
-144.29413504793138
-352.18600757741626
-89.15979756674187
186.7871828624193
7.202166065729216
8.820448044519253
3.2703508935885566
36.75299744585429
6.717935653736253
19.435166232589108
8.14134005260076
-34.00485630919047
29.438913431882085
-10.070791497515529
38.51897111083967
42.92345154179884
105.30818515408669
194.8501688881206
39.92461080830276
1.7761738800199964
64.14082729518412
30.82177190493639
85.83149333242355
104.58413613117443
17.743274923723806
-2.465230055169711
58.16568887700896
-165.07074028350416
67.3639638775503
64.70782265031215
56.18599139227916
7.1093328583997675
-29.557436363762786
-142.70361274006427
54.28132740241813
-17.059833839855656
-19.8640620329611
55.3181987731627
-227.13140665010542
97.5391707853737
-19.14135926519984
7.65743832221501
81.27242982670276
33.07558566581584
29.288346528380057
-22.065293174740184
65.00496207428205
161.51802393198022
-102.07391599850955
-5.707290394606256
5.0550968723862155
40.85457768642664
-371.4907633398616
82.6561170589116
49.0603558225765
-68.76129599417436
-7.225354403019992
153.6939328716312
82.4963316825216
-111.25553146871403
-78.91491693961216
62.969911079211215
57.06823231805271
-192.67098137922267
58.10398468843371
43.442833382510344
-363.43410759393464
-19.35453832422169
60.53852631818495
31.83111853826904
22.242300947422837
110.4054843700253
49.498697321794225
-55.1524452192707
17.645000191630253
67.31395356852374
-80.21673285856286
-52.80260575448756
36.375091131040165
119.26732242884464
82.36149524561111
26.021796909688607
-55.0601993566755
38.954358098373824
23.859787815724076
47.09999145990217
-3.264707468258314
0.5094558229091035
-9.976098280713133
29.661854003074314
30.456140441249772
86.04201544787111
47.567713320378346
93.3636307569127
170.72252504938706
-52.67908005002846
12.735997160245006
37.22709478627188
-5.339107933701598
-27.703385759501753
-12.704374522391845
38.516456888157165
22.909307445121264
51.66263196496657
-186.15547316789434
6.214031500867792
41.49440701094403
69.79986692840367
35.51859772235349
18.873714359294155
68.55118439237694
23.974148466908446
23.23411254245093
32.70849765441236
31.758224040645278
15.5120109834046
2.6697046403542117
21.131743667207537
-103.46959473678159
26.675334289193096
59.790764664411384
-21.702092992348458
178.1143920152699
-18.169864771026152
105.52607423277686
97.34542621348419
38.12767794495467
32.64716084676729
152.26657173544345
-3.8851313341761453
-13.637471663250107
39.71631917182799
-19.02150538950218
64.40554623602839
3.3247887678553525
-40.01789386092196
-6.6659536065077205
8.081286012081616
8.371955933270101
156.36269475742347
-30.383085736512555
99.89072025141922
66.79137511276451
57.58478540311303
-38.05645196649266
-84.4015599929221
61.74094908258712
73.8262540398282
196.33610587371368
114.71951713550152
-112.74992494580738
12.566269865478034
21.85976326407693
-70.78837904588659
52.93408613376011
-145.16232255286195
45.494050205286385
22.087410371898855
10.765600600891391
68.93835668937686
-5.335724866014857
-13.212041186351398
65.50266548470972
-63.70434058379669
38.162052985488984
-33.48195495981042
32.199264833234714
-67.6170206508632
-46.00858024915083
31.02775018826074
-384.7054682502112
-28.40807882851459
91.82217777439377
-40.811517157600065
132.99089299618618
120.14540863721595
-20.152048395274146
-10.54639452474857
89.18783247297551
-229.49142876322003
35.77841483921247
60.00166637275839
-65.82236568799092
-101.51799821232225
-451.65029051578443
41.86595670059314
105.19408747812213
11.262350237430837
126.2817619899879
16.188078428010158
38.46471799131132
36.42531360269163
53.78013510731461
-5.55951542839432
-45.9482007763069
7.6305330795353115
56.188311220636706
0.3901712777030836
35.69130842764555
62.40963977941874
4.779433427031194
76.68519154084336
-32.27373836744274
201.83321415189357
-74.0529900178849
93.43330726135241
17.080102226131732
37.61412606600581
117.02489303724906
18.989863005520434
86.22009815347309
-63.919937804444544
-11.247192240051266
87.04944330357421
-7.386847306676311
88.73002148743171
122.06993382053213
127.89252951492472
103.91154383233152
30.38281904111159
40.926585852561594
117.6276838914755
-58.91968165914373
170.28781257660057
81.17991670745499
-151.00017181988642
109.03399579661618
113.77436326525185
57.76936313383572
33.6349515706147
-14.614286137781205
4.196709586913094
21.89890769948078
-139.20982213083744
12.935961692802627
-18.506664154300054
-13.851717037787946
59.09217888680624
73.73654585893041
-12.502891767612768
53.77699269984963
15.417079518568617
132.63178612795673
41.68502839852272
-18.330449981801415
36.60162831022961
112.730941621292
43.61119516510553
-6.890930158909753
80.46009864222754
46.4905989157495
7.713908956528544
79.03151236633659
-7.173584406263899
-233.8867385557851
-7.354683905818661
123.71296755290882
31.521983679692717
18.506804176322134
54.10905411581746
120.14313371980188
69.25733834688208
26.505663213004457
0.8753275602593931
113.72013968401461
-89.20891104875358
39.620362579266484
39.16467297518744
21.245426663376293
-27.624557051260126
168.46707527885883
46.258290798173675
100.39803320156852
-6.958247642621933
67.33999175008512
48.58618183411636
188.18092936987546
-105.6131158102155
-83.490221067937
54.90751455231293
-3.140211922560866
21.268721781772115
44.80531613850917
41.11741470480729
56.80992449908081
35.20087814408616
118.6453263988542
-14.162532413982262
118.41841269894849
16.58784233321294
-37.228873448900686
83.66309350958227
74.73890780813326
5.086285646672952
-51.77090396285166
-50.03415431702342
-142.21333192682914
-28.215694754445586
-67.17439582485713
41.82479458401616
66.98984425595228
-20.52965112676841
-64.57821021482785
29.533119693112894
112.78380341578122
28.617014077184223
176.07866544074432
-6.189709866142792
20.899512553412332
-4.691253279087505
111.96269520236308
102.36106938320108
-176.13007369760726
150.52610898635453
-8.445338812666328
-54.336026514519745
19.436395488626374
3.165644580669131
102.07481157528628
72.22317838841127
-188.62323924487964
-28.805099986314417
-4.03776254966867
63.42051576887792
62.451634197953425
143.72274755884973
146.5386877373512
115.32378018590498
18.0328956425692
-37.134376329089314
4.857576555848115
96.29237910324241
-91.1407709140071
9.058633286632016
31.14215644300066
18.86609128716844
-5.687539364096775
30.40474112147514
-65.04622809489365
-60.40342961325496
35.88550755126073
80.10934417554904
58.583406529176045
164.75619274581186
-12.608172194744384
-62.35980308957869
-21.91969656260244
5.35472117101699
22.788582177364148
-192.38238028925753
48.43575302613215
36.36818149950088
80.21958145526833
-45.05147061986389
87.08899818766912
205.15784454547065
125.41506022862882
26.70912501196932
94.34174180762551
16.122272881924346
17.253472109226635
-1.6015658046875523
-504.65769638417504
38.116743965666195
86.93432324015976
-11.817679814794875
120.33233237497643
-278.7697028329726
6.2459113868406915
-355.918721179929
-189.52671513395853
-88.97827580805006
53.80899686712928
98.28515599396997
-7.863408814090903
16.3862887671537
51.42665342330565
23.68927423919483
-48.16887672982921
-51.99830959817982
113.22172791589219
35.876098324461395
33.123154949429384
-31.26981749808101
-76.32798448019082
32.08668244064249
161.76551575484382
79.72771031016646
38.02129590006312
103.94710545810301
28.533929540436148
-70.4571787333089
-21.731014296582458
119.30157982409673
99.17514078195609
-554.3939917861647
25.839796331560592
-25.531269099775272
83.21543910357934
4.450633622181613
82.48051713421637
-28.294192045927772
12.88096559664675
66.78565927321029
-63.96572126314959
-324.3853286072854
112.74718120885063
-270.35118618444324
4.6304252383815765
189.56262216728828
-131.8259511345077
-37.14913000844077
31.51890099662046
2.1477379529382574
42.57532680958839
84.57719817601765
15.293505150324291
-27.060459992864004
-31.97102740049706
-67.50168019425973
8.995140678768166
-20.756813480449637
15.797705008223602
54.70647035475506
-4.61741488038038
25.643346902184753
24.97058115665583
52.59094923886776
-23.200520472628796
54.653145529337706
47.072083915249664
-6.580024609867451
10.812113134692709
-91.48692795448369
53.113022225689576
0.6002878292051719
-65.79692246858659
72.35940632200823
-28.41584900629414
-1.5917209689267386
68.9876680735189
110.82999002369252
-21.331813464843368
1.9809786645435101
67.34235242444583
-163.1583770830366
89.80501425482703
100.62572803965031
-293.03214067242334
30.732758767877613
15.829553598880704
-6.935287379706981
74.87907840165394
13.276169027990655
22.716188437938673
130.49447650392312
11.752533051524649
-125.31979955238148
16.337662219959157
9.501128369939183
19.4734342297383
47.71336339799288
77.77242926696476
94.40542927629417
78.88656920770609
13.67562728593592
21.939350987353208
39.736225160488914
88.3760662250188
54.27233212650617
16.189782925286163
25.450289013246493
43.7676518902399
47.36207124991888
2.5171895975728655
95.20160368373587
-128.28605610584464
103.83116289857026
69.59834215809497
67.61398709134573
-33.03709803210222
-22.35332513898811
13.30436046340236
-17.658642990385943
-121.71823872504774
87.40250365760414
24.558539422422655
29.131344303609936
-33.459253604763035
45.44093286635177
-101.14136827073571
72.68261490334271
77.33762306081644
-1.218155904302824
130.83706102444603
59.387682680153375
35.79883219594461
-130.43970462769767
28.16090556078219
113.042224181763
70.11861132450576
86.27579345916911
44.356563542854545
-14.777170467401902
-11.602668759203425
44.363007066323235
142.8996544884119
74.31527075168535
-134.64973478636784
-65.8249094923558
50.89550457386929
58.4448620781399
66.19214105127685
56.63202508378247
38.08002002857404
132.96582647937885
158.79141064418127
-135.26455163342598
60.467725879497124
92.38826073938071
115.83888050361247
39.436299558885594
129.15243791678586
-34.09123427378911
108.65668933021789
34.48795817904646
96.4347784698889
-237.5093688256011
81.85954052331999
39.36507670099565
77.31917507541988
68.49558049145571
196.01572415234978
46.67090526463849
133.32759932401837
66.23003940813237
93.77708080702769
123.15432627848372
-60.039407517073414
124.20395248444584
-147.75865275689466
-65.76072813700193
44.92308600361618
-27.597619960578413
14.841609985426203
124.50041157921987
-5.757859647681386
98.71982484327691
-79.28455804549034
-92.45471808876164
36.970758632379415
133.025896060763
11.345369607146495
44.655865222272155
97.70693004960447
46.899664690567114
-178.76462561746393
40.986523455439965
89.98746296533
129.20938926501185
12.081101670729572
45.838002994484754
-33.73053519137709
44.475174448718974
24.04006839865998
-594.0188047478168
72.16378126529881
68.72912820421004
167.283927907622
-9.828207585265773
40.17424426816342
15.461834930932866
-4.527552562511045
81.71659766287303
-23.664854270086835
100.89158868748723
-17.986516997289087
-28.480788052272285
-126.2581573592297
48.247416674576044
-93.56289949751789
78.88611251190946
67.31019970949046
4.2806687229921625
41.93517383008303
100.71592141105839
52.03881253984491
58.53929222374897
1.8879132491510973
22.318211564260633
149.60442495220286
-9.440225804287365
51.89211760310479
-64.2277738970439
30.298585915116746
27.38560737695162
36.990817025776664
41.46598880534674
118.48280164649441
-218.50108663372794
31.486872168136415
-137.7079589724117
13.414325675989499
91.95680832120206
73.7776153497772
25.859526801167867
82.98722985205734
-165.0908553528293
-22.71265383706441
33.6525216393351
-90.79887779674027
15.706645808963254
112.2520950102878
77.55310074494855
-2.52078124836125
44.79879827806485
52.18309158872458
81.14990912998212
-57.581260621709816
14.064030008002646
-50.117906117010705
23.415726700968662
5.288099450638583
-161.27010143574898
25.77359749037032
-75.48880263371393
-3.7960640130943055
19.207098810312115
89.48774799156763
35.6982621613638
-17.402613060104613
168.39508772391036
-81.34883945824049
7.82761855888657
142.66367707748304
48.267641175625414
41.53650487805757
78.68980336561691
50.47450415380882
86.57530165503204
67.60024133710431
-30.75658373253509
122.10702146000858
65.60064816691286
61.09938201417894
87.46194425231914
254.64750199876153
10.611525422266428
7.8519789975168415
-257.8150269523617
8.038927849309909
23.306212427758346
135.67753623740646
89.3467303115508
133.91407561307324
-118.10511543326584
-112.90961399456765
25.922606639710523
62.31772376245635
28.69809047668423
147.07869662917983
24.900646800646314
147.68367967336553
74.31477193045623
109.77508267831661
-20.440931647317413
92.170065542462
190.74661982693124
-21.258797350913937
149.94496223849183
42.61370260768308
98.45149480612872
-45.193728915073734
20.12444663948588
-72.11284384194369
-10.342836182034262
34.41812074236385
49.10042609203357
32.94254022872519
-20.215438140376286
-147.66933412649541
35.67608759820905
-160.73126154154488
26.834789019574767
56.699558702900404
65.64320680187345
90.2612531579216
6.463336484912634
117.42576621290482
-64.5969850020053
34.60771187310596
-719.9257170107998
-242.99507067098693
-163.46547245683678
-94.77224344806382
-1.8850304217531528
-44.190121083516715
58.42196280554526
43.828662710608796
-57.87551399826225
-292.10725051932786
80.7146132469577
164.48001633728245
136.1727252495043
45.945653982064755
196.7283270497769
-4.7791291415885855
31.68498744720676
-377.3198038488781
33.08508784933241
6.45870639221971
-7.096581706885092
-20.638369898377213
9.153979251938836
11.614182389269445
76.62255501087337
106.97688801814957
42.107592842161466
122.77677599521348
-665.6948172877642
152.8431868989751
-7.623271082972017
210.43626085633423
55.22257558097033
-19.149282212637267
105.3245979947933
-65.17274826637095
-18.806980540151415
88.14299968494743
35.01739362600234
11.037660989056974
25.780697713074915
47.68818120781634
-178.83507202209785
-14.458137929670864
2.215436034360664
7.646018306943907
67.67068301456084
90.83821173987786
37.82142973931573
46.75893832190745
105.86072222394569
27.02666679228801
163.52590384614996
28.287069685926692
-10.752401004006897
-2.4565014168524613
32.01255384397207
75.67338831468655
165.05127940326292
12.798783154592039
85.30336327847334
-103.33891051126511
-90.0458301291128
2.8863478299356227
-45.24699981893104
20.152750474449306
24.39956257782332
-12.891980365450877
-18.030319771528212
97.28220292802064
-3.298927154678911
121.76628987872937
107.14031722915229
-4.717180082395771
-6.994467797525829
49.13190113689019
29.123400752385898
-55.787297955991335
49.25231518377382
63.61520184397362
26.89726427962325
41.13388219361569
65.29422188550075
82.38243184231247
71.91305145178103
-34.92966093213806
98.85584392577846
-83.2718741017843
72.60856697634199
83.61825017221554
28.06495572757476
-677.6076171826701
37.73779765612181
116.62783541571355
62.748300956919465
97.5341610673288
18.04369910437009
-39.36895797973875
1.109040303228548
14.284507568612966
-88.06632103503944
-27.744410125735158
84.63757623099127
93.7692459554126
128.72913830497328
0.7873327575852309
-36.83782184775025
-17.84960697855604
-19.643015214365832
-264.5923695503225
7.742974540960404
-407.59156330628474
48.918221768863816
-28.057068585560344
108.51814945403794
24.48199688986415
50.62873033333743
87.5953295060599
83.54011946278789
46.06077910176596
-94.5121622468896
5.790630978649112
-8.539255122508962
53.604958767651226
68.9812272483291
4.352404910158945
-2.1744911515852436
54.204405759731344
50.602089921543666
-43.86674111136563
54.2427655922927
40.33347635917107
232.64971301586502
147.55517702731595
50.306029972153965
104.40240865901694
-233.33668170797318
81.5568033029399
26.569476133170426
19.171404657226308
-7.083684777589803
79.24545410715791
13.26153409884294
143.54751446527075
-34.04293169869334
191.63762946652423
46.60292617513403
24.4757951891894
10.056851428368827
28.736884737616474
46.84514314173093
-61.03638860378214
28.715987423861122
26.533611456254015
-28.750114823534602
35.8113480235379
78.32749132428944
251.16763573498793
131.17738443945836
87.32853862179218
29.620390438768027
47.27746757494924
-31.12619170208427
19.467952311384764
-5.417523072158474
-112.31011366592065
-35.11614604141528
-17.200237802746813
-114.62663287750729
128.00503622188467
-3.4994656172600576
253.65484923371287
21.27984575952661
-46.95695457036072
82.75600739824506
51.06169655804615
85.32550416180462
161.66716217767043
17.740881491672326
-59.060336035296174
-30.057501074178898
58.23369676829407
-144.08941601225433
55.71159153231845
-127.63568841122196
68.52833058073358
141.87775971125484
15.106237997093752
150.00870236917717
-49.100912926312695
-95.69520068566771
59.69218738120446
-75.62730301605052
-93.54405001331124
-3.930906681903344
225.56284987724302
-29.796348306594155
83.7023098670287
39.825241816487576
99.35276834693991
-1.7625869762081305
-52.4353941943541
12.994611906192333
273.72111858912876
5.639748235771549
51.24227357759446
17.066939830680443
688.4750601781852
163.52053305699837
23.638324657468218
-74.35904563726763
71.99395026464799
-41.663588972568505
49.77272084548429
64.92848764774244
153.59791428624794
-0.6165536444023019
49.09874361268737
50.887887331500124
87.21728825676382
125.04258467723503
19.45159465283041
-26.414985397169403
77.73085981292252
78.69123478158417
121.37983440921789
115.09501289957984
46.63181690115965
4.6026943003572605
-20.381186680933297
13.042607305720347
27.32878682029297
143.4273302921656
162.93736255385966
-27.54076099590975
40.9062104994894
38.114654888318874
-7.51188320859443
-58.10937252403875
72.45593304306567
44.049917830911
35.388454785520935
116.5935203764127
42.1991181417543
66.51339682633841
94.644909568618
77.23920729964149
125.42046675745132
16.859329264072585
10.0935606117291
71.86002215063934
126.98112548913582
-59.52547788856186
119.54335156294553
21.15442371381596
-92.99130555457668
38.651885818116654
27.346610979824394
185.43235309918782
94.00437403968908
20.419002995287798
94.52565220356223
33.33756078519551
99.13853665887103
133.33775074026016
64.19475978846882
71.24645347602132
61.3655571991344
56.09891925873683
31.913782306427493
133.97065482415587
27.92367994394433
17.999465989173505
-18.491077288878103
-158.79076269043708
8.745748408836022
22.18919284724738
1.6227196776349047
76.21093492870204
-20.567098409393594
-8.018258125356738
47.01108415479803
50.66318821604371
-165.4398021108459
-16.73738503423871
91.081633438675
-7.0471378974436245
41.31857857836644
35.501090521850585
60.50008701040224
132.8221561309333
49.827340514477726
-8.534893292000483
21.032285592879393
55.53827235531332
-107.23811983752103
166.77232585504112
35.142169228548624
73.34399613126553
163.57574398376528
14.179984908335278
38.52228931945001
-274.6678973688877
142.01754404202097
-69.39980846919798
-25.97790189880311
151.3636987294367
40.30383573262179
-90.87198045399782
-112.4939019669082
139.21627427602107
43.56785670989014
34.7174120337703
115.40472031832587
-28.503064581519084
57.77168042829254
4.439893667481263
-136.6736376415829
2.1664856074630805
61.654735528991296
68.1566378514874
-11.504236735814484
144.69580990915074
-871.0320666217784
29.997111901387328
4.115576525080087
45.070361462305755
-26.224338859319687
18.428734176909046
44.85833159911408
91.45138333730802
95.98196228442657
12.974782832807808
-8.030661549430079
1.61062459703323
86.90880968660395
102.53958903719467
21.796379646397256
46.048858373522755
77.06904790666522
15.042816079672775
27.39075523998136
58.25923572747904
61.882737307268144
3.5923266685030883
-29.139443685193775
119.6597821915982
-7.455963382498959
91.66523238228456
90.30701293230277
74.5139038610292
-725.121549514859
17.94770743482368
134.39053769099428
41.64888140992025
-50.272942764751406
217.83879653035274
78.89816536520166
55.68370404877527
114.04510012908304
-1.2124278476321706
14.418843995275893
89.06964592417944
-57.98548413293793
-86.94118536227097
5.673274166226292
31.586250576800495
49.86725902121355
52.440859589042816
-55.42611519774931
-16.96121196423554
52.284052493330535
-8.591800636939126
18.765315811296205
-168.22987365889003
49.13170076374263
10.885938763838567
-35.38337723497489
-36.27540449224762
42.592819483523954
-26.831223257872807
-144.3863801319626
-62.48537274355252
57.32301275348637
-27.8985892815049
149.24005540580583
62.11903398713989
7.212449492042504
-39.007328004632036
42.35812723070035
-6.355386557392379
53.819737393027566
-105.23131875246236
15.041942749154728
-14.435926856168056
76.95155913676973
-17.75417998021267
-54.56993740176884
109.92025090589186
47.423160349174
64.39218958072865
-18.508618748864528
27.685778137999225
64.29661002002649
15.761963494411793
125.0294843087446
99.2731095217755
-65.26963673473892
-121.6312210752148
-64.88702140770101
45.80347807802195
15.361925055084429
-2.2408033364720836
24.181704210699536
-0.456020314775742
246.93943930253954
84.60216118110259
113.65419524932076
-51.90329152949471
-94.87776405728346
27.956180444442367
-123.01702981503331
-1.3987806836424603
29.138388748261605
-68.03657661599436
-92.83942499293842
94.46952316705062
-44.01697354033459
211.45961278898358
-55.18221405959032
3.1406606326004747
39.97046155268568
19.30179260118169
84.5606534476118
73.73984602204541
-29.00814133076635
7.882516669538745
33.58648331754929
94.19118450452243
-57.81790758761417
-91.50307937068901
-21.495996530201435
88.06077513657942
-3.3824638738319193
21.789314759670273
43.37087547751486
40.393711724120436
-93.30142982815232
87.38897748067575
51.80915915493043
-39.84716599937565
22.23473903797276
74.36781733735828
37.89108205464629
-8.547081623778215
-170.5843054777124
-1.5332176277415221
20.597576783602108
-168.17303177837448
52.43276895306079
62.79832216371455
-142.26564432071154
79.57194000008803
-1.2102035160228297
98.42161373714242
-91.89473562837338
-231.24173218255874
57.18198558725908
73.53862397786497
-427.33764717211795
-30.94057393724779
-9.481501193251093
137.66873474942804
-225.1372305587638
92.17962494354936
189.50840159083418
-160.91022627973007
36.44967117010802
49.94928303209314
23.258483304401842
191.77047923573855
40.01865595149371
54.26642478133681
-35.816019978292466
50.29291764819618
14.570613554843383
101.35245888975214
15.59760596974497
-288.8115650289519
169.75962556554668
-681.1103318900651
-95.65157596943209
9.58149726292681
134.45541669096565
-4.701343401482518
-17.697829454666877
0.029456383211254433
244.87828429365118
15.108841628296169
185.59274141236028
51.88313786090271
97.86749187880491
-5.563101591975737
112.08717959255694
-29.051956749508463
3.6036684416777915
-144.27215823976712
26.54985219530809
22.399397249275353
89.24688339205068
90.5589629679755
-8.278201141767846
48.58899589682596
149.4432493441359
46.93873906475904
56.88844001818889
10.772425514998996
-38.344390078767326
21.674194800471014
-232.27455746893793
116.37809366704494
63.43570818894136
73.86799030122211
26.490733626625953
31.8585084399651
-104.74999193196163
81.41393715590311
-42.79488152182148
107.97845429820336
66.35898179393564
11.442433045380994
-8.002797428058797
128.84767389393346
31.622792044852588
10.239766804868687
-46.17319272761097
28.300149770008943
17.943685712463775
49.80191194291672
408.04654725295313
93.83313281326173
98.79211141364203
46.814390149951016
230.13638068736373
-158.9551970832199
2.971007620983528
48.70493995354195
204.36788570074987
2.8466997444604267
144.48914061443384
72.37796343859372
76.94423519831616
68.67813848539924
91.90239004790419
-29.74649871728934
118.11184800401122
226.14584610644988
43.18097612640304
-193.06130043186567
-17.77915254493149
109.30141679430153
125.19224264664808
-2.783630441193054
19.50760670269193
31.58970477975935
44.68088955048188
4.191210497019793
68.01704915574126
145.20133140133112
182.11903541659967
14.132328221403178
-107.61908755025031
-61.40777203232892
14.115139578755599
48.376929051086336
35.57524057493697
84.95991486246635
46.76055460181897
16.156989014313908
37.97534328020197
58.1119320042651
25.42643005541231
129.51995789599232
27.38918914734588
58.20794027704922
28.9026738703198
57.801601635046154
34.735490221970196
-18.330279625459298
-5.676990889736669
81.9459569525489
105.87805644962282
-19.704519756903554
52.089158201414875
48.018820543790135
32.120947403552236
12.009998053434629
-15.009868302169304
7.223329633066285
-31.8869551013101
64.55589425232392
-31.854620661798215
60.90952626398882
6.1365950852369195
74.03708693555427
-23.77841832803598
82.1932509592437
-32.16872561803869
123.31082775720824
-147.3225704033357
58.068920873547995
73.34971967009824
158.01543902326966
-6.921475338267106
-22.326063569750595
84.20042340866053
2.3355716355964997
-315.0530853970531
36.846739560997776
62.84851054749015
105.156435207291
42.90073807509805
3.826633599906267
65.8084115400206
73.18789319822258
184.30414960327016
6.516929371410677
27.31439062353823
14.60098733606469
48.244753676969935
-2.6905132052462974
38.529873126428015
-28.087321691673424
-114.55189230748874
80.79048749977164
34.21510532742877
-130.44361449406733
46.451539100804595
-70.39675736725076
41.62169338397468
85.26628532913622
64.02003280059284
174.74841039191324
-245.8888106347299
-49.77622835856755
-16.669261299711195
41.55766508787619
-217.838625732722
60.00940232660682
91.72615371832217
-179.54912733841508
-6.857179559247015
26.518080023341987
41.9180575410713
5.327585595059141
95.44635487912001
66.98942985503345
-3.5491661401928076
205.3440418564794
52.046950147531334
122.54718582786154
33.93535968828638
9.678158279108175
37.363305732558274
92.41337552562334
22.78695484514253
-231.67931693042556
40.25795077956923
88.11844055717484
199.8150081159397
94.03360723844935
-13.735076566472468
-9.83324053674096
73.3071145687718
-48.322833808258565
-90.80724775010185
24.283856278768425
-97.99646593727857
175.61031888919774
36.04132479148468
-9.394372902830828
-144.45850601813981
7.955736359288071
70.59811991276956
37.801407013176444
158.65419468075152
80.34731515407739
18.653259477923008
1.3067883669894131
4.308966612865997
154.5489014391203
-0.6980610706760839
36.98428789461044
27.355589530488956
-28.6357960153191
-90.1393132313201
120.35239220627727
59.03695198340267
43.22603121340603
-25.052089871246608
-10.722199809587138
68.55558474879581
90.78351152520872
56.03587891333194
-24.22173587331068
97.19531525750426
-121.69474279450515
115.760608822211
15.9406798328941
13.3066326565272
75.18339975946546
-2.3289816519183164
-41.514461596538695
83.6030213103179
-12.22303789186416
0.2652424741040704
51.23978652535237
71.78622400959739
41.377644919877554
195.36920793821128
33.42636288992486
16.54387916037646
-2.2422423459387524
-71.8360280835368
44.88679200308141
79.73057012965364
-94.87882872695809
27.835290887493727
46.394037869244215
-105.90185208507577
74.9464691413209
27.791627385880066
-224.0192663462376
103.58643408027683
87.78335180623753
50.43156906597005
87.02327991589416
-49.40328488185037
49.060266788458364
-9.775176030870242
54.54353786966112
-44.326299345905454
85.96982607226505
-152.9219508768474
81.09470761223474
115.96150242613203
10.976655029852449
202.40962656378952
180.2817638555798
23.596986396232165
18.600161813226393
136.2216574476015
12.17903948998828
-149.69841907924956
-66.15665914006695
-120.16368406005859
87.82559669973784
17.18684233647779
39.60797386819962
59.379817145900056
60.200605410060575
25.06021263078128
41.688650053204235
13.012917002322354
19.376582975430622
-0.3279994023055224
165.38693127155557
47.15639648548574
156.9210242335257
-14.50350745636797
44.86956736228694
74.52225230702766
180.27550579660874
-430.57693785057927
-6.515088485578417
69.99503641573028
-4.281798916689842
98.17682326393015
55.83883345378672
-63.33671319678251
22.050462667895317
42.26888861453881
77.93306368413914
-58.567745186924185
-105.04329093665001
-73.70913886587255
66.9697661539044
3.947171875452568
-3.7499692912416935
-6.628737429279727
7.738438786560125
19.331621478345852
-25.88579929635989
33.72498975386634
110.25812433462261
47.301140371334895
77.80629039692394
157.55710310788913
-33.721719600202505
-19.602924243613195
119.09590682410953
-29.878953929217914
104.77293879808121
27.327456908633177
71.49774812645933
0.47339728352653765
65.89187120702371
86.45145245260619
46.373706421844396
72.65741967894883
-17.698249785230473
55.68028766647705
-6.037607895510083
-25.05947693196731
128.6718184698061
-86.21792116841334
-43.11470210115363
31.644857208192548
35.08784552721997
-56.719164531192746
82.62241249991035
54.351163279181534
-139.60055749407456
0.5044385769816299
127.63040796902851
95.38732832622509
27.822885121154883
-61.319360166182264
17.002638931706937
53.32606141330734
-19.371297357257365
11.475521935942359
94.65842714937708
94.96196192587422
2.652204132986409
52.184019874542855
23.70942444021904
108.07019178070095
0.5542647426760936
129.34059844611784
19.338022981634417
55.90845587742206
-28.238308478813007
-55.82731902445016
-12.158123352687198
219.77437881994138
-24.169899509654897
160.26232026462685
7.242903942310314
81.75746352005444
-16.2742570257372
-28.54970944626848
111.2655411110477
41.998962754728424
79.74126147655875
-65.70389481831535
82.2982704838987
46.15337473808097
75.91589495063636
169.75134215655908
-25.29242222171797
-140.07378739299565
216.91580790474154
106.10192901734308
39.77158946589663
63.14610269309969
151.00459967966185
83.1645503091836
36.18708590115633
-18.44165857869166
82.23598127791251
-13.863360220625509
28.421427965176917
69.85492702667324
-15.385111684770742
-21.97957799364383
49.15204274949654
97.3377597727299
51.4303176090653
26.343332416863262
39.94899613253045
99.76165052806073
12.966996571017148
35.57534610526545
18.161448161467735
-233.49828675424337
19.58895117955214
39.70634702282056
19.028335278548813
-145.59434240575754
56.71352060957224
-1090.867393080697
39.5725765227844
34.83633330482132
55.274157695600536
45.1467313991252
137.540778545379
-215.7152373052745
100.8834274810801
1341.3475752647118
16.930680497052105
4.655317922658469
27.990838516049607
240.41147385147315
83.15321015937775
53.391059951431714
217.33807975424975
74.49791384974219
100.91784793685497
43.823960890210905
113.78756742656242
72.96024967714652
146.07384738969722
64.50611708936322
27.973268654686876
421.22392793342806
74.69434042797457
86.58462851463537
167.47858589091538
44.04091050946681
6.9792918683691685
59.1194982382201
51.825969358855986
47.64041915994312
22.763971448175568
-63.90800735538869
96.08484307589515
-16.22403060092666
32.36830744328381
173.4691945824493
196.74360662613617
50.50727523515211
-42.40523737189034
122.39563500128497
37.468281846095465
1.6141455624820082
40.67797597301319
-8.834722009253
-61.94492166027615
60.59112909808937
-123.81335971903445
2.5286399661502164
13.690655652424475
-20.64139442742293
2.159158649269044
69.5422868979282
25.932796872076203
69.96825051957524
-19.94529761721555
14.522280260134792
-0.43053918270489455
-6.988782078933578
66.76452745569031
21.649195839462664
54.740770048334156
84.37184333698065
-169.19641419913933
-26.456601559803858
56.607768391332684
-135.13797429736223
-49.84684373693321
-283.59673606029537
-37.0093884159478
-661.3381612403798
66.57668905078071
10.84560011266629
28.394523384069544
67.72885249972433
-104.36691291634725
3.577994769443931
-135.83137379329673
-112.66884235638372
21.657477906784834
115.32218124588053
-12.41005225366699
66.96687322343996
175.04698968666253
70.20919886955127
59.69004997584466
4.856516534033744
-55.133924866347115
-138.59290653443895
28.252978969331302
77.08970740709856
-16.53229347168747
-132.70703746094205
18.12476378102627
181.00144142897807
25.553278174507803
-182.74000202928255
30.191396090224664
-52.28542647987706
43.25744421758996
40.35350472381201
-11.962180177270056
20.000349248919747
45.808581073007815
-27.821986217715676
93.50272643453627
42.46391916619402
20.200402332412423
36.16672944386755
-7.685192532710587
-1.4396609237181544
121.46485169442667
-45.63768148309555
17.89830900516273
52.868774355662424
68.24502855815035
116.36285305873753
-3.0277728983246956
62.486199671327086
-338.92941388326574
109.36511110260471
54.970008528927394
130.6487926616669
95.04094251208517
27.721552090321467
16.158618589384844
17.93186968698228
62.749256753320196
30.026869251299928
0.202475860272901
-28.747368824424484
15.036668059535259
42.88522495258881
-114.28657959201155
119.99645143644466
81.49537005064735
-185.77451425161053
93.32735698117176
72.88274416187915
15.582427425838311
76.70809776540526
88.10035620850385
-52.92931953628704
27.55725415712186
8.774519521148363
63.18359650174722
79.48975746688916
32.3237698999989
-96.8957165050765
-15.849044347379277
19.63722210758462
217.3228185025755
79.00781957718169
42.97621684960836
89.1068470150417
134.14844050687725
21.78583023733745
-60.46378588626112
-23.93401823957265
32.18136756258673
92.27944211039403
105.03289900645359
-0.4066267194350246
121.17174225921235
187.53557960601984
69.67053109374024
131.8169519922285
193.68440668844823
170.45257234121937
193.7717996906972
47.17970315697571
-21.80810134162862
0.636135748839223
-39.65596767236275
47.72839398702217
12.69118340922887
-185.09694016168214
159.92496571814877
-13.128629718007687
-19.962630669287734
5.859642006467766
10.015728286537637
72.35118521784352
115.85714410703656
97.62460568830716
134.45560831546754
-37.018055409011595
27.634769430369317
37.36679058115696
24.568458556371155
73.58847991785439
172.64445410894245
51.370928719374604
25.20345630475549
34.314843388221526
-56.14005356937014
-24.441503988939623
35.80334634379142
58.70943431631935
90.22232351108232
-40.73691208858145
-4.381562853314335
22.456383409395997
49.944102729813494
65.83059616265827
40.886903760157224
130.7980600248684
42.4966797048919
-14.543338879623455
41.21021886511444
148.30063613199763
48.4736896212148
75.1684593992104
21.24995173706591
-5.1092035114418195
108.47209553736866
8.322264229154996
12.742180471812617
154.77331593883036
-9.901605771075728
22.78164884112266
-116.52909573835632
-2.624260264298684
-21.384879832781053
15.919011978553499
156.45309947813348
21.032135431805045
53.72806579797225
140.68359192787193
12.284319849004083
13.968831000692672
-46.35242244098504
87.48206664513191
-44.45342906664291
126.02266949080376
-5.314300978761622
98.84847091026825
47.80043064087374
101.94990860771941
18.754124462374225
-3.53239376373947
-3.128035591200387
41.52833609887966
59.041170621365836
-56.69224023398374
96.30375138601005
-4.577365995028142
174.86717799956205
13.058022543491633
94.67356244334633
46.48973682820406
83.59533240572443
75.54867451986502
-0.9831091364004771
-111.65368540524798
27.80858950236052
128.40534406040388
24.336988954580647
112.36343036186531
-174.40378331913416
133.10970602472162
124.0543051570022
57.475081473803016
-59.81161920884142
-266.47457667220533
59.23692802271649
19.727691899389143
163.75793814927738
65.30240756515309
44.457560218993606
86.2780095713506
-32.211339288070874
49.670318418867
-56.27778922659718
33.30332725003315
31.433503186566668
39.437129856947706
73.51038318307073
79.53294742070923
-30.47688808674593
88.79898715250488
-1.3216786980165125
-12.60531806542735
-71.33041706408676
-163.79450091698436
12.024746039917432
46.13665151926605
109.44957825411211
-53.28400239554958
-63.59728433626833
72.35855850498001
4.071303823239305
-6.454138030144892
194.30759339360202
63.39274829999613
31.25090100138319
-118.09582929095495
166.69118093625957
62.419838200051714
-169.89382412658142
64.15532336461914
122.37417176693475
-59.11747284420744
110.04985256024747
-6.78307141189263
109.37394426088258
-59.333217868439306
29.249599257013628
-48.25320655908263
69.63791527707963
-2.696244375727453
56.58662210793392
121.11472908809083
-264.46100357634805
68.82596284849888
-24.711200052609712
61.21446829298952
8.385820599356766
86.16893010805268
141.5220254304213
101.54581183529808
-7.17004913275332
17.89277684458169
6.130701325319933
32.3225323896431
176.49029100835742
-17.509250343256614
46.52975609591124
49.09895467763681
19.65693937808203
71.59919903039558
88.24834236470133
2.578135425238047
114.26981803491918
21.813439764758186
30.317080910868096
27.330416712270193
-17.038484763314127
43.22582229051211
-108.21738626963088
22.891165086314473
19.255327890052058
62.77001086214477
-57.23519050925227
23.67215028688105
45.54269575847778
-68.68767573784771
42.31981307131082
29.39352933933469
-102.16431284900727
75.6605571999271
-609.4323228913833
33.239849405931665
-18.44422166205368
-1.4337602555351623
114.84880914659948
38.121844876582756
83.0279245630351
107.4608164188171
90.59617676782784
123.8837262332047
24.636719721082045
19.44498843931151
81.71310309394084
109.56375080809039
56.77388626640686
25.05132725830247
39.45721327435125
-6.138552645357777
14.748721956024838
-101.53961540151658
9.827474168992921
7.45944948304422
7.681331884838374
-167.53339960994435
-118.87655396435912
9.542830705264134
-50.508940769935464
54.230204513078775
161.66843152385036
-2.7145472551600704
151.50786350874193
-27.951531127622722
-41.36742220812922
74.32390762128375
22.391473635078455
-11.453764354851955
-129.3715936032745
23.46649896947241
50.49775660698879
31.652736492139184
29.03289141880208
-1.8018865875875145
57.044026750143864
26.395304026760925
253.30187846272747
-10.032490013112351
41.76936408213214
83.76846425637677
-258.78968534414616
23.579461871579078
-159.99502220330487
-31.024778691683128
39.15961056717151
77.92375946816674
30.46849852829746
69.15321672300523
112.23270526084434
155.01488882447393
-80.47367173974453
29.3670391442076
112.33462508043226
26.50191944874632
127.01161220028098
120.14694478829165
27.03006244583785
-34.51124484644242
8.292118893381613
90.9589895250283
60.278942038681635
71.79230954778967
22.82344680620592
-7.758740398688075
-227.8475988122059
175.22747915557557
8.608773209183083
68.08951340188287
-83.8831890929805
-143.72148390754683
30.21396958774588
109.79480251385178
42.75705506764416
107.94575549229876
197.18191224430302
137.33364148093733
84.33317782342556
-5.825622354176164
38.386300943892095
64.47527589313722
-21.976116039055672
-4.264028905805844
2.1228398964349537
88.84242673863423
176.39392206789944
37.02771933127283
35.18044316349511
53.24505612792245
39.12743556713312
-48.78436806662603
9.27242413101871
60.1708877711917
77.68253670524666
-25.057152168311404
3.2623654993158198
42.88001500457767
49.27269279941879
29.96906125842574
-142.54869961046006
-44.30365089434417
152.41009386280916
46.747661037392675
42.542281761624736
89.87339994733338
2.204744435869543
30.250608709850717
1243.0289842336
24.533926911537037
36.91519188298129
0.2619073013538582
89.66867409543192
-153.5990572415567
66.95957082127097
-14.432399049925818
69.71033702587809
32.9754136843836
-262.05732570942473
51.86097593254102
19.88806534374848
-4.561995190686503
16.440883459235238
11.72042198408667
143.91586433507996
89.25571094980091
119.02904041270631
-20.466598793166213
70.75349355660273
124.71268738783374
29.742746326651076
120.99038237755713
32.30601959872055
59.928743281879434
92.68859880919513
-29.595449156694382
29.016814532017406
-179.5699247346247
21.197049923587706
9.010562643708454
55.372861056920726
57.55158759384318
41.724339708704974
-87.11550924381105
90.62808487736811
37.981355698067105
42.63201117645271
75.63440515598472
41.475582898910226
9.878594366429965
27.98634471256885
3.6035618354295065
-79.3792357355369
-140.784071471458
-24.838031669242355
-108.37111330669904
-57.885530093661146
85.53042591267786
116.27622178457841
-10.533378379991795
145.939282413176
2.7600293041159603
2.006280656953562
31.366410931086193
195.67083303183517
27.628293952604054
35.3686275147943
-4.144552953111088
130.96409282558307
-27.854297663042587
70.23784022555202
20.43245806993704
60.262122732322815
27.840379822179585
31.530739027684604
118.44281126697933
-195.11770683741634
34.77278319563078
-25.654474782337047
26.046284351401148
1.144695299185969
144.6549557949602
150.35011137526453
-77.84587948365834
18.695260712891013
-45.67216986860524
-150.24342678340645
1.0949782108580801
156.01575364920836
-36.62676588788099
-4.065536527257553
223.91224093689743
44.23463766899371
85.04497719808273
129.68048928372264
60.8591576726385
-152.17566933409853
73.38094346933546
3.362070020786355
27.090891355735902
50.97210009700848
57.421257291300435
97.60377247822896
44.80005634329791
42.50263591323439
152.12486229341084
67.28011343554726
0.5896167900371923
6.267869957028753
-16.573931371182734
-101.04429354604736
3.2132458233318175
-31.902225593494677
-113.85796140520006
36.66424081423247
85.48940028127572
-29.954962407029694
85.91751898604298
117.12377091627923
52.14659384100628
212.2567446216408
-6.504455706637383
139.53726882986984
11.736354736987437
-20.97008593619736
34.02484900154122
-17.61128059459496
-68.11373511918592
14.017811299219627
49.158303540602674
58.378675508667584
-10.448849777938829
64.16781857172685
-89.02206773071339
67.58322963760014
-2.624978352438335
69.73509403201251
96.79239102767406
10.410709387143811
16.924265620399698
127.42865383358003
-30.60036070500209
57.800332556388696
21.30656923900071
-35.924112759492346
41.33361544727177
29.64225433121439
-417.5671313174325
-34.73291279426894
37.16378049800971
-34.15892773798987
42.38268507503642
-170.4501759083687
175.3904971303964
-29.830797148284994
47.331502878281015
28.681538569638406
128.66622213336814
-22.548075992892677
15.455897348721383
-243.6501368856898
-35.67147548149319
86.37786865438738
-461.1948069456457
-63.4140424264142
-305.6772933473976
-10.005380989095205
-99.39582782188063
-56.08148074261089
104.75150427986
24.564255224979814
88.64109259054635
-15.200465968744538
94.9273760328033
61.89832082882822
5.49985613690842
55.73073047439335
-52.76151012775199
135.58617261715608
61.850133768909785
80.50915261018486
155.07644804533993
42.64549950131948
28.865776166744663
79.27176745299221
5.610620231857865
90.67691235303539
24.00684396516334
13.853895078995546
90.96542936311653
-18.989957581893993
-831.8179045144334
-10.493689146285249
21.739371249154377
87.08924778139681
32.56193839921116
33.476466223971556
-2.4722401266708216
-88.8521062950208
3.583120736768368
-111.43113042913546
-34.00367963807457
25.404075144594945
86.7311300386666
28.71497344272848
37.28168589103439
18.743336479893514
-118.67078467316196
8.488843757522773
166.412222365846
-99.67266582368256
-20.21507435360263
5.568151000981658
-195.03477301038583
10.299349001666087
56.87039462716626
68.70470918929459
-68.01129713196634
39.65565919950859
-59.70411780196082
38.43619643725856
15.905187699451517
-48.835390805280184
17.784952882886955
0.9311235854907884
51.087363406906206
62.107729698272124
-37.249072119312586
-49.383235976016294
-48.69246249672506
34.24135681314847
118.34072695874102
-65.26524785764104
58.44092973872466
-24.001399978539666
21.458997387616364
26.30714003151033
9.719555879697412
-4.21907762583578
41.69828908816318
13.486032588198018
28.402751068775416
22.298827126880752
10.108707676092555
-25.234698787980513
104.13878854618133
59.41267809294195
-18.112711528087857
5.963046712779211
32.55515669964961
-1403.1606449349194
86.92536540619722
27.71619662701869
56.006274384505105
78.67202220778293
54.08314937942838
45.701271805619506
50.07350259542826
-72.94814108303672
90.18033408592873
38.271529111702904
24.956953046527325
42.95668243102773
-9.105453244884757
35.333185108847196
-26.114511680246324
14.500459293499048
4.349238226908297
18.431370675708585
108.35229932543791
-5.824134948722531
62.83276304362698
67.09269861009433
103.35154665363439
14.747475833574077
-100.84222413068801
-44.64860046899625
-110.00857246703436
-73.6962608938383
5.92229313630359
26.931882148820932
168.2219457054248
70.27611166105095
69.83626692080907
1.9716016165968644
-164.73996391189212
13.650625112817124
10.009079266396391
-85.52374957933024
114.18675477487841
11.467865135970271
-99.57439329807858
72.20391172557106
76.11648985808495
46.484644041300726
4.589491731220957
240.98277531038684
157.65182409589352
-309.0463512349752
52.3889798885416
15.189272577769614
38.80803409285545
48.391787181206745
-134.59096211151353
-79.7340953541875
-47.20296155764527
79.17523029648441
1.0721453441117996
123.21255354618916
59.72399113153116
36.156415507130234
111.64814743043462
-15.226687722014738
277.1315161197763
123.34913903788083
34.333033643000256
122.65207878337264
31.882545402449683
7.159740811763953
-39.88650923401656
-35.852079387551385
7.4024656351949245
93.76949311653175
-39.105145793964766
108.80450390552915
-38.23966450571061
52.93073432138425
-133.63499205535481
12.55165737220932
5.235410874799527
252.97015170361192
154.9999586450158
-114.47175288472135
-32.07652198148617
43.07467621494686
109.05391080315576
134.15768809092924
-125.22216386600212
149.03969723949558
28.433190093722683
-208.80744628277444
44.08420016876971
26.81932197535116
-209.42409226295968
-6.78557822644625
29.532256393299505
67.57514096307716
-253.12241431074918
-99.35590377905783
16.3202354652326
80.96939131257142
-106.48977712065607
75.99665712755603
-71.52291441350508
114.01358455883019
1.7601594828477118
52.23841318267603
-2.5781116305579284
-117.03492482944239
-5.5440104142831075
111.67316792759357
19.31237440472387
34.61358130535886
19.417822893374023
-17.78531093131278
-20.907438763013488
1.554142103845131
-4.841886245810847
-76.12766174609487
-94.11152705612858
-24.83457068399639
-76.45178305537502
20.718015485099894
44.7342665935505
45.74948760769985
159.55087376371193
39.579678455112116
-24.56994051974225
119.36578213841949
94.85766267888323
146.71486886933735
-41.396882163557166
-0.791986498622242
-4.883836239095952
89.31353425979671
-118.74763021237413
-294.2777553490205
100.9814815829559
45.98701302730808
23.05464028654751
51.041047436465306
95.84825959306966
24.312213765297717
14.353980066786448
39.375159257685766
93.64493353224407
-365.84495130527876
-27.80298892273595
-4.661895999465066
60.08432650695286
-149.08006528076749
-4.707194647319739
-8.988453970318877
37.86521307980206
23.610213803459747
30.845263750384987
62.85542301291031
42.20999908924637
71.29762829518236
-81.27945970688697
115.6979732987736
31.703184820265555
-138.88887983680706
66.09506355715573
-30.621873864049256
-27.3843686625587
-70.2560973742934
184.8859497074418
46.3781637797606
-47.48533636296493
23.617675192816222
70.96980240025172
101.25830756153425
77.4722144117759
-21.533522278650615
24.340608929843256
-14.908402731266165
192.74438397290123
75.39566181588731
102.51882822272728
-0.3339987218305396
49.21974145974785
29.434200246518355
-12.511281688118657
50.11801017052757
20.019740788725095
70.22653831031585
179.44594062681836
71.71339567575615
69.64871848692695
-45.357031793655096
-11.704108739082827
83.9571568208712
31.49347949516092
50.012105305102864
-6.4518947252718135
34.10751360701181
-91.97387652575071
141.7818274498345
-159.26756641607335
-18.12428174448678
86.482327674619
-8.181279871198896
99.31040946269513
104.71969002143032
1.7541367603319464
-101.12236776702048
-5.178183740032091
-90.05439294703172
-46.204813566057965
64.86926165946534
46.445921599682876
52.4336012588484
-13.858141088967386
26.632535664325843
-204.2013935666314
89.83168030675438
-1.632857476290729
67.7733309124801
353.23212149220853
13.70485445677241
69.27463266522139
-4.960602091333532
80.97588575158775
-52.963801223688336
22.943362756563932
33.48147991775879
147.64930172994536
10.068409932873692
38.79418162082647
-200.86040985026648
52.73118174482021
108.0411723167158
-65.85499300303854
107.1501900581668
54.138530681051634
98.73733301594939
-78.81262661132223
-12.311912271894082
-14.197549642313788
43.29986139200054
74.38143606676726
211.25645936901083
-21.13344445005083
17.62177893749194
21.02342267245467
3.1514770067346944
8.293344847634216
2.0170332738773524
127.51853296111312
-108.91386968016513
-83.919375750826
101.78326325435023
36.4261323951273
90.88940843264572
96.9683463736788
-90.60204548964066
-248.3930953703018
93.65122710838023
-202.10402098693976
-13.648954234288448
-11.697164448225067
-337.6986699246785
18.790202816279677
105.9139584450345
42.27354524372171
54.776125987417075
-14.447847181992199
77.04977118566384
186.47613615372984
-54.402923611129154
-208.38939986989908
52.090394080346414
49.40126960222332
-5.346669260194078
55.1030984386305
17.15920409267269
-14.257435497325128
25.55577555635864
-21.01088133048011
191.2809094877416
141.1045717558336
53.604667437951434
20.022950144416292
57.15302480612845
24.235812124954464
64.48267209959275
34.21556898885365
21.972435250861807
-74.69719164844469
32.46812949155311
-75.34635683055376
15.077816850691761
211.19297799271362
12.016122704312053
-13.84804998926893
10.781821006182792
80.03794531789197
71.34516048640427
-121.34031221530495
-108.67459877010359
25.99959415037222
19.324184900641285
-2.9093216915700086
147.39561801338095
28.903568159313725
150.7515224225699
106.33264494315381
61.13057438355054
82.07199743142223
60.11236630301508
-6.431001460262408
29.443015179683307
19.089942463646366
81.14338387273142
48.13227234715881
-60.5120920168647
13.266999303696958
117.86100681295875
58.028345642261
0.061320350555187496
4.040159024911399
-66.99161001061475
-139.5436089647019
15.375070566455676
29.202535785625514
110.23778338740385
-218.7405147819518
9.697076545879915
-47.25962885743775
67.60445971325248
0.3137615972395218
75.03029943004424
114.8362236168814
75.27069212536537
21.180984323426415
14.842214254806198
-2.1856033731878597
-122.29134943529061
-33.903462008074555
21.600411143736594
137.9254856646494
220.35202987936827
143.11837776146513
116.82974122642418
80.77583493198108
23.711115982921037
103.77938400534822
-96.25293754677568
112.7124241512447
23.827663875537382
59.60342273686024
-66.19702137377715
28.963789303989643
-13.666732630422302
-48.793880593155336
-146.1300553552287
-11.203805750316405
-20.3944146685717
-30.491573098336175
13.693709783483186
130.72291062175964
-13.9681501313853
164.08624222375965
35.58118650589512
65.96235541035813
77.95825601010438
41.68140420747659
122.37269097023136
16.22647067464942
65.29846102313707
169.17390174520096
-4.705469226556829
64.69519337993506
30.4261924521483
52.32526600367146
100.65355243384101
-49.8770620169762
129.09878367348063
85.47561484414314
-10.226938568043026
6.619241188090077
-151.4544684993234
69.96855520966551
136.94566702089742
-49.99033179463822
5.085867947540464
-116.71865638786676
-22.84549506984679
17.2341005412313
122.36386207268538
55.565638651019526
-39.51310734523507
35.87912907120341
85.60733428996582
-784.6280639018374
51.492975776429375
59.39723538632351
-313.87759569965283
55.742199845481906
58.530608526050706
61.53393004895861
-5.068945159639497
-28.579151627071816
82.52864011150086
42.12294188051835
113.70560732297747
-102.07772220654579
4.605609281003838
6.497526449266843
52.7550066141462
35.53417201791647
154.52089540451698
35.72662510277496
60.885636562044965
-8.490089735445508
81.14479454089107
27.692181632218706
16.756101651132298
-379.5138851924298
-284.98006969534697
16.217467953784308
45.818738790198495
-29.433714327395485
-1.4322520271115025
112.40255845237232
61.66866856657316
3.3304910118881708
-155.4385255941853
110.75524240096468
-218.581893560382
-37.24297080768656
45.84885183782842
36.527485615823934
198.70794756914665
-13.765642165815734
102.8173661300184
-24.887010441803795
66.63447551806348
-49.802895329487
28.7989383459285
2.2073140159251636
-164.45547525597885
-167.54149964898352
61.30745314461676
54.17136355900402
6.101063961887123
75.08020088561898
30.230946627012404
-146.6353883737993
40.988832928485934
-41.26819610068287
68.77607424351163
152.61363641130947
-209.69025108438427
30.595748267243437
231.28686130140068
-89.4958031900087
22.609674849305318
6.463589030383389
83.81129029964518
18.643647293355116
64.4592190611219
30.5008063549166
-33.04349451066355
61.55148512343658
101.27754106349971
-126.32957800349959
174.40542450238922
62.72846422083739
29.21929390876209
21.095287547988846
6.127918297166527
-55.49246794510236
91.44873899274307
113.54226803883967
-341.37248209602603
36.06237067703097
-215.2066486426229
73.83785907569472
142.7845988275485
105.43155184747866
7.523411593178935
-11.48521545282074
-277.91868585069096
52.02934892009489
71.26575355612982
17.248003758120863
77.59827814223809
59.37005228943545
-33.630386239033825
10.042974087060744
42.83093697591357
51.06173192504184
-3.9744435811328565
51.200406085217764
143.6623821281819
82.77739617176157
0.016919617059331107
82.12703006418451
9.231334808356088
-20.40396875282989
13.890225119913794
40.51550615456723
40.495101489982396
95.43012490965066
30.440384280136925
17.312588533369542
47.25456051079909
-2.2975098719586486
1.4852537983058238
12.104787680445218
-50.95975119083997
75.3902474311376
148.68385829801264
86.16061179506357
7.174491357361632
85.59633961030886
-38.17700118427365
26.70348827953199
77.82995136390741
104.80589650169054
64.9677561459564
-10.423311417327124
93.1729708379412
75.52670964530944
44.89657815429331
-135.10522527641797
54.734317886179326
108.40969642510709
37.829474548857604
58.56380926383192
41.0683516100504
199.56213152556757
-45.18910740665615
-26.14898882876428
-8.396436072247903
111.28017878187529
15.623554425911223
-62.88623132751786
0.020568620049743913
125.21900518833263
-319.055608650473
-57.725849807747636
45.75790224706975
97.97916986403061
59.20664392851111
-203.8660870441563
94.98723389222869
54.51281012916809
6.924138170412657
147.67283572291285
132.24218051819207
-362.3728036208956
162.1787305075327
95.4191175749786
86.28000144365001
62.42211573801387
77.35044946878696
-179.50882600844625
30.44459481299191
-146.5353502130256
36.851218054183235
117.02652858186366
19.763977455287417
-21.965204072760777
-136.73695556855728
67.91557338981409
203.83445762925612
60.90493153924226
256.4465939059619
35.3275670470847
9.326539703454827
-127.32302231446374
30.98442687474901
-0.5166063887085599
-16.545158023213702
31.326561862053495
157.68757521417274
80.73689895244502
-10.53483994857913
107.0611054713471
6.399117866674504
44.53539864494701
-16.040960953898686
53.14390610239022
10.926780703640928
-61.34482406832376
-97.87499379287635
66.0312385522106
84.58712503749854
20.99335375857588
-5.142138887526506
19.72613297728281
92.26955038063079
4.383707179382469
58.46773484969624
60.514530804826336
61.84184860442565
14.783904747234862
18.9982693762538
99.96963453553337
84.46040751374858
10.916570987373134
-201.26660353091802
68.56769458241843
47.52805181244666
1.4847301412857927
19.827864537585807
-93.09090986518095
22.621995466857385
66.52871717508515
-221.09173376629042
2.82350950123644
-7.37726528445166
-26.71358662414355
22.82335012287075
17.47869148771918
60.6239498410514
-37.26197233356379
38.99380643415899
14.40202700476263
7.427189317270825
-653.5277418362825
29.34957527090714
-9.000580656661212
-24.24129648163626
39.77032673433309
51.012196909151726
84.11546141432132
67.90347653434452
16.684067710045095
76.50856845449766
-653.801622056929
-118.11790170996665
56.60043331575315
-110.77494525041948
-173.88336472242153
129.13499076191363
-4.964802649924069
-14.965723775789684
-114.9356910426468
188.2142884083064
-37.41608859544567
137.5989493173313
40.74658395530132
-39.50613160658793
12.346212681056336
85.16009898755863
79.9228188681401
5.156563079992212
163.1666123625273
-33.677530437080684
-224.15088243101673
-25.291443447193387
69.49615826739534
-11.620661124473827
1.4091030587569549
-20.203306466627087
-149.02612618815692
-75.96975160979119
71.28828958352642
128.69399408492382
33.91954764480579
40.75317576498208
-4.212930086024353
-149.10890339250454
40.681383843028286
7.342814618944662
38.311442374027465
49.80517065802911
36.03541896015395
49.152495232782535
2.7217039261545324
81.2999573217653
108.76648794415541
9.666586104270777
53.647739941442914
66.68189016266206
34.25003585386867
-16.907189928699246
-27.723298762626847
57.31812907066751
158.33860517533594
63.24136240443977
31.020885717536657
72.50500789149191
29.652701409787596
87.3137377449359
70.62939567115109
37.95921532242937
-2.0149347937232904
24.79515406887868
8.044778771095025
33.11273565534559
-72.24499800132435
-68.25029008232681
73.96106735588657
-183.1727787658474
18.737781181024474
66.16258211633624
313.564458510632
21.208916022285138
16.54805046682385
183.7591756859074
18.444914828261076
-6.613822510400951
88.61471871185722
64.90328741316625
-162.03626992809814
27.672809882451645
13.524191587946007
107.5100352060249
-82.6370957303925
79.37134023927587
38.04224735605439
97.62275159840465
-143.11311519464562
-115.13790953875196
150.18713697978365
136.75820060969954
30.16385996945912
-19.746698240945758
-38.32097346002092
25.855339358543958
23.88030983720954
78.31069965568918
42.10782548231319
68.33865559051446
49.31743342669748
40.17385421071276
59.577920007139255
-5.719865184638684
102.38707288489604
36.21027574201173
-42.9540025606334
81.57794898902634
118.35315308029112
55.69597925637291
34.82109128984637
-338.18251140553
72.40088838260749
163.84328647659322
-282.43714136459766
120.95411889993466
3.50283689159005
-11.402227389163743
42.24685067660903
-26.66003238253742
183.92788969045068
79.97837618691392
-143.36987820191916
73.39678723640282
76.86549550835042
49.017136143130756
48.138546960773965
-71.22592250590728
-715.9907699320811
5.258901327919148
0.8936477223855945
-76.38848535515444
63.85380780946252
-24.686548566417056
49.09054019873133
-177.713991998472
-4.655928614151776
94.84952900131816
169.04434379101895
16.298894675377262
-32.93709234581638
178.7329468293865
-3.6881434440037992
86.82934019547338
36.960024075771145
55.57838446523829
125.18506445647733
-125.08284325631439
68.4813982903861
-2.2318014571939315
-6.721990151679904
124.67612331732334
63.237497176721746
-60.60507301236703
25.9549033681209
-17.39410175912849
-24.951589651939685
97.10594215258283
-10.009140913949977
13.711495539033097
72.644389609038
164.9615098978461
56.577442023362664
91.27895955372617
108.53180113321105
144.83104312269097
125.64572005217633
-10.974742212564706
168.00218098584082
-5.851945842176506
94.08109641384453
151.93184931207043
44.57611790249257
24.774305865464303
18.340474168396554
-158.94602351363847
192.60639220802068
43.30283404889455
49.90645183655033
58.59551493902847
44.5929750351047
-35.14482811496782
152.69280052088652
79.73746225775176
244.10206499121023
2.450199207942447
45.73350410741352
-21.84776696092058
23.893547479928593
78.70344513497406
47.28055863499321
-15.817195520273344
135.66921801474746
0.6323808663155432
72.5503676862877
103.23515197846791
-69.47440307521384
118.18973270567312
75.40595977013959
6.854054340021207
115.47266107501764
57.20206350036679
137.01410829569522
-2.2703906439181716
-53.14734347015792
124.78523468704316
-94.05701747743115
-214.04253304882968
70.08941267275213
-41.43324919932724
39.062071697574055
-44.689822831404854
-96.7405763902434
64.68130287848257
70.72906570081014
-85.27529985272986
1.024864242681696
53.285355194026806
-12.627615151002828
13.930250438154644
-195.90892019003422
39.20578152806986
83.89939028544259
28.780981478313606
3.6783840271787085
11.35269438981505
39.26924837982328
131.63952245259838
-50.47255122568615
42.48981639832281
176.65003024135376
49.880458390680815
20.272651164510535
64.38186521653516
31.172717118934543
146.21024022060988
-127.78916055437197
83.894236308975
23.437548182028113
-32.78793996023839
86.06659498124827
87.45192868440046
-23.49806678427877
-78.79036304840929
51.21124742691575
-3.52861110134443
-20.48867971043137
-71.11644145024275
69.00680713592627
47.595054371457984
35.04342737161912
1.52060394302754
106.58931125936078
-1.4793328243081305
31.595669344517773
-24.143123880141356
104.2259759778633
21.330595290229667
18.934174862142754
-93.98465350556307
28.69854801105339
44.29524381948727
-131.88771737150682
43.37237969322271
39.108066741690294
90.60478574077752
74.09100974570788
168.67928853392186
76.23657188505732
24.01718740252928
16.343838502336894
43.19622504604452
72.9145263890241
-601.2076365803268
10.7746435875124
67.90819841135999
13.612871466997415
62.11516869066577
44.180461550357904
-27.57979610248972
12.251078590452225
12.154207225136306
70.18411602688528
-13.322488915871418
236.62663610439813
-151.06521598516792
-46.99275818962239
39.98697443346447
139.8715833471706
47.33413433047053
-114.70017513389894
97.47683508855448
142.0999934125914
47.49383731759113
89.04729090624318
-15.859635223306078
50.83874717388426
72.62950144513638
130.32329327542993
11.89265672608144
62.430427751121684
154.20570345590204
75.6932156492735
-110.05138374460421
44.97481910192619
121.22002152001187
128.77167242964242
153.39863119478287
73.5403028486171
-46.021277444335134
81.50862337788612
51.98355406789102
73.74485568849559
91.23629403889663
22.90106790979408
-40.3810929615081
30.87831609180239
130.2055216608178
-266.49763070980316
-233.64780859473422
0.9525741995216487
108.04448017648542
-3.226946979701741
-103.69679285663096
20.18323284176754
34.84117251624614
234.18098968796903
78.15054162810449
12.271056037724065
15.119858543293049
18.209519970834283
49.29449842977692
48.08404091483263
-26.959096673499516
6.503092047466454
130.33063634743075
30.98724209557915
43.00184071038567
33.818351105208194
38.96911503970796
-113.28981931721319
-312.7964914701224
83.13661756581905
-48.2774157202698
57.752104452248204
24.448616265692635
67.05636323890505
59.9665895879109
34.237903173655354
-134.4000063864164
44.54634253475274
-289.4454299565132
13.59952017422313
70.8546750414539
-178.32342010137017
71.04600221596232
71.55176164526677
-20.622319643224728
-216.74013417420701
72.05207709290742
59.024802763330115
0.7178186126582631
-4.353418652689584
-61.10724443038998
284.95045124152466
25.301559359001775
40.28569575319427
36.08414956972749
92.84026309400929
-9.252201626119035
59.624339798524886
-30.057202869176763
84.38420180572348
26.680985913719155
77.06832825381291
-33.667811567838726
88.6904567142501
28.10495705262133
47.55029540275986
121.0033101962631
118.34595745666775
-12.490219448064703
66.56748465977259
18.201826031334942
73.30126525400897
172.28669226799775
7.90107229205978
66.40063758590759
95.62456222041692
-95.98356050170969
-245.91078265003398
74.12916258100934
-291.64015766885177
-59.49714489429894
-6.499116291674227
64.3751943339546
165.514547800105
-98.03927666975187
-33.60665284510833
-68.85590110177145
35.91747350512287
50.916308255485134
122.39855987557621
153.43424269183697
-28.111870705232377
254.13418879977826
124.5486785996186
-60.31415353059947
-40.63381790879066
149.3005926659048
-11.305138883220978
-88.31217823398583
71.61047803331358
19.251624946522497
24.00074800540457
156.30173701465264
77.86853488525674
112.96304800978714
102.25937680181016
75.8488253398635
73.64267735320527
82.2160844657983
0.9085105404278693
10.694459064501697
6.229055062843411
-122.40590981457308
54.81340129794768
-30.110933555716436
-251.47063665574024
86.7605714481142
0.5376504327882259
14.930363418703962
-45.189566566540634
52.409915325592905
5.927714004118663
-180.24806230478498
139.38998594968643
1.9894560626620432
154.06045660767086
72.66659730706272
-47.98243268284119
125.071981797847
14.188645529061432
343.59015463783453
-4.907403603896644
-1.9535862096868584
23.418603783919025
-39.352120204565836
-43.67482803449093
123.93855282547361
-13.488714778341464
35.6700613967641
17.579196577424227
-0.744195734603589
65.70269043236567
58.83505652161875
-2.551878045012927
122.80205053841951
99.8381210698908
19.18176106144574
52.213179305469794
54.082808771576566
-63.178634459139175
76.24513309494517
-1.92024770337198
55.1471821878996
104.4125109440447
91.51475328668994
9.121468424252228
-94.2270146808005
103.22990615633307
22.72189701739613
113.48110689281776
-73.19195923150755
-29.48492768283222
-36.88848215051257
44.45878773773333
53.38909605218623
-16.12682053039441
57.229434877797445
17.937931312259025
79.52355216712738
118.88184722915685
-10.64775886894222
-106.34238911052671
-116.09318847205304
-112.75839566969944
-68.85456116344028
6.9349881134598945
-13.927407722715543
-6.67265601018324
-179.56000663769282
75.4437518509157
61.07122786628261
143.5082260078284
109.59524295569781
-138.270752436787
29.678703056928786
94.57903429206726
15.539851186490743
176.21351684545152
23.147636782900065
40.460496640830115
29.69969378554258
-16.288386351905864
15.981719515062201
23.73052340727645
116.60721585889678
53.31925010636178
22.650112661767253
-37.557477380550154
58.097220256185466
60.70129982874187
-4.792705981492418
10.600620462184416
99.82495744401353
-14.091695303674014
152.94010359783533
-35.82491430955179
23.697898530772008
-11.50877876738582
-109.7994065081507
66.25769143825028
-34.87982841718465
36.12691965300044
22.201169872768798
50.90947909933311
-40.974676205355536
68.2316686037849
-56.12235570885423
18.447794082244855
34.52496716394262
63.35650144982674
-103.62138569942117
-17.333953488920052
57.8583622112742
11.577386515090438
20.112569090133547
19.950694528029015
-65.07909787068365
13.735418655639123
105.74064596531844
-23.731639634992916
59.930707703497134
86.14267216379903
66.77850615293028
-32.83164020888287
70.175804564676
25.774612915374036
-0.7035983843235343
46.05079694610751
30.00633585967796
7.55304501501405
143.01878221254765
67.03249215691673
7.963101562436382
66.95808662171385
3.3114350754572683
-8.059464920752296
200.34040908775387
47.516739212397965
58.22376044891008
171.39786778522785
4.213650077179265
52.000832995152734
6.805602644805276
80.12485943250167
55.045227381703626
75.47503309006521
11.967263941038754
24.197082263567786
-1.7468809495012465
83.32107061669785
29.952417604097036
68.08334826408748
60.79174501658636
5.48066522149324
-21.422066834519683
44.100598998144676
47.22287481525996
64.89732344761524
-24.96480799174311
11.242605191078148
2.7917098516349785
47.436637563733655
89.36181158874265
56.41600039254623
4.723852558552421
33.1425290614889
168.04086908999034
176.31850041525558
24.388508856151173
-25.256377950559934
56.05590901144453
-90.85723093344313
-12.933758411467846
43.405667131176415
84.5757648005904
26.821931232952608
133.64331232291215
16.035798950251813
-10.012618244907364
71.28031402783881
81.32320338916679
189.42868870853954
17.844909600817292
-10.263563470504199
-219.72131336709364
-5.11696270146674
88.81766955593412
85.05079243754733
-48.60940941622357
-213.92231647294693
111.96651602076417
61.98640955096084
-2.65577181668732
-8.921766183909313
137.87972586615297
26.899223744101718
123.23041455689327
-29.45508109358252
-103.01382301427702
41.42421584766247
176.40377958324007
10.20590178369821
267.77807043871917
91.61569591355101
27.687255228024974
68.6321708351943
129.89302325272934
0.2831109461549204
43.84264418128748
5.5930636340935935
39.68299753353659
100.69883741378271
15.999828395043508
29.029300355222404
19.299446634776814
-181.60438117558533
-25.168792588557473
41.91782110777653
133.6845338228568
52.93713366671227
96.91146354409875
12.744178305859316
128.71448445302894
66.82553148579379
-106.83776389321012
-17.29756345920459
100.72397597467955
114.1227710042308
148.63627096980144
67.6695261781015
0.59900938864606
97.28716835224941
54.59346619677217
34.402566406361075
27.41138800904899
22.15652976958455
29.18068132043298
21.605550598322452
45.67236199861509
-654.4728255546024
36.407027837471425
35.52068087403586
120.61767539272898
49.5075828730529
80.60288618907089
116.63106094424074
-26.95569885362761
8.63391673833043
-28.794193556134964
-148.59528268828672
8.68538088792114
-121.32454150313424
-6.189565655423572
-6.621648512787287
-448.1063907752217
-48.3845473484098
42.08393892139884
-20.375848218012834
-19.552538654833825
27.60515471488027
58.92201446604713
99.79151156804545
65.21917785037897
-97.61585506741721
-34.75329178938144
-138.8536489074836
-257.2933451248746
-17.504355267323263
-112.81494568962717
5.713848784646871
-18.702494095985458
33.4082971885058
27.7470066023359
23.412576397562134
2.2772765986748227
21.793561538997082
52.50244812615836
-17.610001171347903
28.20380817793375
-11.752011109402796
67.43315032512788
92.05020386419937
161.62650104539375
-48.54586619953852
18.025252161467034
30.398143115619774
69.1680602374895
101.05752204384498
-65.80456836920803
39.319591614227974
21.77777406410265
-42.85104434328741
152.7652501886514
39.26293128815132
28.101707227012753
-105.84354049518242
-396.411692543664
81.72107478017156
112.34210760551741
62.96353456328052
16.51578760306405
-8.188807694159095
121.94459369852484
29.91940423082997
88.06587323216571
7.0050244878464225
12.677928222286857
38.79496256080924
-14.108752122557235
-17.852520034689405
70.09185540831322
27.312112288968972
37.07764558951455
-53.42277654848749
-153.79653546904865
-25.193351870263285
24.827064718961083
-82.34563143762671
49.78989146369013
-126.29664032829442
65.62326414118525
6.781014720757412
140.39522658702435
10.302946024665834
-63.549573072376006
96.44193616181454
74.05577614624241
68.29198138482093
76.02647627435317
7.098319496671905
165.28709634050165
88.99799463064892
51.4553250258316
36.76671438506782
74.25634309084828
73.4111094396676
30.18889141527643
-49.81164250425354
-154.53774295114818
-22.577647896142935
-9.32514883527952
41.866259369517124
107.72534948072735
-266.85824927141675
78.45098885873699
-135.50345779749205
-2.5894526732999954
-37.88731443932875
68.25302168793287
23.514259368851754
38.90224503597385
4.354492310639148
-19.03570727893066
108.44353332079254
73.56754074624635
95.42901670182982
67.33504083391722
35.29780149837808
-27.18850977911133
94.34166209562318
-25.76139123473469
130.55846532201122
22.772740907211233
-150.90039958913712
-79.58638533463
77.50778876691834
65.8787872187695
96.78869090904436
36.60678820029034
91.55561417775755
41.264311900918756
1.7808197500447915
63.58199747366325
81.84392906355092
76.5358434239493
302.81621735928184
-82.35550128281739
1322.2195512763092
71.48339510275036
114.84764564882403
-87.39401192998048
65.45918201938957
9.757103511113048
46.51958516009079
-21.80214871779811
-49.62618711581635
141.69366986965179
-3.521365995393353
104.38202226787871
-19.19041806126532
-43.98023021483319
50.69171732577789
-78.57547850200262
31.706747940341614
54.90949012571871
2.7420033749504
27.415618511103276
24.491631016981735
171.4342913221044
29.45894894344487
109.75879927714527
59.88457318413375
116.88968101407636
76.75522478528046
26.589745195557725
57.028215897159626
169.88166616055742
44.545522380451985
-339.3898538003996
56.675372486904365
7.658032604803254
-19.624684251612603
-150.01111860719175
46.60859026218059
77.36096888080738
-55.910664107760155
68.16338895558096
3.8039781022839634
45.2343560209797
21.67749844544147
109.10011459625548
64.26186650843097
-181.2188188742839
98.909016032831
-174.36560609638764
274.8348728762712
59.30548262953789
-1099.7952220000827
88.9136783653621
12.10373135393634
-38.204099042353846
-71.86546567323694
70.11831207099766
68.11103221328494
-34.62824141458942
-88.04063905570092
42.59611324760459
-1.172502184964036
-49.44251906565705
95.24102940164994
-127.03699101244365
-2.7115391972206453
2.093691209570636
51.61287558491677
51.64381708031624
116.2004003076895
23.379324747931605
-45.70031927345326
-47.09244794549074
-9.137621602574853
-56.08673071121166
-7.455140727067088
173.4258819072611
23.263562420986318
50.31911260903803
10.978994033258388
81.373276368451
127.50476896891769
73.13500958103873
-277.57163298500916
86.19952773906789
31.88077149847777
127.60486805999699
52.78191734772084
98.92581774996415
96.81512195907226
91.37571114616415
80.01969741316861
-137.52892178695402
27.517942259494305
13.219126149989279
127.72670644171194
-18.980065667790306
87.84020667418281
51.723892218893525
217.81836311601091
-72.61005219251366
120.50499562526352
59.04836645527757
129.66662258382803
258.76154910456535
20.126852016162957
-44.6715802348213
12.973654929039323
38.90112622757033
-82.79068676871248
32.95282845795282
116.72935948305894
150.8843451853345
128.4663804505817
109.00423099495583
-85.45506217517978
84.01972816247866
67.46781739995174
114.81564889751132
0.792447757037321
-9.240771596994879
12.05260671366738
20.127107828534335
39.78005980404987
171.81848518456354
12.61285791630079
17.063592838831937
-32.98707994085953
65.88275162628611
42.543462752726
47.40031006197887
-74.11833889120271
35.37304631791443
-326.0603663066786
153.8795721631268
13.014449125906594
-75.51844068365926
9.294026960079009
40.46537944213014
64.63529720652971
43.493752545139316
-84.2931939109921
65.90674115416486
12.309673455783683
76.54824579268357
40.940154781284946
-31.055110910205062
83.07670558581663
96.932862910312
11.027630967865393
-9.400936158820627
33.77414250977161
5.6915672429000495
48.80287203237451
21.33367739797768
15.107029742657737
-34.435029595265405
27.359828847158244
135.78306849202136
-64.89201218167545
77.59575338306195
121.6189884309415
96.48819871038495
101.44041912840646
64.6045422594334
-80.77006170019467
-155.54495997320646
174.9692701041913
125.25254317624285
-1.4746956105114748
8.165413136282211
-223.58107964199917
109.1538483299073
-11.187744395785687
23.819827708312744
-13.921988102362775
92.27079108529011
66.76897567875176
-14.987392494014852
39.091708915447725
-55.54811458196173
43.468022519913475
88.51280586738267
143.48093141245954
107.60705288057352
-2.3702885216841807
-12.615505313456282
-130.3698315097672
17.648883371896773
16.049243684024987
42.60220154388185
-5.713008491559098
-27.956476084192833
128.64833499083215
51.41347180175396
46.60877728191104
157.04416646182062
42.138731366293825
3.3048066589429426
88.12560738637649
9.575978944044891
130.13341837402095
62.42453292556979
-45.756061894871436
-19.59640058322111
-14.241556669662714
-42.16555462881661
1.4329200184279216
-111.12461797382639
71.60706721381132
76.85107641349327
143.22339780879656
-3.0086466561417238
-50.7885582219904
155.56480666585412
-4.715083574415712
34.64576670646446
-95.67758826227055
59.359454222506315
79.45348761269724
84.08553155415262
84.51848447714517
-90.5882427853785
-240.43280217146003
-7.8651791501088155
53.288260781102785
149.77979617110668
-43.66743205927787
83.39495157700185
-6.414370179391099
-218.25101028057088
-12.51358320228774
-156.0597017283999
4.393650160723155
19.410133449977366
70.36922691353865
67.82151395122342
6.598281110570497
-79.98501570019314
183.9557945463639
236.27033431405334
132.82430817754857
88.23636803282284
-50.79666579778586
-11.394107634885032
57.54964580389388
137.22394352301308
40.91526482837213
142.63596486959432
3.5715598527018173
9.849927344153475
170.22709943900531
139.54748414089318
-16.951810622120153
-117.52879057873179
55.81462654064984
-212.48738557977413
68.10753751405746
-19.10016595133675
-1.3454801528255533
-120.32007133483239
-28.540383140693393
72.0184545746647
32.74900533773936
147.58668878629283
44.840450532198616
72.0559575223229
1.1135235716736673
26.949439143223756
-77.4659374249959
12.058495972199234
98.50870334967703
20.174635882322534
123.00978422685421
23.653340669976387
15.955094155988208
24.008132434911808
79.74312226044503
106.41007663589335
-5.228442092222394
-86.1234997236661
-102.89112567746633
167.79905096705124
11.582200493204267
118.21989798469849
29.33659654626581
81.50819877728372
64.80299427494128
76.50413166182011
153.28595329496375
18.569493619745952
-84.38690582796636
78.68399173420676
83.98678810160027
16.209502431098667
129.35302968870565
16.97907236619188
49.902278560767854
-335.3372892273624
-323.08162080686
44.72097031701733
-1.8642362275978002
63.906486297761035
53.22786535187713
18.586641603998828
-344.8105690943121
64.4097915797447
-17.45744343584719
31.396297406386935
-60.726810473491696
35.1784586086687
49.75791411625511
29.040332174974473
36.4514426246594
27.63121134428429
-15.033487856043331
41.20772948916573
-68.55126728539264
66.1906944798211
551.1131660229976
-6.504989256281931
5.76644153970338
5.689120783571327
138.88740978985334
-67.42505131425469
28.818856689336048
161.89093776099162
155.23055812805615
58.66155939988312
-41.74208210906454
70.33268472549298
-1.6025779795967612
64.1572903337727
70.52273592414483
153.91125989103125
54.887002422624676
38.65310238706121
63.037651994420514
197.41139074110652
59.31639437874128
36.65726542090624
21.35301589856182
127.95119930152032
-189.236262317615
42.52284978352327
26.46769575594562
108.16648070689143
79.2244587410014
-622.8360125474378
118.65879742798336
-2.6669432077342528
-60.02051863467659
-40.64156502920332
71.2541267074107
-20.400920549877824
-28.532519068605325
31.658905719095788
20.787688058701054
56.11341551751701
149.88793119493687
29.388943604252503
-9.048410409262596
28.235645770422707
26.18871494460052
25.2933033721375
5.351648158442297
56.12156265239321
83.15006040599695
-45.637264920933696
49.46432921396308
74.4140337603576
-198.7542561503476
-135.19958781760442
-6.378674092439141
23.875378275070386
110.43799449477888
4.470026067549446
78.68330967293412
-32.65400905136988
136.15925509910676
76.68613669542034
79.6535752489408
39.48462900821899
44.56840591923624
17.121733585431546
67.10874416967579
-279.58436443191385
-166.3072450181562
47.6010050249472
46.47651880730564
21.756939648793264
-279.62368042869366
82.32849020961567
46.15492468968475
28.989885448768128
97.771137819817
31.1659240541951
104.74897140734038
50.416318565303754
84.23397607979086
104.80993803524234
-62.72708265567144
-10.360943807937918
-4.786343667506934
117.99871779568252
24.57106847843396
-644.4155913635757
69.27242003218089
73.32750729760494
117.39697151561768
63.07848078693181
71.42714733352955
64.78212437140155
84.67137038517103
114.59009727890316
154.65093111275473
95.70530330281736
103.14509566167908
104.97491181959776
236.4633912442896
28.219546753572825
188.00401488109765
-48.62083339584569
-93.43475102614912
371.2473119503693
128.54990746845885
6.871308188303544
-97.53387882786774
-22.432520242971805
4.831524631194952
88.78934856959802
15.407255351097774
-162.5068754144677
-7.739337294127217
-217.6777622725058
-146.79044858809766
94.63895138105681
84.56822137587551
62.59335681524044
47.86756224717911
-0.9897275790234517
96.4654214542652
111.80547749362631
-23.430653940416505
137.22348953827304
-65.51695132053214
162.69906902274988
-38.023004606947325
-28.978337585437895
-7.205109295716019
208.54336332590628
137.8407897067873
-6.593078983087139
-15.20559013946174
-67.61692083056732
41.18096924642673
13.213251808449115
60.766607449480034
75.18481645077145
37.23851926032365
81.8328677028324
-0.7109515911316167
17.75592560071825
48.73891083238232
-39.81591841222294
18.847343848749208
24.790302336884306
5.195257304263123
36.49176661952606
-22.106593653636594
-142.01511768261207
-318.68032834449195
30.25184197080125
58.428870590384804
72.52480421202057
10.54595253468824
101.07736061607056
-24.71153959791991
28.40664725897932
-10.247633205682199
131.3732092521443
42.196652324617105
-112.5412391030759
181.31652388577686
71.26683922121083
32.69113450018665
61.64339584124309
-94.19798334959842
8.373082217896982
100.27922923736628
-55.3638248318144
-13.474771603140129
149.97604419085496
-63.566021839989844
-230.55207905088037
-44.668425993917936
166.42116066282324
-8.95687186059856
-20.038328798698743
96.6126262910966
-33.24760000989454
98.11410430186106
114.77906628453957
4.5059817488034115
22.032488402914538
7.31539105131729
107.45127850450945
-0.7520480651769503
25.998859947347455
8.793333047457626
-2.9168704229654447
-40.02199895414469
15.459093610131944
116.20463823362616
28.94745432059732
39.265879797872
44.552568538889716
-26.136685463156027
56.58482615358535
42.94863215820952
10.004356374334698
146.8851400640715
3.6986989644721495
-10.491540631113054
59.35931064867589
-59.0793729369232
39.84201560971982
184.51930744326228
18.724050104125627
166.92028821037593
25.223370438853213
49.33797011073896
-190.77248061482487
42.57841554037371
-2.0687099689026827
56.06682160638627
103.5271376627752
111.3292443876004
88.53947949311623
131.65766095059507
164.89099652136883
-172.92774618500334
-10.201973802160865
53.379734651352585
38.442449939629114
-50.34227537440529
48.65180860188964
63.77002137747421
27.80453298180214
-153.40870280951913
100.54052286133674
3.5537339051860393
3.6523141295106143
36.40942984516596
168.3967784347501
-10.18911938437771
64.93452744292334
-9.809971446471309
30.602763263925556
-104.43585346314603
168.9501099054628
370.49905446144294
20.06028741028902
61.65078879987186
-96.93586493773
241.46228828046378
45.84258895860694
96.37185838249923
-26.225615228848255
61.426035520131336
-54.66546288661955
104.32315317987877
73.51695594838748
139.91676684125173
64.97692916894692
15.127588327280598
202.9715724653347
-38.8339527023154
65.18433031974132
-5.720650225285521
-37.458458663132205
59.57613872338737
-114.72328913554611
43.18027387767643
-0.33062554421190177
-19.840242141666295
77.7044460776674
61.280842342408285
39.85183776269433
113.28452027112576
52.488321641911284
26.3250178803767
45.60588603880411
103.10864948865793
19.194751959605597
24.29248793616915
-23.99304563814394
10.428562640422143
171.996657006747
41.918389677441006
19.998164454608286
11.021464726635685
53.28299240176415
-17.916724030968
23.86274501488579
122.46772449359196
64.26360348158107
134.22453459667122
133.06002053663065
105.80514213152628
11.610385610192964
-7.349509503487375
121.88718168069818
26.382188515413496
122.86475489927943
111.22663241348164
59.79928284344106
-62.85253428109445
-90.36478394937058
109.38087257808002
-6.389309183673998
-368.6321614002836
3.45049920227234
67.95199053731812
43.46282150521769
94.4379637064826
138.86513899739612
36.556129604340185
54.66714284824377
-138.11489998678599
100.2245091161592
73.03918899952123
20.124305748307766
36.28814634980347
124.29869299841903
5.437704159133672
48.95611637226668
43.701883984942164
-5.923396985646688
50.43531537684717
70.7377985932203
78.23540159780282
-246.1424303980528
-47.34919101972537
-43.043618303296235
10.493358508790152
110.36344866436616
116.04707252434105
87.64762981782496
27.47381928692981
229.55189108414515
119.70128055394844
-29.27769981477104
1.2735208709100334
115.57448908360948
135.63427416106742
110.91435763815343
112.57070536345054
104.85944172240715
-91.81792486568702
28.404952896485725
-31.736941811710377
14.711602092471004
53.27627220013111
34.03387022741117
49.5648884456253
20.830725261891715
21.942137228564206
125.48290133277305
88.03659948139057
31.983955841906884
-51.20623962896556
29.01929379777485
27.120843742708505
102.22901032815662
14.64866703926873
71.00511412274238
150.659056882404
25.104210992945546
187.7170126399442
79.05982482601235
37.063349057842885
-39.10838328807048
-141.1055022042342
257.3045167218852
-67.30528742325669
12.185060748415813
-95.93672038660907
-20.421701177688192
52.785255686430986
173.4565394075844
-165.01900465486656
49.30221515813544
33.161557394314116
-44.26697128165688
1.1259847885358403
-105.39024158180109
112.58363370676216
56.68460869181825
98.46438295600137
-77.24310619947119
32.78307020449529
93.45344350873802
-17.936036174259698
98.06311919427242
43.19333089882866
-113.26959019897731
-28.04689042100017
47.37702697919241
-341.35573921417745
-31.307328128267272
93.74898023707101
-65.95394791086801
33.08701192908098
-86.61394689041981
3.9981549074645955
17.542689468095034
21.874181155663432
36.880203890237404
11.63034857443472
34.8370676617281
-138.47177152983713
-133.04303856639035
-159.43918454975477
77.5462347067571
33.492787956724975
13.769694438594797
176.87228007143494
-299.5346751324805
29.844696193232423
24.68821310066278
80.50344881004776
42.09647379113267
-47.00515054377229
-198.68222601527577
23.123651703583164
99.18602404388457
4.052892278110928
66.90592932234631
77.37705048080201
81.65113320473029
22.630379217030168
-2.9240407819439698
173.39961372451057
-68.67958054025667
22.035359139778905
84.09159083330132
12.169946377672598
7.308423956410479
205.1790909338797
-238.108259148481
-17.642470527707683
69.35822113136572
56.75388297701198
75.57656546721319
165.4723123186675
-2.3137356974275463
106.78959307446894
43.66249568217903
1.895622398685794
-35.11960548779098
47.07496260357357
83.06095897459252
24.72896011843547
123.32176337019382
32.79764328913536
49.056094134603526
-30.340910117178
31.972087249726968
2.5187957312555227
55.68659582618142
2.92139102286678
217.909334390622
12.218941048080524
-9.009999781474107
108.45089945366226
74.9884544360043
173.3227097459203
-194.86421857269488
6.565562396366801
-25.434589477863483
64.90128862775452
72.64988276603754
-165.18031547636656
-372.5351547610462
24.169850865563603
15.661630032830542
-55.905022568311054
89.12945071405693
184.95778162142233
72.56029802964821
3.7147818561335866
43.06162490296538
-132.2770527330249
71.59638984677304
11.678065746721755
51.42025596900968
-40.69493069418465
-46.35391435326993
69.7433528076017
-22.99356566320205
36.41561778731966
-197.17506922828443
70.75549173766154
107.42338322542355
77.46615700888924
-25.698319706843563
53.1014715970889
37.304382827382554
78.60136027783301
174.13569907773126
30.87553747154152
181.39236468461786
4.695619579436114
33.82893596589808
-5.0441935600947545
18.143821944543106
30.958050984493184
67.03389014756613
-33.64854317670779
42.69048142385816
69.66597711169061
-57.91801079008428
198.00143550768007
147.36686625391167
37.5907644687236
67.97377133225973
98.21705653856111
-7.42778222809828
-1.050967847693411
113.18708433155962
202.48983446344755
42.65287974224198
104.83921186314342
56.87370010259948
-9.695425680447036
51.540197861496104
-140.77666420297
2.0685879317206854
-12.666773351935177
40.60456234176053
84.92068228943162
62.00914688737919
-56.37406893428192
-15.679380658692542
3.236609307236904
70.23866449087564
20.756707088444273
-43.37898969827256
178.94299249683672
42.17185232212468
128.34882992948565
69.92230213008503
-47.54049699841562
-39.27134379752934
2.7006131498883623
81.24677476082616
69.75161817793344
24.49217478140081
42.62744137993286
-127.67454685991424
-157.76386676489437
-177.52219469276906
34.99003522217595
12.356748385360316
-99.05780781786143
182.08317624553638
-220.8111322271102
-1.3365398781687332
49.86854450726494
-86.78879675681802
44.30789939014417
30.923835936674323
-46.08173271407962
62.724000898879154
-14.762151185021139
127.94319442914934
101.34898867088759
-81.25633932707842
-21.356976807455794
-17.52423952852528
44.61014508385142
-99.97505632083937
74.94204065243366
-124.3775941958138
79.84862680546053
-127.6857367653397
-13.251235640854839
21.007369978142833
44.48008149593289
40.26734654070037
84.43303416841127
258.8565295767585
32.964326859046196
85.08268434596704
56.885015669919085
7.515018551281213
88.80788865567274
273.4440218259597
-111.216694552425
-3.1527555343938047
29.852873525531322
65.49024124734763
83.99317411663787
45.57288292241407
-1.7491410666865348
10.78707733841125
-6.272781440160998
83.27819076590549
8.030186999586025
26.614556746626217
36.03562882400638
39.90581013714036
37.128465601426306
13.959307596783768
47.299488610301715
-0.1932563163646813
69.31846637118451
128.30755083234476
50.76017872522698
14.749515364587978
27.32166362741026
88.47358602366978
94.31961981165341
52.44437737668159
-3.6895262001811897
47.27651257383238
20.335316368536613
34.623850242273875
11.502934217357506
47.583163170219905
88.18711979839159
57.28724843530685
49.79904724330163
12.5688915646449
21.295942660383105
58.332185951183874
21.861319335458237
-248.78966211450006
-12.621203099148374
51.98336133648911
49.25833970970136
44.51191354513912
3.8481193614728966
150.4046373909996
88.02556163885947
76.7885711421288
-7.029120610582595
-90.42587651814529
50.617006381544286
43.017365795214246
208.35766481198448
94.70195611628378
100.56922056168969
15.154590806880378
81.89873814414113
35.97774706979817
56.352212236359264
-33.24392206525317
100.07018224147487
50.94842409220115
84.41735579965462
43.068366482651435
79.55205121025926
-55.82747744036578
48.630099186875576
3.5249581441435254
40.74557096461708
-18.418297346147483
10.877365126528087
-65.27685970566654
-60.450050852830834
3.038159305570096
-84.71469012529123
109.31987741714966
-24.43946348002646
16.40665639100453
-14.550573701588746
122.3997960946017
-21.660012761376752
-14.049217685620777
6.8308208483183535
28.52062149627818
59.34405021100065
94.7813499678116
12.158258419555137
33.02338069507532
-226.30028526466958
-78.40225951998127
47.342104232767724
26.206778528235645
25.718109281144734
148.29356291503836
67.98490556947476
47.83481598147091
-40.15733066185711
-467.0457850518833
9.149084487257957
65.19436534689115
22.68470390323182
230.35071595769796
-124.13564107182901
-357.79432305881346
55.58283769764466
79.70483337967369
-42.60989163793192
-56.1904731873114
-61.58815326657903
-90.09192274965517
29.859955867271943
30.798483640151233
274.9393069809312
65.43226639379645
223.6435358853778
29.478806653369247
-227.32479026167357
44.489637867510055
55.32918693238016
118.2926947172873
91.41337551522975
-117.64745366451643
28.79415227141384
149.00000565197115
46.17154151998627
63.22715529154317
-73.5574267031152
24.912356956202657
-446.36763123494165
22.225877173168904
-172.71408428563265
-25.67274594195851
18.50077180072094
-118.46252651245257
40.62908496059799
59.00811084831628
-3.8049707216641764
1.692238048988953
4.3834364198181515
105.19207654598313
41.34097229097834
57.56718537180333
68.40472992941264
28.01417357374703
21.985083143677457
143.4842831857493
4.894980036594262
91.9206486736507
92.72266501425884
46.31872311950485
-56.98295399071479
42.809957074825434
26.78670526216341
-8.63501910681316
-47.07854265238984
59.66465682065527
96.12007954981163
19.325675977268446
-222.45742041126096
75.35089853742238
30.60461166734194
172.39385889883806
42.85963076839931
94.82471707586296
51.705244974048874
35.151444345285654
39.33228893980116
97.19755886613018
116.50106468857985
51.64069479242073
108.79505400008202
144.28633913088584
-100.19402430724949
44.28285370833106
70.52664491661517
-68.20745132282991
52.121133812713424
44.47487999919508
-13.65041518686894
112.18411500887805
140.78290674327786
14.647771216848014
37.888427519113975
85.39557636229006
-53.45043486760527
77.46219839041996
5.167006918432085
-6.379294589117323
80.81113810684974
67.14212965919478
50.5153113366016
-7.850548514921627
-19.51781728188098
24.390372757927707
25.331106510938753
77.55356067492562
23.743814107200357
7.028147313757204
18.608386013155858
-19.967864048076535
-1.9053596885687512
45.297775978730925
17.795003475490617
112.58708768525162
18.728821485370975
-8.647164438521031
17.41283702228144
62.8991577969598
1369.892730556091
76.58077352070495
-85.10978284548128
233.74490660099218
23.68345632905585
38.56797077781721
40.92576245580358
22.86582312865563
52.73249296935036
8.271676650851884
107.56845502101942
99.09260044961547
96.8142416409928
-56.80727918977029
9.3954391199149
49.46623492534127
-176.83967300686936
6.089384509868793
-278.4188032996808
32.787205607036974
-122.20179562622388
74.31260999730569
-26.361174403264158
-44.4334855868012
-120.64580998471956
-46.216533797615284
29.93508581380577
28.50806823583726
115.17825958046205
122.33497949316461
11.496279947962648
18.735621485958276
47.90672711801966
4.430721317070688
31.97891738623798
76.10869306719661
67.23110351992636
8.583240824163003
-12.283874198223202
-84.65534825258555
63.566919337889686
15.138533102975998
10.048726055386046
58.28090825269828
43.30960168418016
143.5574307174902
77.72416532001898
116.15301158824968
-43.93440383758197
54.78786137924891
37.34535348753799
-18.186496089856632
75.7036328639208
38.97089923508295
-262.69787091319154
-201.30045058059977
-17.57159949527977
8.647227493137734
-126.94772563332845
101.12953685624393
-30.931014270589003
193.13758925621096
41.739350227726064
112.06454590231567
-8.536214929984085
57.93884787798497
34.754021174912815
10.803548939102257
12.369561508379874
109.39472953768109
109.01702646925128
128.7479962682355
-18.058827494769503
35.60158452540183
-48.43351019713555
45.57817754997632
-4.59615686827749
153.92112619066438
72.79334954721479
267.1960146372103
17.338684871928137
-59.46942185328135
56.12151652562545
123.15041272414771
166.93774208913464
62.488300962140784
109.09867764629007
15.79618262779475
0.4835842972482519
99.02020240498177
30.425799983938987
-10.277193406242077
49.467109818660106
45.90761308287574
-40.792877396769576
-11.864557883312045
77.0016697208921
43.63367799285332
24.222544238722094
20.13035624890881
-74.4530317830081
12.271841346272275
19.334941828034125
-249.52104248385785
68.97623705917385
17.67825502349391
-34.72702897102636
101.36647135536577
29.18486545862768
-6.425044213255468
-64.37329070003875
-91.96654198118722
114.27829875296993
119.65491336894047
-267.4041646787364
-12.531143634797843
66.53800022734049
-696.9418706193949
1.8171583302352587
119.92270114920211
62.046603374610356
82.43768173360081
-18.72175642768545
48.22453525347794
24.73537513467336
115.68902994305154
13.201718236657143
-9.945833821854649
40.59972949781479
21.857861930632584
9.277814159385755
-20.1451479594989
-4.2666210839989525
-87.91937940506978
-2.4112500345094823
71.4628522802667
-81.69589176178579
62.321577917419404
12.481947546736137
-194.51579696610952
10.051869596972665
50.29693623447917
114.87492908066667
117.99327240546108
-128.9491833389866
116.98896491799655
83.00865981603329
123.48700609375419
69.09967147962641
-0.7682369642864298
10.888597676537529
-194.5985312844914
-201.716414400767
8.8708527855905
1.8321530198460008
189.29050034301054
-55.485766587874764
53.122423410192056
-82.67216763170154
60.754651870448924
136.18152370648932
58.15498126263674
36.384305042670846
53.02010260882949
131.10684220313306
153.86311047490926
-12.729353715174497
0.02150160099608911
32.00568295069752
-50.13371122696208
-14.247033735857713
-13.469245392167977
3.070014318374866
28.979753155250506
225.0108934425366
94.905058585794
94.36768314072151
4.889081238490377
63.19797232682265
138.88253948089778
114.6522913853255
65.42986442002939
119.4578745456356
7.550780144039856
142.35609702370675
3.1157393586549915
14.577615695297624
-95.09030751315653
-65.44273356691747
-11.716194675695114
94.17763973436121
47.512393892987205
123.39632460211146
-4.070933801635817
24.21226159314883
36.55407195866076
13.587693147351274
-0.9750684275399999
69.89610938917212
134.9120033606232
158.03918727580094
11.363774015622697
84.59967613636422
-12.356832779007163
30.55668940407662
95.29530960906527
73.58615882780883
-212.13321986601795
-40.47367761181607
38.32086996873687
124.32201563514332
58.770655511214045
91.46193065611328
183.48638608312558
193.17435141906935
-2.6488132556113175
16.56756714994627
149.55865855073444
55.60498210042081
62.43726644960259
-71.6106311410158
-14.103879909675015
-25.979615859306705
68.79361977761664
30.46454620880727
95.3555599570773
2.548156443104792
-190.83909045250448
21.327419897605125
62.22160774689124
32.97106985163659
31.7379822428852
-29.453036887242433
52.3229011904841
20.343431423924528
14.643682437446563
-157.63729566932852
-144.54363407922347
-98.00405719157607
51.464334635985324
-358.91201002636353
7.327831905633047
151.7926558535737
-120.1307070867997
41.515006758417115
28.900873518360005
204.32409842132984
166.6728047333695
104.23458720755298
189.4058343684717
59.47592918928116
-75.18124696233781
125.43801023879223
137.02068729747816
25.97034646518796
41.169927879322586
52.45435886649483
8.696516624661317
-89.01176233535443
23.68337909047376
97.66302121449007
74.93312766434974
24.57345983395652
54.428741551117824
27.69470650297975
41.86009065772822
47.972983897063074
21.70784516390904
71.50800883461852
-39.291571855580514
20.336538174088723
37.13403807702389
-229.78044883643634
28.639069888213044
124.58515647419517
11.454911517461113
35.86765006953405
-701.9624630023263
20.485168961034052
62.614455904549146
-109.36791231689949
63.65517393156529
-30.053285640479373
34.30583189980413
95.90574933523953
68.42841246846555
-451.45880275015355
168.59009685704336
23.528559988117195
234.9572553460107
86.6139485909489
13.035185681211882
-16.985239852105906
-52.41491284911126
14.65836700507343
-59.53770656856159
-272.91271339261493
-55.93955081890731
57.029147599799046
-4.53387928601113
-1.0973723924757417
25.500870587856753
-45.738313774127164
29.76563633235658
36.07645867280735
67.99690883412677
14.651653957881948
48.83732975663759
85.60690220763809
124.02208200411906
-62.078261887446764
25.936053931741668
99.89953588398362
47.63912700090356
10.486526369398689
33.726620728603244
-2.9404303494943447
133.14064048871705
56.77748499568415
52.71665599454081
91.7770789151798
-321.6343255599988
19.190547755876707
66.1335764092812
211.6995984934647
-158.02359961923594
25.6031559136768
-111.5636996132016
48.19923397931575
-9.377474631361848
-2.95415563393693
87.65773119101732
20.286151872115685
257.5243947082886
0.8166088556135946
26.406905638557014
33.455927024064295
-27.542635546578367
116.87154346607349
62.88652124776581
6.924702966801533
-41.060646820918464
9.312975924005539
79.13242082923898
-46.42372936784159
22.41754757843484
68.6461606629976
74.68042846640537
5.230110879141193
75.97923880633925
56.56603410722294
-66.03186516150618
152.58480746240912
-6.619893969261284
27.358676750969813
95.80789948845211
69.10731646374808
-104.39499234869436
-49.66135997652418
130.33807435999825
106.11252500630667
63.07941633119691
-252.43050960458822
88.9608129159949
154.0076922747212
-110.79634356597717
-324.84061945892245
10.26073548759642
234.4386619189645
-10.533886087987412
7.714494023526186
93.16376104228584
98.35021320041506
20.126680366469827
26.34940133244254
-80.34659790684555
27.46969235666711
58.5031367994593
45.74886191685595
-11.14398974142924
0.23210347476469906
-5.336765624898817
-30.61533193780815
50.43752917292387
-139.33363702014321
-77.92626237431224
91.91605901784669
-26.269670735252323
-35.850200516757276
-93.57178809017933
5.940191382305045
162.67216022311322
-181.01921655436263
50.30530361201987
75.2025054556538
49.85199689638512
0.04563228229289962
38.046766209056955
193.28294220872976
77.3527842129538
-2.8373653507157144
79.86650517552016
-5.535807286454656
29.160024898801446
64.40209178087412
-136.75633180082514
94.52381512153715
-11.952983907153325
103.54972533915634
-5.150497390387272
28.0903903399775
56.90706454034944
50.45380016977265
-16.77181395925936
-45.34085278028033
0.23356134817091323
25.829781882300225
37.33536530716671
120.6234862119727
38.91187127370457
-288.83876819284615
140.62861720979004
-11.981867983575777
118.3026864260928
82.21939751506923
-1.7750735260488
-13.443372418434137
-38.35087553198173
164.44883859802758
13.76275013227865
-75.45623602623937
81.79578926728254
48.23496496390554
8.119407631443929
103.04151097107962
9.073413803860907
162.2961308460699
-16.382386096036598
-14.393703431142058
36.389490928297164
-215.2399809084227
-116.0864908213307
0.7658743818690255
55.219119855468506
93.85605269174584
-45.5383267437625
56.79698124123144
-182.42631494865554
19.721448571274095
-78.5017632926565
15.0470041613071
28.700247305409082
-161.82871928317672
-31.69537899296151
144.95865745447327
24.930963975994246
94.53654366898809
-69.3427626926632
119.15450005758612
48.17931720215721
97.08676131384766
-26.788580359952903
-70.54306215753604
88.57066858547478
-111.62650199665586
-73.31047134906521
102.31641414450382
96.34194633015568
175.5385962059645
13.162211054432534
47.38202952899181
141.96358450013486
63.54481379808396
120.66940366765175
131.87871570387506
41.226449238693206
44.428717711964396
35.822710659512786
59.27349740442975
35.388637973428914
15.536644244944082
26.612300310949927
-60.170622396102516
5.039302964062472
25.425014450536374
22.886787014308787
-43.03960939680837
104.71978136290272
19.782176422257667
-45.4634635088878
-12.413559717656092
-16.329415347912345
28.86284508086692
-49.724821057583995
170.1041583658689
49.33304738649066
106.05603612494679
9.044670685234209
-564.1680538473593
166.56489330556678
-0.9833651062506021
75.52034312010073
9.165320496817055
76.16306832622877
63.497571732187254
31.298843329315936
-879.9961688669333
-244.984858845517
13.042945393231209
167.64334359206714
216.55244185962647
10.999709430148807
68.97503375520193
16.909261550509505
95.87741536845533
-97.75539690464939
62.19701485938094
174.592714658364
29.126407591162206
-457.30758980472666
52.74993621553824
62.07654676686947
20.198579924419125
128.72571671427067
51.35835768523066
55.122229185610486
-27.37289461559294
81.47710368069738
22.021356034926452
-75.67459032750776
-48.74810190470271
31.849329205970378
-18.279285993161977
-18.589578798476477
-125.66877129863406
19.223995375609377
22.972913625754547
63.44671078776797
128.58585096141496
96.83924928885244
84.56002704330973
71.86059939623556
44.96749960025363
87.23938700813869
163.88202419154732
40.812794704336284
-18.86398410860056
-252.3735162840494
-31.109238577965698
40.105376933125626
20.426113889809084
5.961258968177361
-4.478697573158167
33.16369703371902
31.38539339880981
12.464546091678358
22.11190595291896
52.98832120664747
67.90050459288341
-12.3789543652793
-13.816589844125701
-762.6935779695832
79.20679841781839
24.096947659970915
-9.375200737986006
-173.26219026670378
23.170782701308124
0.9057447667955785
-42.32200870192855
-8.480498040207364
23.23968805814518
25.985495241367516
90.63226435349651
55.19713816011199
53.13476504802475
-199.96789437961434
121.90324493424487
31.72243121561678
106.02243071013822
-4.038439181627382
27.193817632704125
-92.06752605661723
20.7324743740312
203.38897463330704
-14.06172970278914
-46.82186423626899
78.2001994043203
-23.669135208586795
-167.50867723840474
20.244496066579785
-67.05018761428525
45.31888501816377
48.67259656148485
46.60290590965921
39.07278018966235
12.231252671116541
-127.69995355698029
5.78325507624593
76.20366133926134
64.68234042287634
138.76763314996072
-27.587786217336543
43.07379100860348
-28.220925359179326
10.16678450184086
-63.029922371649036
12.013455947419319
-78.07820912624447
44.308974311322004
49.70560245350457
26.862300424917038
147.40186299007405
64.96130723801025
135.0423370005301
19.868351904112657
150.4326611737083
153.69148635099782
65.99405374213438
21.67216500303846
60.206492268883494
73.96701635038016
38.35711948025809
62.3172523599475
25.513230616306544
-9.369090586238602
50.30531152073037
-55.03880847642267
46.38002989661322
67.83003663961063
90.07479214848695
-13.482439671752672
40.16327099539862
57.21042097437714
192.27093938751977
58.94395009993757
84.78292397879545
71.6094978264261
69.24496078390034
11.904597506048049
110.60249761094747
-7.564674980202579
-30.209911189441215
-549.2486324485145
-27.597181520040067
7.613703973428784
55.565886144026535
120.67087067922171
81.7466549137024
64.90697282413997
85.63027127996133
-267.8532904415724
28.554679364473486
89.58376992177045
-34.42278861104114
-6.1137142983635595
9.20471621377601
129.33902057380055
16.22866693688617
-21.64202728574611
16.395858397534965
66.09552800807069
57.25053978229636
-1.4368104229584429
122.65694289950784
96.54325863267661
44.844247970489135
45.480941560011274
-34.9479499503268
56.211495468149025
-73.95384549252867
24.052447865653807
17.85561057833926
-1.1381474933654872
4.746614542716543
92.43845423154653
50.19336550774216
72.16283451030299
184.630729098928
81.46779603918276
-17.761786435865286
15.423704000017551
-1.8698479679272852
150.17192418450077
197.8707019997414
-259.20689729587775
76.11610829441815
-194.78855166396534
49.28187512810007
-8.849221085406498
11.024502164872956
31.836686864370733
158.33014945614605
127.74926188405561
26.760123255236067
116.16705235287054
16.254326505253044
66.47668292055778
12.311712055425687
31.477665481632773
-90.9461919587934
51.704526036310085
94.08853128202009
25.966828499682684
56.579123900412114
-72.60985382410897
123.2312417148421
81.60099776715629
19.04291846662545
23.008401978428246
65.50026811417843
4.704991201242169
-65.44642934951253
13.738802363796822
118.92710236574885
-75.33714235734897
2.7848303823825518
131.30464256496725
-60.96833434188056
44.48398861272713
112.13914331811145
64.96805199713401
-245.87947854010963
164.72606708865396
39.710055219741484
-235.0606657994981
66.18195254031733
119.7811121030411
37.90086580619653
-663.470449469314
47.03608844241429
-3.755802902047435
32.16610934974642
93.98866371798317
-55.939210925250336
25.312772570439506
-33.88441409978219
123.44584817396162
125.23583594750562
50.77359119919072
81.20972132553561
27.81917203297462
174.7427494089461
28.126112672360968
-0.453042947472906
-37.07023701758459
59.173034079213025
33.01910800917631
36.45857781679237
-170.83284237934004
490.8603008950158
-38.890153899155955
-127.21631952297139
25.80847022872315
-48.40605839152386
114.95790093835876
30.94413556215318
88.3771237940058
-2.3134877504826363
79.17183360938895
48.204907722665915
31.53082535713429
134.5451293521876
-216.08469438710188
107.61307921922855
22.10813364461592
-47.30505240800949
95.46733489872156
-9.85537394696597
65.33831381428979
-1354.2347193175174
53.94957709808281
-263.00215713624675
111.76870733417263
9.326503296926603
94.99655284063579
76.00343744609799
47.0914162755844
131.29454989641067
199.75486708724293
-13.094246943549024
24.322550695347896
129.45530793389935
23.826757789006933
-451.27258825063564
17.554405784301284
-759.6175500854906
-33.41564761148038
3.1910245248132085
-175.23123441787902
45.45320811937745
154.65685739769287
65.42771641730849
15.402122077423295
100.09903084151324
64.84354724880814
80.62391420806762
26.936782766327674
-21.049495221627964
-151.92364578138086
34.57351914143851
41.712446927407655
-67.04326074016899
17.355729689499846
60.025685780471974
-19.749892257570366
-112.65129345265359
93.75923056411752
-81.63046646808743
-145.4061051200474
37.689217169672304
10.658124872994904
61.59558236928166
-6.025078726647735
102.79805777557158
8.305069231735171
-39.78981708080801
-66.4822903028817
224.1819401778639
-4.466803137980378
91.96369183558818
133.54468588880115
18.30442462217931
74.50269786378487
86.59271080474718
76.51264492251175
108.55623123780788
60.26172235475616
-204.77101912187482
26.76606437475408
131.74045667367773
69.34501504305354
64.97813236474758
47.83353901338842
109.1047810507057
45.8994608500212
-230.62135386704722
67.10064399560878
65.36898629096504
107.17724863739875
-11.175905674826893
38.47759344299277
128.23538077521607
-429.3202887059533
95.75023969239965
16.286730080550356
27.0403132666479
29.635569385045574
-35.559357886694556
-16.49270402495627
91.12922869076465
134.90620372258218
51.38035565686687
37.80714077418685
-18.74336802900622
-3.9292362697751795
55.3070779969463
-226.9640676240026
-119.41027629305245
-85.25516786868002
-112.32755277345132
94.02936927922656
-32.79479620525285
21.07053350881108
32.05670562716526
-131.9254674568324
30.66262985136203
90.33757689883396
31.972742519745594
-7.609212847621908
27.667107249521905
28.02538495459021
-21.277835979407882
78.62520559258462
52.31844097041313
-156.2767011942724
175.91947802111235
28.737050836622913
50.07476462010527
-20.018383955158242
19.138480277854796
25.427755493993573
116.0052042344023
-18.864480130122985
103.99065802029327
-29.762544983065915
-32.06832702810824
125.31477495784566
5.293875145737818
10.687717741514824
-94.46200243120393
-54.92201720105174
-41.45808215936495
87.47223808841878
76.92003982545657
125.90802269223582
9.281362228700337
20.861604302047454
3.443711146047081
17.088572151158324
15.408063492586123
1.6307381572372828
57.106842819357254
15.95544164288458
11.00266162745329
47.36039188011614
39.45956326750053
-18.935302475689696
47.20443995072109
61.2341785274275
79.17416134822327
-129.09221464087705
-18.834602595647993
-191.53309162072037
50.934445309677415
-4.304718374737945
-24.97444726100275
-13.706055160147116
1.0280434453767309
-2.9818164457538074
25.60857843914978
131.42040611563152
125.21552472675194
-19.69251881212438
142.13755764089456
-6.5741299931270305
77.12899541139802
110.87720013497221
208.99293224851453
28.987187314045514
268.31431078054493
53.76917219592768
27.687894342621803
46.178795494622136
286.3509939937794
28.61098844937169
43.69464378696284
-41.760596460426314
32.13202039236239
89.26897790435726
-58.880027315075665
-145.52299694027306
31.417883033738462
107.72803855756638
46.890030378334416
23.75711463251652
18.100924388326916
9.406355586019261
27.55016975026774
39.53042114283435
35.8178160742509
99.40733240480404
19.74024025379598
66.27693043797548
95.19148223583306
-3.2221015388681735
-36.10772161265277
2.7146563864453728
96.55157701769008
5.063553790818332
-8.55113025884566
-253.35764997931983
61.05048369739792
47.45701745782961
39.41822852173982
-146.1587444080369
73.03392419540796
55.90779974924446
186.13536028886938
77.4411032254809
3.7665186209613712
88.38608579538459
130.46462513594406
32.94745135832168
44.80567937405402
-69.80668478135448
54.91967387458669
52.4487859071819
10.809301830523964
17.886142308414037
111.64025502182676
47.68694656563119
-0.9305660851086941
22.128345026433635
27.84483042667982
0.14298467217486177
99.9570924653799
-46.835026163177645
48.167506039926906
-3.104306228958033
9.309806998155182
9.892615650203492
17.575010026118537
-35.84200517073662
22.35682775079613
144.492299328655
-50.91640398840855
-25.53902282397143
8.100566780569409
-226.41854719514686
-10.69803133547326
20.996683891321922
46.797553455781326
78.66625532995522
147.65253555392246
-446.02868395513724
104.28575091334869
25.89531764001751
17.500858911392697
45.714438797819824
70.14004810209747
59.320591400447796
-39.601606515827825
13.93968412276643
27.785472099119488
89.99898608911212
10.289182741963941
23.536515241611596
133.32082433525943
-5.146068658981676
-39.2199160603227
13.456015645097409
18.398289960156944
326.78556262336724
60.71569518156093
199.88363820674476
-259.40198797800576
36.95822728660366
75.63046426295637
73.38634967722828
133.71781250219533
99.34366326504096
-29.88526819906201
-34.83750860110158
-53.21373009948742
-134.78521428933436
68.84075174385089
57.147022779005056
72.5021980638966
88.60641409476784
5.127601855328322
32.82228778831749
143.31512896250115
-207.42683648766524
18.881092412929775
58.047693827398234
49.13523764479396
-31.814174341439934
-100.31810637360968
141.11015294886465
-65.99520400227539
4.891324009847722
-2.4852749670369008
2.523544884906187
-23.132201847518736
-40.2166374681583
61.36287586206336
8.225270201797924
139.75446124031396
-685.6740289061727
12.525223939528734
87.63221900928039
-84.09137785187886
-73.81206109102322
12.29721166887865
65.16382594941858
81.33839875354897
4.875844769056564
51.51301769921952
17.275237860482257
77.06154301942445
21.47498411126477
54.15721797194246
-13.12101735805648
16.38397353924347
14.806974064093211
34.668078497132306
8.890818812386897
123.33970157923704
168.38616423988515
76.5160767172691
32.62307643201403
52.439980810170056
100.24139985364491
-90.52560187763265
22.655688392532404
64.88301083608303
127.76902413792857
81.62902395403432
-1.7059697765812523
33.35836329061186
61.749468041651426
-6.327458011960516
116.31846121833223
89.33821304590788
-77.19435049608819
-12.121333134724864
-22.994307990532516
29.116819547334217
94.77109127345102
108.73739582544965
102.0486890987055
34.491749331866856
26.923113854747584
80.36328054747128
133.90137788591574
16.55892566617956
21.89888827285904
36.89800955497509
19.284356288922208
70.8612769449295
207.35476120108115
52.08120705866892
-134.93488633610013
35.15762116599808
37.66280561408257
42.894760190283336
-216.66566378215066
-49.49361307284926
32.229412742623026
-80.6210284830604
22.12136431427065
138.88453287506263
-7.659018009287138
6.780860611095704
61.513561508685484
-19.663177319710027
26.24327717202179
-98.05515596000618
63.475656108137855
88.36957993291219
-215.05796379713829
145.8255356507193
7.959397547541357
-40.232170188091004
9.3237803680274
50.82605049737914
26.791857584083573
37.152961393808496
32.392335035735854
109.23153430837465
52.33918317983792
68.23972300326804
86.11981433629535
129.9736391788374
138.80027271909694
130.02561467432452
65.48498519398157
35.327368280870914
-720.5298852451615
-278.14324031430715
139.51315761157548
145.8846590195053
94.67439190156347
44.81886483708297
85.01874057133978
31.114669738100886
-53.76400688083504
8.774947226326207
40.662496858792565
61.63835752797366
-140.0087745183796
147.69782710627987
138.38506621574697
0.6926284553581367
18.417195461328202
46.31129270393012
108.55293353743036
26.7493212677617
-34.64370369733655
53.24898210818452
56.1948969097657
24.831163583830985
73.802397289418
-109.48918778471852
92.13631390474916
143.04425473806214
-3.5906182255743104
48.025916153555954
-33.45194145280617
124.14785328458015
-13.669371784487874
15.805330460930346
-102.94304821612604
112.28592731059189
37.80922290726056
27.509582409911445
91.5195461224539
36.938347923180345
-15.680591407902284
-151.6069686447263
44.321087130845626
170.14814675340767
-105.33471204996977
6.243103744688369
-48.562408299682374
46.01642995697648
5.972055781590684
47.51491539965593
82.08786488540551
-18.713842118402162
63.70205502765975
-89.92939111897249
81.61118236691073
-32.94312005359643
135.29146094821
155.38488284702453
10.049746612447393
53.08244694491153
37.5645069127695
-5.151625495769573
16.422849611973106
109.65176553989295
110.33032907315237
555.9324990086234
-48.90227356696224
8.085681261401987
119.41620330547994
8.305495586361214
129.12713495740218
81.74645983201549
23.700421106251618
-91.6439302506733
33.23613305902853
58.946290995525715
92.69913308877722
68.81044705126206
72.80469931721291
52.09640179554185
103.18960762133543
237.55877198440294
0.683027494281894
-20.59178753407765
-23.05469523086021
-60.568721316624305
85.33726893478004
67.16512246499963
8.29669756441236
168.60067115183438
118.38209202790995
-80.98060351351296
53.56583193541695
209.21345760335953
159.1545749512038
10.69660919839228
95.50624992088729
193.04494449912045
80.62095646305511
30.065576315495946
-44.7360777046224
31.441735893643795
53.03306205828294
-113.69447542838407
127.1419496329504
24.333431396635586
-106.74450407684844
196.79542108663054
69.68456042358139
59.013141815665804
-3.117440422731153
22.195992041337178
39.24004772197151
-80.86466984427157
104.96850453951964
-83.60165920717645
60.653527302677304
72.37063811433472
160.3836202145867
63.01463144590389
16.110454605006296
41.12748196702613
5.4754096791024125
152.251706949879
9.076899888892228
174.08224772625817
51.89880713191191
21.62020155231429
228.4766080036543
89.27681087133936
2.244525001217896
15.283444586420789
-9.226389087050594
60.97149777272387
34.745191454930136
-53.481081132928814
2.8696547121644755
4.3884751990388216
113.75029882262334
152.56601071514478
145.70818137298738
-146.94825191111886
79.99281854560013
-32.981671814795845
47.94118387616879
118.11425543946189
-0.2791264267641993
-138.8528384616884
36.822538952780405
27.467784909237565
-19.691851627124105
64.48086923747178
25.088042154126924
69.16806814181521
-646.1365237124535
48.935424945007725
87.54001400802872
23.70512029722637
159.61632694637638
52.75831580781221
44.920237337237495
-10.286365394691407
-9.084175264359288
-6.61812098194423
63.706624874282
-174.51442313623193
153.3392533368983
-20.818838983169822
-52.878657226144696
46.90201428579633
30.86180688298191
56.81782758450572
29.39176024189254
150.73933312225608
11.78996788587978
46.84428673198113
22.456027072702454
-16.06988431201688
151.1722774529867
63.91920581686827
4.65530804069158
-64.06018159636241
26.18468945846848
62.642856386546086
119.10746963643942
45.319213443224726
-79.88495898947303
18.668220808979626
180.3096824236968
63.37229557913997
-57.69573861783211
49.587574234467866
38.66176169057538
0.9926502050138879
-32.29126650163789
-47.65811695022736
13.41850250753248
76.4541667680956
-885.9179033073424
20.052271845063654
29.42094986037149
74.55986496105538
26.17206600809004
-21.388768427042123
50.209142779161134
23.111528445677532
9.595853054076201
65.8529706469526
5.2338925107077205
27.944458807589115
-6.4285711468945435
137.90853416042933
166.48235247177308
166.3152235685193
45.04005418106714
-27.32114234006667
177.88285272988605
49.15175123289405
-152.61842042360308
-158.87130877057007
56.07033935775314
-46.0815665344252
-193.4270293422005
56.848539759635514
47.82536023727789
32.3349970234469
-45.95557776214537
83.41297352916035
55.30557896846602
-202.82780312389332
21.84954544463698
116.53235154000276
-2.984312389384286
-553.6738214451052
-199.5890430047375
-34.424678416211464
54.306134546368874
71.77224422003928
176.0395180200544
38.76324020589266
-30.212881826919784
-9.159327755770164
235.17472875692147
61.95140155066258
94.26825007441721
-136.31531699529478
55.79366885056743
-18.189090412935002
-62.031112607148316
-19.21103398197761
-65.6067882047456
-78.08302472732612
16.349789978290907
-128.61017861865093
14.022995130134325
127.35609733045612
57.521373028874194
-201.21504191559143
10.382429592002904
188.3309873241401
118.1834198637107
69.04238963485705
-21.734304922191043
183.82749542213014
27.12942552950736
-99.12312074455258
-198.2729229849092
20.819784630062372
-0.12507660202788679
-74.51003989251242
27.40146086155346
124.59840149775482
-133.08701303105045
33.16301518422036
-269.4552491965742
-32.73812018951591
-3.6693684238257447
60.07959748389942
144.28039546543687
3.879358058653763
55.61792773423713
-85.7164428547535
-39.83450153944068
57.58213832083857
-36.260016366433774
-23.31788163737815
50.389947765685974
136.46978358653223
4.776599143230841
103.52950167670906
-14.689729600129795
48.47737767670833
-70.91425268830744
103.34946331339188
-128.73245618191868
112.74173430396763
57.70144502924586
6.797980924147868
50.254197045242336
-94.15018238926172
135.2040555208846
-0.5920841620400097
-4.7520975431605095
-483.0405966685521
1.0635219575706287
-529.3151118406347
-13.023774143562662
62.28613681996649
-13.729224860919658
-80.38287138730357
-319.0359421766243
17.119068312107512
55.67123868472663
-89.2302384901941
141.00466139129412
64.20925890153603
236.83201984886136
63.679437462280575
158.28753303694157
17.506304736477055
8.244206109019586
-48.59554999135464
179.26570466460998
-41.972297049351496
40.693404393823144
-178.6894090462829
33.62999631955186
15.284017473630968
36.28169119382884
-115.17094937139836
15.982445621295716
5.0381258786052285
-131.61603058186643
27.17625174724927
49.56179853289234
84.06847466146394
3.5614161122385903
-99.60202854936597
8.467006799312912
15.238843244232923
8.39985403941545
-427.69957091307003
15.198642378411094
33.58440294209382
43.5260923950832
33.45935309122797
-28.50559008287817
169.84180488635775
37.31119907870948
61.684274339568596
-302.69088707175024
81.70576001287736
170.16795915270313
115.89355447421349
12.348293752647855
35.98635483417201
6.329969401453582
48.79998350867936
51.663804354740876
31.611573253586467
52.26700376327301
71.23790387704912
125.77014603020143
-6.919931639480476
7.88975986353671
127.73942393557854
13.74026155000689
-80.50450209397968
142.43390252963604
-285.2219741530189
-9.74404896627501
4.219892847338997
55.475327426358035
11.404301257420201
160.3943351399239
77.32012137720625
132.0199538359302
27.19100860148916
65.52483405545354
37.27563825085384
176.76427970295572
25.707736502825398
2.1261394109843215
-12.067362950164068
8.935457199023586
-129.1227960680976
91.26919657665985
-8.994966333645607
-17.683504077272833
-90.67631329193
93.29113405482815
106.43882494334889
16.89286875939456
-46.12792118413199
-50.86768053036485
154.55933226425987
63.76650995090063
-53.079456374663096
-164.9395280575036
172.00867346894074
25.594151085251923
105.26331207539806
12.125860965268382
34.60692390766256
23.33733290859048
8.04413139905781
28.770817058082685
-75.99295301757684
27.968216298247473
23.92703826517598
-32.954455511382626
102.54712087973985
-5.828179662805161
-37.54453918547688
-32.18942863725033
22.390075443887497
6.691306740194042
42.12546110413115
31.991047020492147
-10.703363291428104
-43.95704042198395
-5.942839348229768
13.15269602854951
85.14302438166584
-201.98301214499588
125.35378152731914
-3.351522768151881
53.43527813098444
-196.7631693168587
33.36897150815367
117.05133199408738
3.3741420937912032
-16.741099638875227
-79.25142629719176
-57.25844066465652
43.89368778853486
94.37802956083169
64.77043405431778
22.36892623333404
144.85263612719336
64.30681013409628
31.984503047355343
54.220684447665235
77.11631188037472
68.30754283935767
38.04290327339288
96.78869716224017
69.78334839788297
-34.841176284028386
272.4643611807587
75.35378847773882
9.919216886885053
36.51802920598493
32.59149508774692
51.968707791598604
3.3817248199940195
26.57345749534751
105.48501054626149
-79.81745238509878
7.474575620931755
150.9595273573682
78.8730529026893
-5.834680691371508
149.8843008091767
-7.927028198158612
-29.41080438081324
40.48759248149099
61.302108352270295
2.4737317821229365
198.21315956052467
10.227819648040022
65.76917191105218
-96.08539466640013
-44.75724471700414
3.4483028348711637
-6.200436862053883
-43.07161922099067
33.70097532483031
-30.11580744915318
123.97120939729939
25.754133569496844
-278.56191021916584
45.571346669862336
5.254573364335601
-95.64542820129645
134.1965833194647
19.85197542622518
29.321185443528748
22.166736560931927
-52.08123310830888
-56.55190250064085
-4.800601470725941
8.445407540383387
45.08839162918366
100.9898586013419
131.96893437161566
-159.05680122143258
15.669263421454696
53.06733966545011
127.53199892564407
20.10567406969107
29.647393590077627
64.0728719515921
18.15323345239267
-0.3606272370035752
25.013671216362866
-37.767650385241495
9.013326386830254
95.03891351110087
136.15536481776826
-178.2082466562415
174.1916284887311
-87.94484219297374
110.52357020347426
206.67982088648296
61.48638863714086
88.39641329149839
-15.653410216209794
-44.165246331002805
44.585611321392264
109.9759323310534
126.04629423369647
-140.4671700907552
58.8794963861951
11.74515703573281
61.05734475391091
-19.85745600830677
-85.22177419121863
26.391501299378035
90.06919771086973
-909.2684802698732
21.463744784070606
153.44917823322294
37.251308736570536
-1051.0351830265615
33.53768133531213
146.999627287968
115.0403378909541
68.4654844655297
12.58476054933645
39.21190394956837
4.238726897167751
52.90000602660092
37.971906587910084
-87.79812075453901
299.6350224824505
39.193404065384186
193.02395024807356
77.52796970828103
-50.42280007483032
107.1797457412581
54.543736482718714
43.29598696982447
33.1672002527242
10.25304671880072
83.77205536276756
22.846152303547342
125.12646749186706
-49.50393979529513
106.00690312372672
14.002364104244199
20.01531686720182
21.79794777299643
-28.933917727141306
97.787874695651
100.74055977446142
-60.13864009901454
0.11785830391719189
-72.35391923807492
23.3804167653883
17.873766858530637
52.89265256805925
129.82611531772704
-161.87189157499506
48.445973333728716
95.14197029444728
45.3752090917028
-89.6826510789192
211.8090162877943
-9.064867636198999
-86.05799480631867
3.0596708156783787
-19.341023190359465
35.59053483059438
77.95950686803599
-170.8735426246476
68.74076665335957
3.94636704655002
-164.6979595285361
-25.854422635173943
147.56332040925827
56.134290354509346
33.81526521711776
96.74385042656775
16.218471505001084
19.084735174847538
42.723119493130305
321.2468840622637
110.46168797305313
75.06013225991305
-47.194522561148005
87.37177016566633
86.19341463649323
-70.5382327855491
25.521073977167816
63.73200236641435
214.57815856940488
-5.587770761685528
56.03018521338538
72.30801742552921
57.510866975566245
-5.279308894086853
27.065230116447797
190.65653336316518
50.73588074240615
-24.352523427852702
67.2836246414614
247.78380621678116
161.26423241699604
110.04805953834568
36.61956641834968
-38.70332851250099
156.33493324940082
-160.6354981496188
32.45383723417714
35.20509336610559
35.53664750283336
136.7301109486334
43.56804519876644
25.782597043450124
92.06286336669882
79.43870339651085
88.32429631291507
1.1577934794398168
52.16607508978336
52.827241012398886
109.51998625567376
7.942681208043009
6.403860358761335
145.5614065894797
-48.23762017497127
132.65734358085547
78.65323321117239
115.92411497906915
6.046655008171001
10.625947390058627
31.029763676392577
25.584469610332086
20.665665089837148
13.585349114349015
-0.7312220489001311
-4.970809889984935
87.09108983810358
-16.87598073609363
-4.162247240284786
-7.057169331412581
73.89768806421853
35.51862009390086
-3.4763336301639356
94.61165858375807
35.58632497213099
66.90203690980552
-21.538693179099482
14.973054853493522
12.96481619193545
33.24665186145171
21.20550999556508
65.50312600096265
-31.16343739810509
-76.1563629954453
-35.55591582460046
76.33925065894823
99.74717581866275
-281.89176054148766
-49.692498228592285
-116.95461381863333
6.843370689793905
50.53672458029655
14.761949842647482
23.433927696900813
-11.859011871253585
16.31943114052002
49.24995469247989
8.421346048346006
133.85187873895484
-25.199729728985062
32.43423806784493
26.291879487927247
60.454973830393925
24.1601657624259
3.571629773039271
29.750937754195643
146.8467503679176
173.104777045819
105.65558221545803
39.21630282168371
28.676567762501236
-70.5746358867274
-23.275157857273896
26.167363754517872
152.2160496734241
-92.7590999995873
126.04242469831775
86.26372343761943
67.65606610931937
141.86847432644163
86.15787540188853
87.71987890859282
21.655796319050676
-199.71922820360032
-60.024493778766384
8.26210094808625
-38.212550033852494
-61.21642000799966
3.0073263671117085
6.395663724764734
29.32929548648408
-130.96483660720696
-37.14084261619428
-191.9214473964712
90.78115682445605
-48.81810005833976
56.89087889798884
-20.810234074982986
0.6492784007049587
-18.32158345628835
2.994726757466118
19.616931463170975
62.948605596368
-5.3872259621771725
33.97012225482149
31.01542985519609
103.28168868378543
16.96130137126329
137.4945747103593
-26.367028053989088
46.056529769704184
11.460811808781727
1.5080575374373666
13.966489896491936
23.327146569574467
-10.60429056297804
126.20831152033588
5.3920669382453355
161.9213713380932
103.2547785043921
-11.63803735076843
294.6161109060531
52.92797626154367
-58.35612338015017
42.23539364611554
23.648715943097613
134.47648924532587
3.806408397394653
-1.8684272685274954
41.394759838053005
-61.30684231764917
3.668340980884153
135.378068740328
177.2498258905946
62.03164586696094
187.32661890589247
-111.97543508195213
-49.80553997964307
11.715239675143948
5.495750877487889
192.35106107853517
34.54678713784642
10.684517241921741
13.28373755318293
22.125835210589685
222.91768725929523
-2.708538160243324
35.768821102559066
46.39190128436198
33.46131389438995
-111.2147739127095
110.96160504419686
-313.8138384726435
-231.57230690030246
215.03858960391426
12.509922704865858
158.75930151872603
-1.952541902082499
-24.656113058419578
115.15633119032759
-40.83826233101456
11.844493223993032
-30.76352948332442
153.35549712558714
-58.921834183749525
-3.04849042204296
-189.9371984833815
41.10176794958276
84.66471019943037
11.23344196152417
275.44197551241905
-206.60265806826465
96.56984264203402
-52.31925380367693
128.5234945805537
12.914019710596104
-26.71652897798458
74.80203090865638
41.410747636427914
-34.277763853482156
50.205609069261165
49.30847287615373
22.078758288704194
-140.62683508368627
128.0466360962464
87.74139208344104
21.876003214383047
85.16007755276416
56.127242349563566
79.55883610393266
58.45223318353317
-25.871110715588202
90.01497116688734
30.645719453422036
7.4491226872681695
60.95099001231661
67.08659189068612
-33.910877077792065
139.8628590181752
71.48942086445834
58.012205734675035
-12.335827629776624
-43.68362231123423
-16.029594435170566
31.45152487312814
104.71499695092973
-103.42949164144738
71.23681988661613
-0.9037466257144615
84.788324239443
22.47926450257318
86.02179794136373
8.296580301325776
25.64738232801893
-237.28619348453321
15.955081765122202
68.94282619439241
43.64323973808271
30.74797087052205
26.110910003867332
5.756960159227074
19.935315799402865
45.835941163206286
17.168067178852652
32.61612474845333
24.54832580402111
14.542066745909247
31.81088184466853
-396.2764065225033
67.69545348358261
9.774029817094743
32.16114781299336
-231.81133809523914
94.46237643889481
-82.45453936297235
97.5978055100768
48.93658769465147
-124.98889872500331
35.35794220858127
126.5919572019393
40.79327780705353
134.84987523051404
7.310057328845032
-74.763821063722
25.835276225787382
-0.4969635777915755
57.62050325581595
-21.155879931420902
-6.6365322861607865
-88.32183864480794
-23.924399484352783
60.07325699947205
-89.98046151259814
78.37564542174323
-34.92380185709161
87.93056883245299
16.601660531710422
-51.43723832184833
-41.227418855260154
194.4880303462328
6.254896025187421
100.20516801945041
28.176865376296064
17.5501483462297
-122.42835220527195
-6.699980726265267
7.703448747447585
39.73909806189704
189.22581241459147
24.16867626204628
8.834933914751407
-167.53395187857313
79.69302129898824
2.7191126053303916
-100.4265309710122
25.463118762992963
185.5800266477786
246.70281744402837
62.860721617016566
-115.47255497655078
30.778775429879317
-18.009015044210773
32.787204532834586
48.68473184210117
-177.33544947420978
155.94069174849665
-4.547614551036077
133.02623350441536
67.14077140421716
-5.492276443731071
92.26760850505445
-23.68255963792113
45.519159089118375
15.378801692439591
17.20217532995116
23.218669826930764
42.37042573088752
44.21965513288535
-204.9130852443568
-28.47459296424404
-109.65617061877992
-161.55285703971003
58.8088547758404
46.54922956537723
-22.835116999975966
95.50086613464373
51.902642939190265
23.39276106869147
-0.2562528664683418
58.85092278146712
3.552878314404097
-12.249735119968136
35.177455895457555
18.986891648863093
-275.39504481907716
81.84251151163517
70.98489996719343
41.539252222902014
27.09543107995387
43.64876402887183
-249.2835036333381
-36.26153750224512
-4.003702745740176
60.173685091307306
28.65776661552307
31.93230838129641
15.709489023653578
55.5469506069976
140.1421519696603
43.49034673446272
94.54090078156753
-213.95675548110557
-191.33780095051043
-80.13412038757542
27.606383203749942
132.3064207017528
-61.1256159120621
-8.303850693423101
52.07548526199207
27.622306935458234
60.66674044330864
37.10917173146848
-42.81855802688142
21.067092400674053
113.35045835070594
39.869349156379485
-5.905902470224117
136.13636318347812
155.2310645668822
87.85748023415408
-28.76725949898446
16.69609093435278
-79.86041381250561
90.65213694688498
7.883017755183796
58.914690846528885
35.48241844038411
-82.60373641873002
-244.2808880313787
-131.91228242916895
14.652514871065405
69.58819904214954
21.317628601311593
38.20827559549889
66.9402010232937
97.52914461803539
69.20269372322068
112.29279440252594
-651.5469909241076
74.01460852885208
171.9944730922548
114.4196060673944
-210.4474003315645
71.68937150104512
-62.2498401144976
37.822454560002626
-22.7665024529631
41.392455852771036
-109.97683371961784
-15.787989151927865
-155.16044254532426
45.25937724224832
12.773189906480852
-48.982885175748834
48.51941453979225
269.5989905680626
-3.216591300186792
42.20941760341566
62.25377367402575
11.766418155871268
-17.33460759481568
-6.097154885992773
91.96416324473466
9.098217835916639
-64.74528939578977
132.93632840388022
-86.76681470902821
-87.90867807578707
150.4898303218431
22.818395974637724
-36.0212279976613
42.810068798482405
76.39558997244009
206.3673888028693
-24.850800064123632
-9.678010911725096
77.33863237102071
113.91007662841139
16.06512088619884
16.478193430123866
-21.856189999702934
95.48492271360806
7.560621914351049
143.10066741392666
29.65616303638126
-117.457944997288
100.25688503154424
-7.353443607303689
9.476594529312706
80.31114354488568
81.42389455704415
-68.64976475951016
7.658309101044991
32.12597199827708
24.84388935839213
68.76218367855711
-185.4467865543529
-8.749389222080481
120.31171919079407
-240.66538833560298
9.62922359974158
32.48757996700577
12.03075122057346
8.89569841687046
39.12873413322714
-278.77183864743256
27.985094811845272
27.904288736151077
120.70251752503827
8.592956446123399
21.43747742084429
17.779191776010823
11.114381633619843
27.506727056612572
23.35199242223058
-13.79930306959178
39.103906564749565
-4.952075825973412
103.9177251150004
82.46727005571756
-5.921358269587472
33.5141455957006
-118.46149003558321
60.541166211315044
37.5030079926745
-7.26253105033066
36.36330290501928
94.88397910000708
10.045120791810405
5.8264537171096915
120.68009589575513
28.983213194158267
73.16063755830051
22.429092627110393
37.74355227935352
22.465171311063692
144.1750467072552
15.099793508972404
-117.14619363041948
-26.362214628973035
124.50342766121594
-40.622080584971286
87.54192878419389
-34.917643303999654
128.46054683957937
-39.31617973933136
93.09473266751343
-41.94929912278258
58.98939297204765
-55.34806660818049
70.1236243451794
-281.5169518121993
42.80845921756401
87.34355197490072
69.38981955093323
43.95923889885444
41.9198099024149
-43.215322519266465
48.93688802873976
104.45210105010665
33.32607197913713
85.40828904224304
-0.7797678866510296
-133.5680125618154
-380.26715355109627
-17.4488681202742
109.03765451160416
-548.7047122513877
7.958927896380374
57.70339883706296
-215.0532299969982
17.54565912541411
-27.854328663333444
53.079606279047994
44.55874576276142
169.7976115528745
35.13751411423456
-10.954052402086745
-136.48461792444914
35.6762144922651
44.05014520726263
38.47275240526202
-96.73279566164456
4.338283350577247
24.768064494006467
-91.37999887116848
42.98590451412883
9.475845843019876
29.586737011341484
199.18465425217892
-103.96049711281785
51.99349549282579
-29.34989514083681
27.472503006172882
-17.313036025518613
120.95464253358728
108.94865746839514
5.831608141009454
5.088447943604024
45.979623964877646
67.94660977607327
59.29622227372778
43.50184503316177
-9.441066678576425
-16.817757597893976
144.00416543939673
-17.443022377492525
70.96481662402357
-4.5878729693721425
-65.36610550158639
54.259894880123284
157.9646374000136
-57.323807635802495
-15.887372496169519
146.13032358838927
282.8033659015555
94.89613518233546
-33.5373605798909
91.91262992197562
16.795169084873493
44.397597785749895
52.37673464092069
-236.89272659465223
-97.28206658565432
48.20700997852532
-146.71442284868272
-117.55061790285345
54.83697288142824
-6.381268139580212
-140.64971069278
76.32287139327809
143.83835245728028
-238.04508512431312
12.289431162733358
-77.35669074760699
25.935199325166195
-10.778251943497253
44.299664031243616
37.54483186804918
119.47201130791109
-87.29398634710113
-100.21431235973569
69.92080794181297
-44.55107267206586
-225.12351573213982
-119.01197555873932
70.18157627532716
22.778524407861475
130.76509446413195
82.71255408146021
41.32014251803083
86.29643738160982
30.10397028724351
130.76046052361426
39.097600874492855
-9.96452106803008
-31.503059413207332
-18.220549945076073
39.05520373797003
194.80406763978544
21.499869305794164
-21.620650260967977
46.72438785342982
49.33810871186188
51.68132063813465
41.66833535418618
-45.633602993478235
13.462158010337646
34.0741243910993
92.95528517569392
-48.17044005132084
-58.302375103774075
42.64984173612974
61.6072272446001
20.13470726975305
53.178071450706284
8.780989461608442
15.011476559702942
179.30662994524846
53.347139983348264
236.46991059282527
-18.89889902673101
33.50639229133937
-62.50421144365487
58.18116530547877
15.781459044691617
94.61908325649256
-77.93428799809817
104.65152913329302
41.24924234007768
-34.10121218852491
-81.782925847554
65.34340616353018
23.32770493353284
16.932453153538678
111.7130637633702
-81.42377424816732
6.335867818127667
-1.1598094633791298
-737.8028632312177
38.68578695176971
81.69877176147723
-109.22422963434383
45.09724508414428
65.7715205616399
12.434488419499228
-39.81073841391844
-3.0059207138168422
30.25597153578792
88.83986439719911
14.231058170791858
60.496707172428614
94.45815356620005
-12.424124393742408
14.91492652553427
67.52874082527921
15.897316962609729
173.1719610453656
86.0737032853799
51.287483045577574
-45.643583094264585
161.57845231317378
-66.45431922679336
-104.93198457140898
17.00387275079993
87.07642476892215
80.6670957342485
137.67231102210712
-70.6589976849688
-317.3907337888398
70.17240341962861
22.020290471342378
-2.700247209934332
-87.02805052614976
38.494675359979595
55.39645218051362
103.53319458549424
93.28916304209042
64.57921233299372
-38.730233514722386
28.086667531102854
17.16184338170897
91.02853521390534
50.423161810696
33.70166851040949
55.007642567780294
74.23870559839679
-423.1455521351137
5.2669306696251965
31.736757595459284
-35.20443717842386
-334.99280175460626
31.36768129666183
20.22094642288971
-9.177069419455577
110.18457746831473
106.00985834685389
184.14462722828284
0.2711566069624496
22.59961482620453
-59.83705747712849
111.2876398274293
-12.972830637121467
95.97326008436829
94.02404303112792
42.13439534896324
-5.637126160729919
-13.351350402933319
37.39260266541437
60.16544478361175
54.93805507220376
140.39367511896398
49.72671690606785
-33.022719213195614
-36.52653512711822
-30.805029831220963
-8.773807092878119
35.016108398808484
1.7989790634933343
-76.48382217224025
-137.9310358021521
-312.5009423554393
39.94461527640957
146.5279449336217
-148.52916838090368
-80.88709274746088
37.79846596280494
-109.40881773797992
-195.5398477826161
77.92391052864377
-52.18428532839698
100.65964925989522
28.50009139891113
166.18895934803004
54.411679480821476
30.001103615292617
-19.634671385642132
251.1385972918506
-12.484496708478218
35.63858148550595
83.60626609630572
21.52296329207582
-23.51387030056094
-32.79871496958822
-130.79231255244576
72.43488495247612
14.332283515319187
-83.16238619536261
10.214393256319395
139.88450883014457
107.24658000650857
25.83099284210391
112.44268006433151
183.19699149280495
-113.5904516962587
-70.5616724876636
48.27521198959888
-70.28650161589167
234.16347188892541
-329.1488349739557
71.44298450877307
144.5948989771441
146.68230926595606
16.86893641889587
104.92187762386493
96.45279262600798
18.24204722398822
175.06166483932475
214.2473690685747
23.461730357641972
10.640493447006293
58.8467521031896
4.604507113245745
-242.32123685441184
-93.77231346932076
28.728579734756426
76.9743443632974
16.978180791981686
36.34485781584726
45.788780154188636
77.4904809551359
78.12415303477883
153.28849071312516
34.94395676776503
-248.32972533134398
-27.424407467809797
-130.78410659745032
46.574814464464346
-16.16099758974676
31.000131517034173
52.204163483098455
41.33447214720627
40.436558839306684
-32.72302736010184
-57.84400308897557
-199.27389096811203
149.02976302872958
110.23365565439599
50.388886479794394
80.56582449091957
29.60020906121682
25.751922899090967
34.8942272412488
62.69184212180281
-63.15963350781658
51.51147814409711
-99.55346113691667
71.44735206681628
-77.5824697788724
-10.969567120096144
-2.4192021556355012
33.6073664129176
-8.433143671869004
30.45259449225462
129.3668108371021
81.43451567468901
66.81045007144348
122.7582786109183
-41.02955305759906
-34.318517138356185
2.2350610213566453
-26.850579944927176
40.09597917542857
-134.43460537093415
82.56671389916664
68.98267360617228
160.30660617517015
14.444526134821814
33.026782096598026
141.44362176421237
64.4484828511356
67.4107912584168
-67.4879535048276
-23.700984707642625
84.22859625174897
-249.6728343484083
94.13393762694523
109.12013401481909
63.1815540759676
72.74714094688122
-59.09332239853393
1.718233575843442
94.04181093682337
54.44830360674223
38.41245174812548
-18.123749583682553
-32.73400612843312
-55.10497763536771
96.89335944667528
124.42008930647035
-24.32993760564551
137.65639763226227
194.2043491962081
-40.32619115652609
150.75898436788316
-32.65358659906877
46.72492403578326
9.479031775654127
119.2794421778317
-27.998708992916026
19.777612622166316
41.88422459512629
-195.71708632824084
84.47200918523856
193.9637501167681
-9.574094805193338
-44.14223278727478
-51.87132251145578
-30.2197056128216
4.541644667728041
11.197260089599338
73.17862596018347
73.00233385321008
66.79489318087175
198.44861854907595
-127.03308941620071
-62.24316247155012
170.63202335673168
94.13758982101137
94.8863041083464
52.272179373640554
77.57724877259358
-34.37415902602049
28.99633832012887
8.334965154890176
33.97171155459362
100.51002918087397
16.343586633230522
-1.7600243342613737
-235.7415357132113
85.62916177093473
57.364505506091064
36.049458526261155
159.10215810567797
125.76524013545804
-23.749699778277982
11.282859785375734
47.99090644744228
27.79358565202457
-16.320896414237723
66.59951515504848
-16.101247142767534
-16.92200863778762
60.73781298088352
-81.8901130082013
53.660376107239095
22.292983257237097
21.817204480261903
123.79676369786648
61.35311387421997
180.2562240254481
-6.010776300444013
48.06139061401165
-1.1208988844800238
19.997901125064857
-4.412770018225763
60.76458871821478
60.49061801931663
-15.965637161511799
112.99654573101225
99.10631500681893
90.10860030358316
47.931382184478025
145.6124657767873
-281.83224579975195
9.809837566477146
-14.833442135624473
-23.902267859259553
-102.01677585055586
-67.37710577260077
72.9223748880903
117.81194097122193
162.09753364008202
113.80135696013576
57.22447822305185
14.862505115763078
-292.50973753907056
34.09316413045684
25.392318109720147
64.05575583314021
156.61935526930301
22.798668758991525
19.328664527252243
28.98825071414873
-91.2161692178397
26.520992300393875
24.153683141402837
53.63571526087526
37.82472215378411
131.1522509295919
35.05130820097254
7.160508810632564
80.9419017339169
97.39576757519262
-144.74388545320426
6.398838669119759
-25.11425791230949
-23.527486454165228
171.34476566940975
-3.169600239472099
205.51054726790926
-50.41932259593739
234.59217765949506
12.513611369251578
139.63934322073192
12.332025287820452
39.3762668675855
74.28450380250791
19.111318858534105
107.34436342458332
202.72013761202925
91.88416620246153
-44.46283629443724
-3.9433889781912512
-15.683993514296022
99.87869416430976
19.64015157486392
36.48124698546644
38.97355795910119
-20.88952917338429
79.72777454630494
58.378751731223865
-27.609446655192187
3.5786413257072662
27.607700052018664
113.57569939117275
52.451446504426485
58.19447737709879
55.5576373939773
53.450569707831164
129.5477327032844
83.81111874860972
-20.897470369037364
32.21563889984827
53.04099938314454
74.14575976268335
125.3741437282315
-202.2868579424876
-20.285811372783428
9.896241024971914
33.993806236033194
-8.331077833276469
24.02315429285227
-40.16869750120543
33.102380100422835
79.36921511801688
7.4534469030656965
215.12413586178354
-1.191502908078462
-0.43951222900145126
25.93736773640108
158.74912457509936
186.11841959474714
-143.7696378864057
73.30357065754379
0.21577977587032304
38.79544695946697
-58.85117365050155
30.80937224882205
161.58223749650733
2.2249369868342797
-28.95708551023199
-6.695899083729387
5.207011170590708
67.7929936540686
106.6433722648494
45.45186619776496
-8.66713510417344
28.519271939549213
47.508250044217675
62.26821255050805
85.42142224800159
-0.15453403985884506
117.60504742209241
43.51707258356486
-43.47586518749176
75.42254796739212
18.022704702857496
57.190660746166486
48.96303690791183
18.215323660627075
-42.98009581785575
66.29752623555785
65.25090707595928
160.61502844000688
72.3658080503235
73.27336724393285
44.184282797310516
-15.004243948064907
-66.43033158524173
64.52210948145785
-115.52584527500085
65.83230247992742
-4.713686648583916
3.976875187116093
-61.36589518006531
90.33032300419688
54.79085814394236
2.064825934362446
14.397128192315769
181.01320247084595
-55.23868289298571
-270.29061753967835
7.766949111122813
109.37375967700973
-1.1454792934367422
125.91698008648882
35.093701833518544
32.924620245460844
17.79149826107559
-86.20164422050584
99.67448970806436
28.20900508477007
53.93266143586632
-13.05324315372833
224.72556331628402
69.72060590141285
-11.425953509438985
23.379271245337804
63.020370859800366
91.88312541423875
-0.5278268699474182
6.7451795361535005
50.795822374892076
-141.46833891885035
-211.65216027189854
34.57036878860055
26.39430202575093
262.196581527588
-14.299872603589847
77.68986410115747
6.9265497606461395
33.17287784280984
91.25634461495383
87.23557679735268
-528.1853545133699
91.1457190964056
-65.68815617986502
127.98013294946327
35.22754562571575
34.48432514499781
-135.53504869869766
25.99419431983091
23.74811139252779
-28.417367596495474
85.94369711150193
-21.10004683853311
-4.8939693707564516
164.54500104829185
34.820192683076854
271.3304465814076
156.97419768146574
0.8711583666932217
-61.66756049216201
23.675878213850535
61.40277650650228
26.41590676810847
9.121797161258351
85.1565801290717
-43.13746581898008
61.55616529422423
102.50646677067425
-55.59754024419499
136.26214299848903
136.28835424568229
53.81764903370899
47.26487915396598
-4.169204511272867
96.5075325954324
17.797208049910708
212.86374720673257
121.44139106269336
95.05185349082058
-73.24560251170698
117.63363874645938
-16.928513943576046
40.4867265195528
60.6012287214073
138.9916402669969
26.986753512706855
36.97061570301952
30.656659039364285
119.88401318383467
-170.86905530725835
39.98670637466844
60.23409002779772
1.0797199422166308
0.9389225606109903
91.6507911443482
101.21517431638722
120.87255816972083
-64.227121011382
-45.52362199311574
92.43374508569741
-17.532155876271318
55.80386239342852
-187.2482636222794
91.66709024070633
36.00378217159691
50.978111493591655
-4.691919037194207
26.157635136320323
-35.431066863705915
113.01510712343133
-74.10358903884162
38.755394085913935
88.02364849818048
-40.696924768669305
12.510504953931218
26.465498086079037
-6.9528658817714355
10.48860452831832
-83.50666646501304
43.64369299442069
12.594128380522527
34.242694729686264
1.5421413656473668
-12.441106807547428
-9.016800337390013
71.98830364790834
25.834383821261987
6.621704048530773
138.28000163434172
-8.275006179136824
-6.5477474017607165
5.787519795080698
-99.26739497874223
-3.9653474133871276
20.984309934672865
-32.34608199936382
-134.67563737787032
42.01737191489665
-71.39392333664182
-104.73633323472859
30.929108907902787
37.9923641494358
54.175730115072724
162.18952251212158
-311.8013880294893
51.08074637138998
20.26397425357618
29.46901888772436
67.72227152825212
95.10429981584957
-273.98567161990195
22.655718735150987
-145.33706826802927
79.86421600579115
24.638672340815575
-124.25050872476277
41.29341952731714
9.328719046781261
-21.016314930035378
78.58213099602108
9.59199940048266
-7.477389311513731
80.46195674396495
90.51672445666554
-57.33432719830216
52.84261154926753
38.78461789735756
41.18149438504406
25.779190769245815
101.57637885408428
70.24190061286981
-177.46758344335194
65.64675405991181
43.02618582308662
211.1342952534378
-0.0852151963069786
134.6234515904648
47.31743618938822
106.04360599090751
62.69684314015194
-6.548802421811729
-116.54223749747462
-72.3192385891607
-107.41075545529657
-18.57356137010811
120.51153531177897
-45.185677937937726
28.39178269676511
95.1977020007576
-61.9377430321847
62.84723045343321
-22.10025340655193
43.353683799681875
-51.43997709457699
-95.52458597166697
-23.644441067184744
142.061387653986
-36.96090088385017
-87.42993590655442
64.4074197721979
79.40564370195659
79.76843320763783
73.53357162852262
60.736101988540696
51.37022296892859
55.439467533252866
-38.08459881139993
-11.790297151844698
188.75357655500738
21.465449319262916
80.16699489988531
-16.496040049805856
74.15910297187474
-219.58052275850196
26.636062668999898
205.7242029970148
40.849361015984265
-63.3801205454256
101.3880549007431
-52.01640067801645
84.78949863711114
14.460798193002404
-199.0494427949925
-180.37633918449683
197.4070216231512
17.641003195087148
77.21749740110181
30.716403178147736
69.55100708842065
127.2736706443111
58.021742600758884
32.64291448072527
72.04332613052236
-149.838115493239
108.06326823274821
132.98460868554685
60.581405062793635
4.672052397446333
-3.5287010112188
68.18468644232757
-210.58333231893903
-85.70362497000951
32.091829129721646
72.77570050941779
126.98044783533805
7.00311965340552
57.18956660380434
96.80811301851452
29.750797809594186
-37.116606933169805
106.81301427104563
23.571939334629963
9.592457674257723
75.80812269836224
24.56385523553513
55.865061228666036
-13.598920341877685
36.74568749729459
79.00527516882914
42.75702592151759
52.0849736945263
185.45889294093377
43.061462928494144
136.07941189911662
50.294941250844296
17.923580089679547
158.03530116679167
62.0410233428843
101.99252562213991
42.976242641363115
-58.756949734419855
203.28576170250108
-305.3333161698456
160.52963463150536
-1.9025566495698456
28.732946456339928
-65.32466388394096
25.091076039580674
70.68376861944935
-16.89073031223612
-58.49550668999449
-210.5300830021515
32.42024833433106
-7.33367011103012
129.7677380294533
36.611607975783386
-13.055067621152887
26.469519093832787
-99.05192928884041
-8.106341940435868
109.96503501887173
29.52610148667448
-30.301105985593495
61.261686769772496
-0.028856174541595874
35.32367899465487
33.98220683608844
65.103890418427
118.27757643607902
206.63617587065937
28.410769691974565
17.586565815903214
-70.44624355770475
48.96782410731104
-69.6503377824356
127.176396382245
33.797754583063
2.0664470063711633
43.8704417831982
-230.74489382968295
66.73639370946285
94.81942477774055
69.82327610500943
90.14900189094715
57.88804292372521
64.24271500441523
21.99050252949849
16.61556481025366
-23.38313168448005
-254.40687363003508
0.8450037403461359
7.186740486929224
35.428022545176304
38.89621800784445
111.3138724990464
7.694887924268187
-27.33528880504261
-24.730523073972265
119.76616700635805
41.16391614961219
-116.55832028400664
203.90177506364034
-198.61697009160207
44.02535135126547
79.01716792814614
118.08376016407783
-1.5860985139943296
85.00707278553261
-51.063442197860795
122.68415467016325
158.4337817740734
-21.41331300334309
45.62616662643018
-29.317559376376266
56.43460209376297
57.09391556941273
203.11631965140486
-24.371381471210952
106.26719186669425
127.30325751635883
7.202046352836319
-63.7870654428566
-71.7254292426851
41.427647590130846
-10.315050389647695
-14.199461009852257
105.57813818920067
-17.517307302658992
13.724726939243814
-43.019560266130284
110.1649785619004
70.74501924761717
6.525838348007381
56.58704798992858
70.68764250223673
63.56142203912577
-584.7218922664167
26.1713560200696
17.559933475017033
24.62829171183387
77.49218082517064
-181.48096179224285
-56.77175001968473
27.417072764191744
-9.894933076881102
17.49225923573374
149.78152760837384
-124.25961124870082
11.224389044161653
121.01759426667786
-55.15015882138073
40.5588264256435
50.467549090093826
55.72592808271942
4.554759890971599
-200.2756373784987
83.72851627457885
70.25921011808668
42.19959802386484
52.19410632575034
38.00737830229809
-127.33591870066448
33.51537922111265
16.839109865820493
33.47618369973778
172.99217731114777
12.796800885267695
-28.779161757354768
56.317261391740324
17.390842408531974
-49.681051808737266
113.35259989955898
-101.32535901123525
-2.577348651533642
68.01644432961984
92.18473861960342
-17.078477235873624
126.66403643506965
51.33925457928774
10.618348971497142
5.447051716746369
0.12896178296097816
-11.629682955041972
43.76516526743296
27.579005726140018
166.71351424349632
119.49165322692306
179.57012757503207
-6.453559577736087
1.4171549373915013
94.77992171019014
74.98761817729212
-2.272285805961019
117.14598056886234
-190.6696992743764
-8.938789288404223
45.92942122847819
-166.19623839488486
5.688646678269379
-11.027256063219738
57.2093281696383
62.36090335866102
139.33696601645647
-587.4766166371696
53.232770408941406
48.29262542415654
-651.8023882208486
156.7540871414276
60.16079533219916
1.7825940846343444
160.76895374977585
111.65297790326576
0.13934476160748638
-41.59881030506587
25.30047973085278
-93.14879498168008
80.25681464318905
14.984574248330647
30.675269231699346
-159.10601770140283
-0.6959575076783082
-711.7283775649985
-21.013247341664155
-60.58652068547326
26.156864045409293
70.92533574572334
-52.71211218994836
37.06684153173251
35.70356108691265
158.48416972887753
21.482147302023833
-66.37252266825271
32.11143670247202
21.064961517804253
39.503515840946335
73.1230090613135
-35.91910161569023
-6.6846623719077645
56.94269750860613
34.253484133248335
89.18029917295934
27.268656562669605
-89.4426249899434
-73.99645813430925
-73.37410439928726
36.05704133314642
94.00097888212167
-6.0593200235215825
-6.459674886820494
83.13198170423445
-4.017636092899011
102.23367053767333
44.68621029221162
78.946473836964
80.25639395157236
167.39248587003476
-6.667876594918091
-48.63293144335148
51.87020687175254
1.9318007364540661
3.1998946186777175
-189.63148766092218
81.82445679741431
57.51592301903884
34.88689662671527
-6.178310191544627
62.619883346441384
6.023088021268588
-115.60744918172986
107.35756287571485
118.14815387199178
-101.84626163265898
-123.01707547200203
246.6779647791791
-379.90451167878473
24.647236000546783
60.08398385533002
78.12213085007966
81.70020945459464
-24.428171874385043
5.209849378558829
13.759664058780615
32.76140293929802
-7.507773634907296
77.71936872539027
67.52484563884104
-208.52939948431003
-111.40443229393898
41.9640395213391
152.70415539588794
-104.61393496822984
95.54260461066178
18.00432090447738
6.84369010450806
23.92110974430969
1.4770362441610358
33.22551920327348
16.7628917675338
-556.8979405714576
-49.938320136384846
61.427616039802274
95.29236525262604
1.1335241138858692
17.811441366952977
-52.533038581160326
13.45969294474654
16.592602632811957
36.37874263797448
41.77457581277549
-13.635293794381505
83.3702666891163
-8.314341591980725
4.957449018376337
158.6938837767466
93.45958506882039
205.6642594205873
2.204645310513644
26.702573057978334
24.76972550720187
143.67754292703557
-5.146399911804665
46.06813620144649
89.1088426067904
-20.083942077777124
35.18000488886764
-15.834442706719074
-46.416326348647914
130.92789817541006
165.92368806020204
-8.283382638830066
130.56806789023176
18.229403824027024
14.884456120840566
63.73612242118543
111.55159799856528
94.78883341987341
27.41122628623657
64.20849370172346
-4.781181395677133
-9.507518513085758
223.4437024111794
-220.1501699560531
-11.616586175686482
50.8643433271278
12.445725446861461
1.6305855799350866
58.490061067435704
155.59950690749793
-31.356304528962937
-26.456089512327708
47.433100008574456
106.94025523539881
175.99440495350746
-1.7210836334228077
28.139391177449397
99.60698000308366
16.441195940262503
-51.58049783887782
31.201272404735803
46.81157041627421
58.9347793975943
-41.849162276008315
-135.646515334799
86.90496948164173
33.73816587618745
-206.12207557975307
-46.81709237534642
-43.92505069874733
32.74214994846761
18.693306876818053
31.070737412384688
-28.79541535293447
125.02065403304414
-20.762648109275517
20.63421993176359
-103.28072849880255
-80.92106074218736
9.897013467421857
-21.37662858884195
124.62676867113896
34.38163786044015
115.37178108957141
78.41457933835935
15.006854154372595
1.1306393086993616
374.83895570052664
61.73143503598294
19.90992862120352
24.29077696992522
44.016399285951344
-127.6614958851435
137.72170955486808
53.26967736380906
195.42428605036594
-17.758006516920428
68.08497478836034
88.05590620616181
92.26795112944183
-137.17804355212047
23.027386183859875
24.466771267640528
-171.55871966524273
-100.89931058919456
-50.85756429391222
8.104270124223648
18.743107852746107
84.90448928208139
117.78439763260576
-25.071057088986393
-6.876318887618027
15.060931196592264
9.099649018618294
8.297969337411153
-0.7598371969325429
-27.230036926921457
42.20081136068302
-6.742619350278801
23.9784182182929
13.552775568926151
4.332705823150867
0.09714043695273061
67.73243526905526
92.94777121609468
130.89553011334283
41.20155676984972
163.42815472759094
-97.68547425166844
26.60828653073804
96.50673663497946
34.5690950262988
187.40121286653448
140.93589496073673
-88.66136796023238
-1.343710628308754
214.94830824297696
30.489194384296077
90.46109462339518
-16.25088803837366
76.49070781934643
19.7214314757204
-156.57921317562614
25.695450352032367
-79.71557824934804
-119.0527259499213
36.439008461996195
148.44996901121522
16.55239982245805
-17.146134386697153
186.72816575461957
15.569452212301714
-34.089287597040766
-15.008378817912956
15.130346237016056
99.43325576538155
-44.25287498420721
122.65736084248374
113.16787607732931
-0.6928280206516337
47.76687599017955
-53.146670256128516
-167.3625750945548
103.31488745407091
44.98154531346293
33.53558218744547
146.97510920045704
2.1320111481923387
56.64663513924643
-121.47106372083772
-270.8504575977381
37.17781639667851
-32.82934049546884
-209.79761215430503
79.84367017192517
9.350286569776047
-7.946559008776514
72.44065794488142
8.758810098733235
-568.1950571413747
98.0209329107488
-53.02715127925012
10.077539958306794
67.77061021078498
-113.25063095103997
-17.98998287821314
45.78263040486422
10.932332742158321
-35.47980232665532
47.27624810540647
60.625675481036566
64.72667758826029
141.11130355772502
3.549796688628021
2.1202859345103207
37.678687298248406
123.57405789852328
44.1581058790373
159.57192531001647
83.596274792028
37.822468986922686
13.301951876049698
-58.79644701585403
41.258803314431134
-166.88657559189323
-60.120483484051874
107.12050403603416
53.07577243943106
25.45814232676912
-68.47869594587462
46.52935235345342
66.92859416439569
133.6626463394116
140.39929170642608
22.933320810475962
163.97080714996264
30.63595752156425
-12.051251065550408
-117.06151098635746
171.87341753758938
45.55361065157796
82.55442327320088
48.261234246368076
10.554870225772902
-162.4302115831524
-2.5668759146812574
-62.40084922053484
5.437631160969886
83.77133071132357
25.198509145806383
-286.78905523077265
-10.432591500901337
-1.6055812685856914
-173.5169915940587
76.33455636070119
88.80135390505029
77.04266308468686
71.2408291955519
31.593363636324284
19.643210508847915
7.477382967136184
34.197012521056195
45.9886261535153
-11.981810944483641
164.59994993432792
195.47296688349888
109.95315837550152
-454.00634404464245
61.38854611072429
52.52715034003977
9.2369275230768
21.166971125007294
64.40423431754948
-61.89927403517822
1.1106720563041845
-21.509991986836212
25.655984393015828
111.76963135528274
-125.15979018705093
76.2751756936762
144.84253443713533
90.02954311635858
122.7763632383867
41.45698578351525
60.6073249858016
-59.60803247912554
60.77622332838337
33.54794439295988
139.19033465535358
-31.11337650061087
34.40746393765518
-56.85965270496263
81.61788022209839
74.76042815872903
140.3154082889264
5.530435323238635
22.02270753676444
-18.88791929003446
-56.10209495338586
19.631507361253284
49.39338946442467
55.242687147325796
80.57339942959516
-0.9715541877203577
62.44464037171633
76.82716416828148
-158.5054910264576
34.747183610130534
128.8352259285639
-26.932123513726765
22.464920809331318
63.68654724847727
39.402601385888005
-425.3836163910855
36.019483252314345
228.30303601630112
-10.851616447665037
67.9462652436282
-22.255648228708196
-687.6025857152714
112.44852160129994
134.36731229991938
-46.980363902244434
143.51329156541397
12.444377163874087
-150.72641888826638
134.25739776951195
144.13757767808147
89.22701499293066
47.523680513757135
71.80697483248014
-8.958510503754724
-23.040030117574588
16.424286920694506
45.12910106810401
78.26682937041619
117.27581593517766
-2.0953912781978943
108.29191475775303
24.29910482845471
40.42709943275668
146.4306828897693
-23.9922211963912
23.586188227338244
-8.979555310475916
29.419072028137013
31.16304323781003
-2.5497804655738037
42.56202892929555
-114.37848620361453
111.07712094115368
32.221818909546734
-387.4954717442706
-57.72645279416338
15.27097099020682
-25.49811871522779
-133.73522727750986
59.64767664993232
-55.770660670178586
18.466687270310672
135.37566231433766
83.00899760424983
4.652464076884078
-37.443000324919765
51.122106482789036
61.748849036886895
34.92944839238771
112.6963547718276
86.39575586169127
29.906417186700107
121.72329639866348
180.17366042484355
37.96867979536
-294.16351660592454
88.40414338712407
66.07278545799545
42.41173972482149
18.07483387962384
-102.35378754975909
43.67049286147324
-61.199398222471
31.25259318295477
6.52737804925448
40.805048799932024
-196.32093119757974
22.46684504853487
-97.82396197454318
40.42331778808466
73.70070320113018
-133.05008374054478
7.510925617058213
0.7487298026235294
51.08455694380427
50.848444563159944
-630.7544785942189
23.673128758809526
83.74284565794369
-81.33280936430674
-64.37229100928198
35.64133574609605
-7.642331534881114
-43.05726756471631
34.705389838152335
61.413060582733294
12.34988487068592
30.898751579579766
30.344647604143574
32.502687708295156
104.08063970426281
151.51945836234881
-70.17868828415885
-11.869729933537851
131.04517020288813
4.275785121329818
-1.093452011810811
-311.8387981628475
7.197788866816635
16.529157505688826
56.08149505626761
69.76378415068973
44.24164781209731
71.38071527723469
39.40156918946161
111.44737403407726
63.64781793882503
50.74789934598749
30.97438479116127
-26.568687520845454
161.19586541946046
62.01997679633706
-13.355741686789818
30.139731427932993
-621.9761997391213
-23.521121971202774
1.586275705808464
179.53123741514992
-5.027729172314597
16.141344390584436
-6.671056276556087
-32.33978425264013
11.533605737902286
-41.96362363899004
39.07245687591366
-37.592768456195245
87.66875806251755
66.17393630522292
89.61567201529192
51.03703325695996
155.24223810222293
-73.48801430254844
-99.95432461575274
20.165194986826553
12.235535378988082
143.35866554462655
30.717070435334314
-143.05493068162832
173.94565414591466
28.536661851755127
38.16934899463513
71.26829727966924
44.71813218380282
-37.57683607068974
18.04982021555213
-0.6944445163734532
1.6298979609896804
-16.107838579100882
2.055899062149365
6.8576451118739215
-4.450978500582778
104.44306884627201
25.686470201121665
45.17503005877276
70.11139644526202
10.831848130931514
91.75689665412074
59.780213913720644
115.04822121735765
-47.42109581228942
-108.62512239922762
-24.316240129737057
-162.47906224296457
4.375082786346354
127.60732671186383
32.28960671449886
-17.696207855683497
48.94978345906101
-45.33062931983909
133.7900280187173
-4.808338028597973
82.18984599172745
221.13185853573577
49.661578091848014
42.33839786332892
17.226924339576417
128.498250038867
16.2572289642776
-7.998750671494761
63.20729775544885
-8.110865270009949
85.13481257905323
27.045336286132283
-43.78653215549957
4.137252484883902
13.226416815046832
106.90958178188168
37.660620351542775
7.455581367697587
-86.45356927079183
-85.09170975790948
32.99646956332873
-10.173621169718755
33.61929317447562
65.16239608474288
25.905597174172055
1.48986110526732
52.3362440280185
2.576800280276426
-3.2968842349164333
91.11683422617739
33.22278132709533
25.9613945213815
112.64848718338908
23.23801418291096
32.421245160530916
33.820216171795934
189.942641829266
22.694258113762316
31.941196319678966
-21.396341694222954
-33.606818233560354
37.22284797644078
-170.78898213334833
-28.606436989258885
48.48303417285615
31.737937244270178
24.365372520477194
-71.32589972047617
-126.25246783259036
72.96949498498003
-147.7396783973677
-13.455244609008176
-75.44557091633806
52.187337426469185
-93.00582074401927
84.43971220022695
-295.13331361644214
43.65766390605404
121.95061606373224
26.162572360521807
-45.70240047262814
-88.62899502812252
20.791657380800974
19.113088426035507
74.43134200364148
-42.98792366338603
140.41175351232846
59.47351752294526
185.6620354657607
72.4790013362192
-23.330623083388733
54.750660739433584
13.702332454398741
244.66447341902858
11.551380649468687
32.328601872116025
-298.3520974385301
-42.10441692349741
4.719901508450221
43.4972699362329
84.68071675936471
-96.50307582922596
105.66688241642936
-33.13450641821086
29.173853904938262
7.9258148750635655
20.463522286354703
116.81342779756187
205.63257762787862
80.76615788613947
-63.4474702408279
14.663971471395143
17.445453186776376
176.69040619249063
57.78435508395128
107.07564881811987
-456.457251718376
-49.173488236592675
136.76908006068288
163.93875211294107
117.9941140922773
66.49241525565594
-40.545468922080545
95.66521767779113
-186.9543088571536
-346.9399788401979
122.36445771841363
20.223792659692663
35.443386827008965
147.53587776984705
65.02652781820353
0.12314520839004266
52.46573927862658
45.9811638108381
45.64945645005333
11.84977864647044
75.22924906382468
182.75418375387176
-20.48117944444821
-2.6191993144285703
-92.3429986441837
-58.834249688585714
-12.188063719926467
78.54868968547851
67.00167720765126
13.910499607994097
-6.252675268386611
16.612609118734945
54.25823086397071
38.81856827449667
31.23711911064916
-62.76185205609454
73.68022822437649
66.05694090557336
-14.70766269689712
50.71295387359976
26.16751149946452
-16.326942912163815
20.906187558280326
140.8265449001542
46.281268869556925
66.60761096784336
-16.69844131001082
30.32807223099082
9.768961045544145
54.367980064101175
-18.702754220278997
-33.350462518186305
-9.022892133678198
136.00610149882095
-15.354806336855436
22.99025029614768
74.08420515950866
22.37821645339568
25.758958815905658
102.07097604569253
-27.348583658326334
-22.644566010355156
50.39518382279448
73.4019846554229
152.49751632322614
47.48180303031876
169.02808193251212
-159.7752404918201
37.05896196879948
1.2775113988210818
24.754932739331593
-209.59307871317924
47.48996731902707
-64.83294679905885
91.94064395361659
-3.2114702763341825
22.713277953790566
11.378392726184344
183.1768319732937
-65.15250185666537
42.29391927305265
-2.304014635767497
78.83591007351015
39.650172398520084
-24.498457404627278
89.24162719459304
58.14401588868077
116.50301078982352
111.05362630584159
33.750582650162535
-23.149921231522512
17.57007543797232
-216.46314718766735
-6.889427462645961
-55.099169059096354
149.07306418675114
19.02315366599804
60.19444147850942
18.56571287035088
3.889763304156986
-25.46542372781596
37.22224425026581
123.90477822973617
2.5605046230284643
-7.137739347667406
106.69056769615588
51.68280178907298
14.856539406419017
-10.10080081358683
108.76416240138406
138.5914632155625
82.69228966421906
43.88759353795468
-20.4775347140926
150.57384028195975
-9.271789451725715
30.428971922506253
-41.960723201621555
-138.76119925875992
52.46829517367928
17.11961853435571
-75.12000397103702
49.56810337062805
-77.71503970820731
22.160418473156824
66.02037689339457
-7.266608196881106
197.33877063217278
90.04249829126616
36.464986729990756
-23.815723264321605
17.415251979178265
44.21294088147556
14.50163823626676
46.597676007477745
109.44670560586565
114.87016648961753
8.61080709562566
87.9304900479874
5.788245799987856
98.19644913706225
171.76009076338732
13.330913624897924
-170.0894238976407
147.99061001531754
-113.24749255118513
66.71677403289905
-8.483111502210168
14.63538445824459
79.29750317942944
-36.077979983123456
-12.359229420319126
75.17644415686152
49.94799661527122
-14.492990247677525
-28.68720860389294
32.00404084665396
64.5796068970024
28.239781788463777
78.79220998140303
19.738905112400744
42.54883749859364
21.635450754539306
-15.128485568039878
36.66982750198406
48.63441249380321
1.9613507472860636
-18.876729586609827
-1.3411850897018667
-2.30425791108448
107.1337818088457
20.150899199166815
49.89640306012143
24.693220675059365
145.28716336325033
42.842144516531675
185.4727330568703
-155.66022780898174
-3.524759111109688
37.90486056598577
191.08736885986218
69.61463323611281
76.10862932300734
19.774932297579397
16.182757202543616
-8.376289412098956
13.124080798727803
68.0647104741779
27.279713600551077
46.84838912009579
34.654981267243066
32.050098524056345
-200.33484627483085
120.85094485154741
28.564489259267283
58.07959827925029
11.21463482906755
79.23915365065065
-12.604113126231102
84.07719359045632
51.84173374288537
2.2113570479489777
-185.3458845215946
-34.819817634950596
31.006497837698642
29.374132290915057
47.213150165281235
104.99221653872746
29.594577534439736
-29.542547290751372
132.6599374194534
125.58095196982663
113.0068329711944
0.4013055193527606
-19.984089806638657
18.33804603692829
104.29031371575786
-110.05206569210804
18.26163576185627
92.49714671075526
0.4289503720214185
-0.25380738613582016
14.936755315983518
-15.680509553339562
-18.0958551566867
-58.9184086424475
-113.68245973343619
-14.088531404748295
192.98154775161174
54.55447526452494
135.80624642926205
158.56453479202446
70.84267298128356
123.70097383699522
-64.81557715801728
45.093688100408315
149.1990410427643
117.06568419931227
46.52060944144114
9.389101591093223
-11.706475090763924
-25.847496983602014
-23.127565822353972
-144.1394351918957
47.36880120944888
25.88079204440663
-27.08924255299098
61.49341057222864
31.53145414266176
39.27632649050338
-53.930361763608744
54.89338883278728
16.349787384002866
119.57147375437034
-57.43217922873373
21.67673643914941
57.60212632839506
91.0618518068643
73.21335254466612
-3.4229287023512915
10.854244566433882
-10.482089815623112
-126.21484127970866
49.49239803091345
7.022034080987396
90.54175347051341
108.71620901323803
113.28529316714776
34.85796947387735
-47.5047995954028
87.52583302238418
215.31694134445706
9.472188291686052
49.8417178964672
-21.356649833553483
-25.23085348065206
113.34872029983626
-8.724438268459604
27.64267277948784
-3.367940491050888
-62.54571240368841
77.9604735601481
17.20944639005873
10.606329718978463
-5.863037125606752
9.557703717719713
-29.891817485925003
68.58005798072864
19.492860738612194
107.40896894327261
-36.45952722639004
9.045138137967115
-28.58969495118348
35.590615270902255
-5.4870595635248485
-137.39470759068172
74.94093051313257
30.66953302437173
60.01635454076812
-101.71731612610256
25.60844177637682
3.9536807027457543
83.54716925042294
140.6589160016024
124.38138581780981
178.64420910181343
14.886237910394758
-115.61581238477538
94.75608068719248
129.43511870484053
-21.37830122471596
90.63049057823446
18.810324233038294
4.099898687677943
120.50372657338721
-31.24390661765119
83.69698066301589
50.11498229600511
96.62873542033822
15.106597977468027
46.07368029570364
-255.45369687416678
155.39101271042182
51.88019513779727
22.023220444056403
-4.305393598088557
-25.148997848444946
-24.658235047528677
-98.0570598649224
4.38446292398981
127.10480857381026
-54.83181802869144
22.676594884375287
117.06405742511947
20.264888480817394
-107.0030020930999
-19.057376793667117
-2.8356027644886126
73.57975274990963
117.53686725058742
52.28367294498094
5.800435586337699
29.140412273347124
179.85443942922484
111.90671288580984
-78.18629604869102
-210.67545514047833
116.06778071793678
77.44885599373765
161.98438134915023
-0.7193931298038478
-772.7052662592214
61.526086081563676
-61.18051743673823
-38.70589019367435
-118.92021026696693
-71.44951449775726
59.81755119895297
-18.658847870241516
23.220099022345586
43.86933932261218
-161.92529266852128
40.20384515362097
101.02234245532054
66.32624814135943
-1.8369748576486185
82.820904884024
154.7422707709111
11.236570638958028
105.23768125460401
43.35113932782497
67.74259123571883
31.404987467210503
86.9733945640346
5.497044277184571
17.795053397897927
-208.7070560107386
57.56196894618154
63.30753900148219
57.62682613375094
-13.688020207923728
58.846945184560354
-115.43260582852781
38.205283096581766
63.821043199176756
40.65423646984864
59.7523363173433
-8.616217088595695
-6.151396678340197
-19.53277578240147
10.22137761734198
-10.110585029974573
119.95891238983131
83.00808590955171
-49.167836868298046
68.11757763159574
179.2570339164845
-96.54727484609725
110.49595370868656
-264.42612021860714
-2.72348793310627
-6.710217735877346
334.9583649228125
57.165340159417994
-141.7067221823081
64.61878662552328
-8.112511941324545
-1.984075404323164
-9.179279504040698
110.66454506745822
-35.95237862621207
48.2395100485156
63.05546853842952
41.62316009083196
26.25931333365084
72.80052300012827
115.26413434002825
-57.31236649179209
40.68935587668349
137.07286334083574
-108.10089410674051
-49.80793787336605
20.871863498904933
190.15083964403948
-56.76113682147388
76.57276174052299
51.46356588651997
94.98445563616724
4.678076157043144
-71.29713425752561
95.20180637735393
-29.89512766759799
66.80880631711904
77.10949897494334
34.928104260513464
-134.76201027232128
-29.3096636855239
162.99068915295857
69.64048770178943
-27.339125958439126
11.281923564240802
-43.7337854615771
99.02046498892287
-101.83440743274559
11.743017886914508
58.414394083346906
32.65654828094996
-0.9605431753680757
37.375768169845074
90.36284529866452
4.022834476254957
-155.4798328041361
-430.6898942012427
76.97262159305473
-299.5382215168638
23.262699662788236
49.08622073299216
-126.09012939208606
86.6155815196953
24.666499646529278
25.292168613657623
62.23551803502197
228.83376521914352
-145.57582602141292
-39.474006073180135
139.94659942736462
28.712559508743638
153.72272535860338
46.313800964999245
26.77282141278181
80.830726103693
32.60893499068827
-369.9314449777048
24.314813092175548
53.4532643061859
-12.81341518507702
79.26689974495648
12.674915470861064
53.39132959182899
-150.40935679165523
-192.55765012914162
-61.0771049644261
-21.5696931577962
41.35356587167689
52.32868620568934
12.399159533598322
37.33915573802719
51.484671278647056
143.67909243234953
48.87322948521913
18.78541943620582
57.283884448445406
-46.02226410898311
80.857498633244
-717.3718860216622
-12.66056126071361
97.5697844490146
177.3112679508015
120.84579764681757
62.818012078928916
-11.449661848731466
119.45381390274224
-41.36531515009471
-2.1641202977784246
31.340024908160544
193.77029803633832
-143.95388112329255
8.521416493429882
18.29509193677677
1.1854149514920105
254.70165053328674
139.19264022392827
-75.94283166378625
74.57577146408539
32.961990556762345
-136.9998514691315
8.717880292227164
76.05939546739394
-49.39690444969826
40.896557089293424
-3.3052406876895475
123.97850898497336
-20.608651858117838
41.48420731677572
101.56669967061191
88.69968528549248
-62.859419336365136
92.49519840800531
37.71014000414823
-6.617712035458027
14.187477080424994
115.21472366174089
85.43358160755037
-21.832534006881303
99.36015091003082
16.44291268696452
98.35412466399703
34.8605722308871
8.603699282894347
64.18933944144476
40.84675022657079
41.90111902717558
44.31436465651683
-117.0275485268694
-30.368828715392738
65.8630713080961
86.94209936410823
75.33897831983114
11.325583714729833
125.91329642227083
114.72858728605615
-153.24852819229181
26.14409399806982
37.259213606457905
21.20748836549501
-1.272935089523155
39.466923791523186
17.81852918059382
-54.98751149265445
-30.84702610098864
14.338754044264533
-61.6952069916988
10.596146004670572
-1320.5691927734479
-26.915409572634417
1.9764907359871557
154.5275330532586
58.01771493350611
54.15457506816756
117.326429045017
0.7825172105352046
63.4287289837736
73.53288924319622
115.90399459504306
-14.750681352181555
52.69905399994164
89.8570378890629
22.896841113178436
34.827196555743285
100.18323020289836
-114.35533617413739
91.26936559496289
87.50951334802403
-5.612762020507148
56.11529183156887
69.70835656102645
37.46454022685373
24.019400041600136
26.531060204100868
-18.113557535368724
-6.726155199382447
-6.9997648700773425
28.663155610536034
-66.35623388629392
36.07694546029434
42.5612745743598
56.1958110903156
80.2553752100984
37.90473115018332
109.95967830788072
158.3016349799077
-336.6955344973712
35.07039086321069
-30.475673079692115
-191.73820319556035
31.570650909445142
34.90829429169799
114.97100244166904
163.58703226897546
-13.396663488848944
-48.20724847378369
-21.07459088704403
34.96326340373211
38.92603965815255
65.46882516593837
36.9789479640356
-59.1555844430236
192.3074691949696
-13.667082709060589
3.260153008268791
68.58424885296775
88.91558351518597
27.135304390490788
20.386606140612002
-34.54593642490909
44.45141829005115
82.56732047786818
65.7246939177337
123.06139344055919
82.49967292438396
-45.35817644890085
96.78979811413546
31.725675139593022
-200.82623287394654
50.61748899335589
-140.32492197462125
70.80303160023374
109.33960832950243
112.42235953779209
33.556174669071936
26.362660477958798
133.8189414183198
-37.579277587017714
-15.697170250100577
27.01889137859098
-413.5691271932575
-24.933327987639586
24.97644529690541
49.242614711447914
-90.33224541758682
46.36937821655863
2.3857105373631953
99.76707931258443
-119.28230329352391
162.1413427212392
-578.198038286636
81.58876990434635
87.12365554308349
-22.872742898145134
84.10192857575521
-108.87628420546571
-89.93806797359412
78.61172759344083
71.6591609726311
67.67504084422467
-14.080939908814344
34.471428160343464
-149.61381596050433
41.46670729260768
31.776113775780402
191.01970860621532
39.231449865472314
92.17664596557688
-374.7752781528566
15.431724411838463
-72.29080724070172
-29.160637472434193
6.073422247493247
-15.95973067507295
43.94312710755912
-26.539136554362322
22.92959001389922
-64.12446427795238
-20.942598620572877
5.910151703044342
81.62754831477423
-108.44794949799957
21.031686776014386
57.43495918649364
108.40520867221966
9.814898675141205
-46.84367276765943
-26.43239435899541
81.32091750332665
149.7601632832866
77.64219551251858
5.36785072258408
59.44645512402167
149.30022130847192
5.05614989612799
-196.01734978554566
-34.355864190402905
-18.379244992446274
19.085824761632058
-99.0903639368862
-4.627051704019323
104.85962567642264
-3.1759469324458642
95.83762734365644
58.196695367848974
179.10348064995105
63.83500930878199
45.48594040653302
2.1807577083534184
148.27522697460518
61.18786564885954
37.89107724807101
-43.79870582374815
-202.6905276883963
7.282079869094559
85.25118988798977
100.18006794211146
-86.3205706350036
29.25406564721834
20.226070750296742
42.26329312906085
41.406203182571346
34.53692207897535
-23.597878570043854
81.67110816847566
-9.813863253954475
112.38841221369307
99.32033059395644
-1.7654549080150446
-11.310436177911107
-71.65102288804701
79.78676459945837
-309.5545985722738
41.39181124853714
3.2942928189252463
-20.182425518366472
-16.448264221312765
50.19125512619755
-148.3281577502612
60.17844997320224
9.539002372564482
2.976864264591768
12.85897404145669
13.063051814933072
4.374779874272563
-2.865349572271498
-51.91762652187572
79.51360763046841
-112.66931394955736
105.46811356578974
79.44165738902132
85.72231242961493
-2.942196715567401
12.53813775591891
26.67044262071869
93.89414548078582
13.48077371029357
76.30195363803477
279.14676087574435
-211.96768575485112
79.09203152141345
9.230538209235418
-20.8753010060218
60.327201196941274
199.4968236969653
-74.78795921289111
-114.99258303534316
51.21858318124987
44.17384338109247
86.06655445569197
13.481866875898753
-112.35063369425325
3.8861068671192065
57.90528486507111
134.94748222111616
-69.81379021766497
-47.47539079881062
-1.2769143317168847
-6.1675236894460275
-118.8270761321146
-93.3766197355435
-71.87782411183494
52.29594906080162
100.46203345590243
-124.40529087907635
11.501609994962564
-60.09006306205583
5.742479890741812
181.11144144614946
49.52167620356511
54.661851139064055
28.83134015663247
76.77341544262299
51.95886650586584
-52.07706459238216
88.28121285707789
68.81207809192001
-44.23770741147791
104.04483468328681
-55.68477472833774
30.738017041220417
13.677000644468954
9.685265265692614
15.472092549522337
23.088475291029475
15.23079131194074
-32.8302602998765
38.28949422354352
-4.310278933271616
-28.707712498954947
29.85592844948451
91.65483919250437
29.350684955688507
-4.872549097005491
-161.67490774968792
88.9883837241743
105.91816698999537
-174.8640508849894
115.70885607003947
57.51841904388266
-4.750685502927986
183.56446437641853
6.518762091599232
-267.0191290956947
58.107724385976134
281.15472921396395
26.47803990098175
0.7959158678683596
-22.994138217786713
-21.272668153262636
51.11126701578504
37.2831333347291
-52.86107141811499
26.728436659082796
49.96252599174298
-13.16016366990425
44.29792650991294
32.17734543470094
40.671626400606414
29.186573340857677
74.10800721704868
-219.62134867843906
120.55191310925238
121.86499818342372
197.96599599463843
-106.03417903410673
135.51884841852598
-33.603945050067175
94.6160633329111
53.217641985941555
-9.552979832307415
6.901561571410458
106.96967092460864
195.97726653566951
46.067281030892744
15.193117150481411
-45.733612056261336
60.39336621128405
13.118246586859145
39.634457395829685
18.740183607713334
15.835920854839344
135.7936011738634
47.29721410022333
18.395856552895125
-10.719361229849323
-45.68885767699862
9.283662951601137
-15.162309693239877
131.17967048704008
-26.766656830880493
-121.34241959514839
17.91286829166684
141.1964425162132
7.701448824920238
176.01907478589874
-57.86230407188077
8.88919062123024
19.41288116899642
91.06396566993408
34.07521620997993
32.97990485117498
38.34310237328611
-41.13720405714594
328.7477605857757
45.01344369647544
-7.3767153858864845
3.2587253905712714
-170.0295493564604
32.685351023863404
8.59074530074487
-407.3486136168742
145.16819253578433
-2.9757406356930005
46.950845916195256
67.91802937343505
48.63287560283064
-33.0742687080379
-389.08050352155533
42.04334711242792
-154.16228272564922
-90.76693546663864
-71.85980612586081
7.344753855988026
61.56567435375509
24.631734321161275
-12.996045872644572
80.01202573132629
-271.4418926631415
-25.642530237761093
26.73523164319951
10.199893753159465
-279.23435966698906
79.28653763684133
-616.4941666004801
140.5423468152269
24.95155500180408
48.04812072752975
20.51322967305532
52.45533125178417
63.5751226421109
323.4039764924005
65.69324074039349
-16.133292178966713
-25.871607159359407
42.57265879609915
9.575548872985598
-32.377382316834
18.78343722926469
-6.263067405907163
38.43377167981765
22.924666661092033
192.80741967968243
150.1384270657004
122.22904595259433
30.27921391534892
-50.387434777427345
-10.141633944040382
48.51417131700393
5.862992166959546
24.713215605027003
36.561142464576285
-31.431602089525157
-383.1353011487099
120.36653283374199
421.6216791523002
-102.43389150227813
34.447965571670224
0.4716455098586607
24.708806893616444
117.57395629110806
267.116266538304
1.5347605343777104
-30.1053729132678
102.07891577651725
-132.27168972403888
48.47930926674512
-24.357853688306488
37.614519315753846
5.344823136096572
67.0349311527807
-43.470562780126784
141.78778546683543
21.219292753100945
-7.133710519387023
-192.76398002664573
21.761669214002723
1192.2768854928977
-73.34130228670165
94.06021429053499
-25.04802567424781
67.08387137760838
-106.40590399194934
51.809370114494584
-21.222887015904426
110.13176810205232
92.23993901805306
104.56762250823385
76.70752023831062
14.884686082234886
-18.821269736096184
36.086450706605554
88.52724306938717
-54.035108190576466
64.4975573864768
15.51233432725734
57.73058945222476
34.725581936736944
68.38050070301188
162.33856325847728
28.61868564712854
146.7555402176058
71.52553788683872
-140.05435294866948
59.740917087528544
89.24181903437773
60.41190033445973
86.72900006095938
-59.360746942445076
-3.4266654923155286
155.1106420219353
7.671733221995055
201.92439264845325
79.67085726743505
1.4256316103283098
77.80057986336948
29.21772678494142
-99.49614633755664
-481.08896397576325
44.80156428370492
139.17995224737956
8.055167231127363
130.75089484657474
318.6452040808822
108.48505617268324
23.742353294985755
-10.533394186742685
-4.502243041188026
0.5964310052166957
1.6337198676440572
-28.36085279900181
94.2201637307744
-85.01528767486207
152.19052532231171
84.82245655917268
186.13619130599363
89.55212934311271
133.64845620859114
-0.4245287445701251
66.56923998171851
49.42077710162733
42.68101985419332
0.9396891757800816
119.98709994969249
3.5094268563841524
202.97475217024612
28.082198628833158
76.19299932296599
32.76803069286734
74.22810872815417
96.65573106871625
9.605442984662659
145.41722710476188
84.71301487640608
72.77465819381905
-191.42664306393453
77.10533489215231
123.7311014741349
88.93733200192491
-10.10188749682339
-149.12539968982492
133.25487918668716
-412.6568197802
21.443530166521214
70.69979280814869
18.094770181001955
-196.12126904537763
126.92201509730864
-132.85089965299767
72.47672319652702
6.7679966564560345
8.543878005756655
15.794459142949796
102.29832850034813
90.8414009633675
-69.44636442519914
149.10417661597057
46.07850944916743
8.734408156698919
198.61680802336286
-144.24156292444968
16.39664844751534
-66.47298146144112
53.26995530902332
166.37550866139736
50.93949121880997
-50.211255577891734
195.78021336245365
-98.65477081914287
43.933121736763496
84.29106330509558
-71.73268555380537
60.22441332863582
-3.8280549169439837
63.48414789703884
1.7522118964659628
-191.77795292694645
137.28542834457585
4.883076808382456
35.74202709007204
103.10317207055186
61.587906885085886
46.2704351125941
20.807662084494496
38.45616948224986
-151.84111141066316
49.90127758406672
28.248835456121675
39.62724680914275
43.91117002756819
20.97379132135393
56.074966264067825
5.652107694216472
29.39727172276178
-78.92549353797904
-10.631182643179102
55.86318865356107
16.072837762439345
211.8579351871258
26.552258197962622
-54.95642362693525
41.44674941082806
53.26538726646368
62.47723123026957
-21.09523268690282
0.9432372216231464
23.1407688007022
44.28137898891782
134.40314462412766
-60.15538588604977
-41.69759684939618
115.06979288924185
15.274669481906873
41.10862179441017
44.09635619836267
134.54937400632662
4.906677022629236
76.74805173605344
-216.67922723828906
-83.1525472683702
-6.0321958246795475
57.333170245394285
-17.323372316150653
106.92452759310208
62.9992552981289
15.350815302550018
42.3494063500267
-195.89388253381549
242.1646208281445
49.075268207056524
2.6162961140917926
131.0563544275824
8.81449904055724
91.78078470145545
-11.26747320473584
-37.01922699163119
-107.85190366068446
85.39796045970661
-24.618327913752182
58.2394048648188
146.9623287001309
102.91689309953858
289.30150615977936
-184.67662798320862
165.17263850172685
-170.86201294327475
-15.465526318154094
-3.7258461273813617
1.7526372728666502
180.40450716692203
-836.6043168194565
32.965532482613526
-56.969056753810946
15.72382684275122
-84.10037683790824
49.08139404521603
81.39983018788053
127.0890616290153
-43.63034062948674
77.64975319060716
56.035579159366876
66.33756555109336
42.72391009259263
-1377.63232269328
67.79420407584954
8.999193334428867
137.10958227584388
22.58340061674562
174.0637133118271
33.08766015880609
47.72178958157474
28.326077134888237
-69.12351259258651
81.74923661949197
148.93271824291242
53.09086606817709
56.52283703726056
85.37980402822075
-47.369541132126024
-25.098007103785562
22.906602824836682
-108.4089997554629
-128.5361339966703
107.35413687418827
-68.07802534027132
-12.333039421897666
29.157087296815916
93.6889417186776
15.190501728810432
-12.813623783766378
-146.00505539549613
83.75298009887365
88.22255568814876
192.56274511519268
-116.10015381520043
2.780819701736605
-229.96845750199827
49.24272567317166
-12.824766217834483
23.313288506351455
-4.829937453487673
89.86512763182884
11.653550700290666
140.0020907960277
-2.1280445183429038
77.87048877802772
2.9166243912063035
252.44479071878686
87.2109954441953
72.39539714845205
-15.037237984872371
54.065212954143135
82.29431233805428
-0.9423810652546015
26.233155308749588
73.4013801080564
66.05328220048108
120.54274039033612
71.47941619191761
56.03141536851035
12.181873999716458
47.25281861632565
43.76363868929002
109.17626133337592
90.75189714830913
7.3977904703124295
3.7469512057791055
99.84191220711114
6.852522394992482
8.317241694077893
75.23164542678705
47.195722888252476
-312.5870418439772
-109.97836151451321
135.484646297195
36.96329059711941
-33.06322218094101
40.41424731247611
30.08864287573958
114.78294142557866
-11.161905242808189
79.36295410505465
61.14195484431696
26.317426768610403
16.77811591152323
197.83042163623486
202.99751714371405
46.54934692205203
114.91764934300863
186.48689796916187
11.355754617197874
-4.9067936826390905
71.22315430359913
21.178658721835546
37.713452853691024
190.39884132744373
-12.303329833329371
-38.88778196901549
47.58344337354609
7.288517248137168
-310.9951973163743
174.18739554446984
67.92927107332423
12.817427641779375
104.31020069140868
11.639856862637739
85.89727995308465
8.863734590270123
109.04168928533363
38.60658888758212
91.72624100972553
-12.76358296138546
89.2300217989798
201.8279854307957
116.70371201067564
87.74171988142018
17.24167130297613
-203.38868401436866
122.44580390195165
70.14099532315248
12.304267820932594
-36.44259692427955
-6.5245699347090635
49.40741542885984
40.258799294518326
-403.4241056259343
4.609969521041923
3.452391737667783
74.8696134237639
50.73753083618692
64.41628912502438
-141.47306685874264
154.14356827348956
-28.955495275700045
57.85203714808662
-14.684440705005414
-58.09894644061933
63.07889472320801
30.9181242328512
46.27559442768029
6.9850178711544775
26.214779138761116
35.05480175436911
-85.21817893303614
-998.6780963033358
85.54184983016285
71.73884785147231
17.02686677289445
61.43377342223416
-15.447394882184199
-54.32029311784254
122.22440044988889
31.341835150406553
-50.02979860796313
22.015796266616867
-7.254825711852549
-13.182793968755504
-19.026483464284592
5.198729104440872
107.7477754401375
-287.65698163534944
93.71754733338503
28.936036602804872
41.13104180645212
5.787155053301831
-16.73824776481728
-32.30827228673023
28.844293450961302
211.52477144520526
24.813007117601476
104.61176157643354
-329.47036691991343
21.28696253522759
-12.48412815342484
62.07194009209974
17.970781905961758
63.05514058702022
56.347437709463065
11.385155508450332
8.462763457882943
-0.23105060762256557
25.84799405433614
104.60990407947179
73.30222826831687
-158.72047482315566
57.47218386987868
72.25563017065213
41.29838410913817
20.75946241430364
34.208355499288615
91.08558378393309
-219.22556346138663
61.38613391648141
72.47720029320112
10.745880741085056
-237.50721098737722
106.25117644205784
12.689897649956805
28.40449050954564
72.17569969653911
3.5983614206259062
133.97292676928282
-66.97945266638317
113.10465902385658
-2.2213750100068914
-2.867345312764442
-660.5075690802531
-28.095435863666353
104.92725523959098
51.06507422204868
13.115365904792883
56.682079420006076
23.430673310062833
33.13881522441335
39.981677338666486
-65.22997293188291
-27.688510521163312
-7.444048865970672
103.02103518263289
4.277696840930901
72.80774083135839
54.123145447732824
98.42293280680923
157.22374976289348
54.01351550524677
124.41718879341806
-22.590925286993752
72.63584173033041
-80.97529038152243
107.49494543316223
93.76551850287274
123.62105681021217
155.4611641698416
-81.07772313344731
-169.85469234775428
-15.23346985922035
-193.5601471574182
120.04951474442339
122.31860586718585
-36.14907715676554
29.208483511551663
68.18809532458818
13.987399734789506
140.81287588264286
81.26279522200184
-49.46176643153876
7.493256956733603
60.500379784991765
101.50381031306222
42.22556510943457
43.37934992886508
-18.12172474789725
16.096983988273678
27.965036575321392
48.773427239011006
44.45968671325113
167.4117251075554
67.71184546371612
-122.5228837617633
50.95685623553041
-0.24749303113731003
28.809706724960847
11.117633730259618
51.521931481591764
-39.25649217488166
-609.0685432680057
-108.82400890620556
-21.742352382925425
-48.9491113828673
-58.479408964337836
-12.589699491901229
70.66296015440525
59.174617832747415
156.41324499703796
176.59865718653327
-41.38838495905338
36.492705306491466
-31.195135171646786
-18.308564166834344
63.94368386249829
-41.19977316337145
-137.81219014439375
109.11833612247347
2.427418881136873
5.372295901141439
85.57527869614069
-0.18883131036836817
14.835892560770892
113.52704964810027
151.45612116343204
31.027765275306933
-5.036699992714103
310.69685495826616
93.65248594453794
119.33288907812357
151.38145967114087
-0.3025220674830962
108.10084767238595
68.75122734732273
179.92794392964674
-27.317110813173564
42.17993207237441
28.57107305694735
-55.0054622099442
158.54867805380354
21.004007952403928
164.89081977998285
43.21220228967906
-598.1660979615885
94.77763340113819
34.687915318178966
-24.52306435310902
-85.52413835623975
27.861056028765
31.845937755416568
25.801176579501316
99.3084024719065
19.130572794461173
168.70462663056333
23.88062597319731
-37.14843398895994
32.94544704718937
129.68028439712634
34.362921093059754
136.89522581599658
54.66192761760266
150.26832481613837
42.15603800805952
8.563174224091199
127.32090816700793
-130.67458868861195
-13.479289526723278
34.94075716926625
14.855415379460283
-3.8652058808040692
133.8922667866177
29.873631941388794
18.436946240141644
74.35686520667326
16.120153762570226
56.64017510698295
80.84675422092027
-12.160437748700016
-3.384943626137101
43.223747668637465
-75.74966296763432
72.82188222501674
23.373410761136522
82.69162755154593
54.02886684647518
115.73786383554011
-85.54644733235136
13.29205976764797
93.58360396926491
12.073429125141267
111.82504032045517
53.63416833116055
86.47264362380793
93.94545213894253
31.69175742771932
-25.371152146597904
23.424600966691287
6.3223543669532205
8.925773630551134
41.990943019231054
-208.88357004003956
66.1904399557543
64.89019919809418
7.643386576478832
-25.732196043707518
-302.1257104772589
-143.9702266944064
-2.2350253948242575
134.86815932716854
-273.7335344842304
-5.617084044155945
37.32715257950555
42.064698027010266
19.02818052046723
21.015448084787206
93.52723453728686
-5.611176017771102
34.00896531212724
198.52438018576595
95.28491069049028
-41.630496392412624
-15.25613717904313
107.98356307689028
18.50749738693753
57.71942519779486
-6.0514354664001075
15.948956979119234
70.94687773010736
52.93810652157774
52.0268262816835
-129.518414889857
30.68130391093473
-18.92189374323387
33.640381127105684
57.484246980494845
62.62627286341922
112.96355987694983
-395.4170661545332
-17.673848369994296
9.269568138368662
63.372692635725144
52.9223041081425
17.723106422279066
-339.4288683091454
-16.37339404994546
-199.8954064468785
4.7848381550388694
59.43589696729805
-110.73870706782373
-80.51757157719658
-43.862577066974154
74.87680641194595
26.413782626677566
-10.591205200532613
67.04498818173144
11.546867280646687
-305.4999088847012
65.03967245053377
33.447440944001755
23.008394487428507
73.51906416147722
22.5931229445564
109.58994609749209
-54.292218792897074
37.384346425232025
161.98891691815197
-105.56250466256328
50.08995850324948
31.529165951376513
5.54150847331058
45.3920750251109
-2.8853231218537996
41.19162785730077
29.212775275720627
40.774572424888234
-14.556840293933494
-30.87908657716555
8.675529653442482
65.46360049067926
-8.446712365812346
44.79462349880441
-226.0633173704141
-28.716602999197676
50.69033786124817
77.60098799049273
23.510822559735708
-8.85093886185661
-3.284460930203494
-39.66299559890752
53.35621385871152
18.21262725384122
24.57118234246719
86.10690521770721
-123.60845446651365
12.958550866230325
-713.2743736008667
43.37721359540865
80.12754534080415
61.8484968210235
47.142437478121394
80.6734223883808
63.75180180690597
83.75659855279355
141.32135738815487
-64.69767521908125
-38.45177525043073
142.07178578455068
-2.4144220727982173
-115.12033120605747
-15.82955553932942
124.93805303544104
-112.34285431171884
175.11999788679327
51.09612620659664
-70.62050816203828
72.29928473854511
25.447271918631117
35.31002503506233
36.873625921488866
214.96148745164555
54.51145632451051
101.14796134823541
80.12016827439365
6.423778157322488
115.26324232606953
-5.088882123420731
99.41047556811873
26.815396118180878
3.931668213861485
146.56918238239768
60.03789287925974
48.86153043202194
42.56048789481383
35.36285952720706
-10.09558614577736
56.85402938454081
67.60955318892366
12.149333929248353
32.4054381579208
-270.83294380283405
112.78566999190002
1.070477985320185
186.60679973650258
-102.29021778313563
-51.87846453310749
27.745277583252715
134.64686931022015
1.0708227509602215
6.547945463878563
-12.06612654254583
39.52522340055279
36.48035114267168
8.22067383710371
93.69157154783943
-75.76766907983529
42.9349807734111
25.41443401739605
122.26816740258164
57.81608807296347
105.77593683779241
63.83870779647682
-8.507777036690271
134.34779894559097
209.69047106366588
-45.180376907664964
47.88749896011359
-35.82287359080903
-125.81638147246031
-40.87822124775537
62.53243790449034
20.773429630060882
40.213651535047575
76.43843787100138
91.84158422325959
-101.41721829265862
-33.90877592746938
31.493323800533062
23.730755983297414
-37.37577795605716
37.895090314975164
-320.4305576820743
-28.384843356132478
-813.4685735195417
-90.50807223104766
101.35840617889107
82.70176218305562
77.03742147013344
31.861031603007326
-37.60812022632834
-17.778864364636654
21.066893375860467
61.13354449036353
39.868906154606634
-695.1324699468548
93.94951873416642
55.21340779067771
-31.048583826950015
212.11213476546936
111.57911848927961
18.051990892867877
77.81634772382284
19.42189238701617
145.66199479959278
28.568122189909833
-12.425987742555662
187.67854698137307
237.11449204862492
19.683903385912295
84.70344764359743
55.70409418075013
18.447776961187945
84.86561277277997
-283.7327336446217
3.496536724881043
-77.57485662093859
-97.17418842634015
56.770857630310275
10.609897401275202
-46.399348755322876
91.75837869388664
101.68940770135669
29.586997758259848
77.98110452099539
30.04886806517506
-202.82385868208166
85.3890447039696
40.261788190068145
23.596641532336093
42.32157112760006
30.662151781261855
-60.97994115002257
22.326722616086695
-12.517838223816334
110.13004270989029
-8.13029802301795
-21.145989506232308
83.97160088941791
-31.147380055741905
64.85882141380664
26.510378035319604
118.63401463850937
89.10308018642854
93.75818814241075
-1.5534090585843083
97.68966240894133
105.57033894236508
-5.862353907878969
29.374779622649978
-1.520631075796075
223.55290839225927
-5.681358640958453
48.72360601920033
89.77018886886833
57.402260456903434
-113.09689963077562
140.76810803241528
96.7592522383934
125.12547450463626
126.58810543299137
79.43917025080671
80.71822528770383
76.90170794216692
28.623184935002545
8.761711544396183
37.32673732095964
16.734945197929427
-117.77674258126945
168.16099805225622
110.3431819539361
36.98696978828085
42.811042710617656
-45.49774443313851
33.938120281919225
63.7734660423566
-461.8766789130541
84.60930921098952
7.734057738083118
-76.74500242342127
58.90811299918093
10.355874965273415
13.83848067572383
138.21787952844306
-26.83291163732474
4.215198719146539
32.24085902790441
72.41763543796992
50.63870459905104
44.221049224439355
-15.093142035842902
25.61159383837048
58.72843500736167
38.359526953535806
100.44295720488822
52.366383385587596
32.08282324055517
-23.548278959358
-7.142322630894793
112.20152287122369
35.296300598058906
129.89353351586487
-27.38161508051744
-22.619112303473088
4.752272585359037
104.48689001042612
92.25003192251438
95.13573839680976
26.89832615656519
204.40620172717763
35.69256893661532
17.24468067368167
103.43263703542107
189.9637944361848
50.587660447411274
82.22172431518868
66.48069463923835
77.02672472199447
145.91515596830368
41.20870539085627
124.26460206504362
20.16992575589626
-26.985174497301216
-58.03783111959191
-79.80307618468305
12.284353596211917
16.391768276955645
85.98315856267482
-92.06660803564512
170.82489946302258
106.8399349854626
-171.15736166427814
109.09601869555229
74.84675121852342
25.228157674860036
-1.243100051498459
23.435506734670952
-32.41727151622777
102.78082095269428
34.056279073349
-6.875499027354072
70.1842568545249
55.70057361873137
55.54481057133398
64.5676464408416
7.903261899527934
19.691097990130196
142.71339639317011
-51.86334846510181
-228.8832899652134
57.12507090705486
-63.609856625977955
-18.569499904225907
84.43682534133677
74.53651331737365
9.036988903255317
-903.364128682772
20.665958600279737
93.27599299382064
66.07543265979638
8.481455640768917
32.21724460797762
98.501268445385
35.727552617400676
94.95897040616404
-49.146342316190136
221.21778224418904
66.09245705078285
-36.61787640578336
39.128305956087615
-15.81681037383612
-27.392236158444575
18.489946516885418
156.79264576318246
-1.6761668926442326
34.69082262143422
-12.848382051024958
11.408667564483514
-47.90885889454012
-21.292726058301014
-41.6069420318172
91.79108074832624
-19.00802805155581
-100.95556030184525
57.95249269688749
-24.255466083129306
6.77706654443132
0.3784841646224777
-235.46883298356624
-67.35739385535135
93.070059661281
-97.11065289972333
-137.46439359680517
59.55712485719829
31.841341559914163
5.278140967773666
-14.913657549428068
50.127066048127745
-21.114386594847822
113.57045013323477
-12.748923962324623
-123.78360889522173
-115.28678988959155
148.86898796396645
-35.69545475624279
-7.018224568157506
3.7453513844461668
111.903805545242
60.99163578327352
9.986173437700927
153.13709016201256
-57.801939798612125
-7.081052102496869
16.52418643756103
-59.22648955624118
65.29071707047427
111.66431873574356
7.77541313675801
28.234867331479904
55.727323008914595
-34.50190755497603
56.71266161453764
31.353023331964952
-202.6454426225746
55.18216166069513
15.287766055169461
45.76133239876297
180.12334784617815
-10.260533694100559
-13.778178516849405
-61.376789877282135
5.6518638889187836
-34.02548598621677
161.48835810774926
19.68301425896047
30.204069037793417
5.366863087401491
90.8128190666198
20.269066913755303
3.0152681158010637
12.500434261473888
8.822898551293292
82.89636963769863
55.94929808930465
182.77587197942876
75.97327366907894
1.6991611139619636
46.861660710029724
52.01834810613367
20.28777189095931
-260.4193930637284
-142.18395694185074
-18.617440764776124
95.95277897433061
42.93604579791133
8.13593783981882
53.74062313402146
71.51697634246307
-15.099925859947234
35.9771422291514
45.8073456713295
-22.345614637743257
23.037930030236566
27.385659998344057
56.07487190717973
-16.450105208664354
-75.90614004843928
103.95522464669864
19.99913476511572
24.965806779709965
80.17771559583116
-3.9716445697606737
61.2946430797802
264.9892359177975
40.89591060380539
-85.52221285872747
99.27243350104226
12.798453718264227
-90.24727113826702
88.9743258304456
42.08798336329432
15.504603288925864
113.16169735925405
1.760744796252731
21.799576200801937
20.534618889992544
117.72075138924447
91.22660917019402
128.66248984962658
298.33584891396913
87.48250000960388
32.31949246530007
19.229245560328643
-1797.2228202460528
86.05587622490054
171.3246516641932
49.78828642625626
119.02017415314958
42.421145674786786
164.09332850286
0.3079180640028625
72.89067496467419
-136.0123796166763
-5.978128791841412
31.023156161360273
-120.14774639149674
67.60107276377448
32.90895409828956
20.03257899442817
-2.0837053581089213
174.51867053581827
90.78608738467983
137.67863407426898
2.048993850115039
63.675283340175156
-25.715503554196403
31.935496039852296
1.8842212365971154
10.334432569582532
-16.25066602498464
67.58092955250686
48.9503735029194
152.58854815045152
16.821091228598107
122.15001153482945
-139.09367521098898
284.9376432616914
-133.75587787712902
17.5913117775317
-1.005605626671695
27.160382783817607
-186.62178040758317
3.063170028765834
6.338118061062232
40.30482470257696
121.23036754755685
2.4330155913717526
17.85000850859996
42.777162648836565
32.85454522727497
77.69087814583531
-53.68335885812212
127.44526320197383
86.81118683087311
101.8862576955487
29.69655643097872
162.1264250904983
10.849065124381994
-6.947155825130514
124.61290698813355
28.314688732388326
-54.91578110892124
5.647904435925739
-370.29037577541294
-15.400046782001482
5.359625875519113
55.97221370658178
65.17294395312945
-0.08086695334166412
40.32748011307865
-88.26471886970421
-73.5799311028959
-199.74065058054657
44.446162825899876
-28.120160985977783
-77.6213076093868
-8.381261543846023
194.23032426842974
140.0599106981308
116.44675187127132
-99.60636017622255
-20.770870451325663
1.0972838516734837
-29.080322554758823
46.253924571009804
22.26886058880592
-213.23156835949067
1.9166955524665277
4.232231244554896
-267.89708774003793
181.37348917044483
34.51135250651332
103.75199768471157
23.56552615303991
22.313290021271314
88.1127801891522
-300.44459500556695
-37.497665406829526
125.77919020457057
23.324708794374004
-180.08445513776405
41.353978393043235
30.755998161368584
36.99474883533107
-22.70933018147925
9.543223025460783
-80.0675125623402
-0.7968653449565863
12.084600789073663
73.47215009759773
-18.893670249638568
69.06031842418724
77.24705218608312
-6.699646565400743
-817.1749031388019
20.86492883167648
143.96925425746076
87.15110995302439
22.31977971713076
30.51473078634038
122.26607529651517
16.024685652405893
33.73395560977146
161.79105987718094
245.64076795704932
8.927449297345447
108.07030483622884
81.197995408814
31.831388232017893
11.276035978143682
30.260822171558175
259.318087039017
-104.9255570759392
-41.73972853784244
290.7722336482411
-11.549044770383055
36.743993137702546
-133.4242393790064
-16.27169405584118
-39.03696754714292
-55.61604601255759
-70.2253284587141
112.17589353888525
-12.42256531358559
171.21699794543747
44.54433719034206
43.12870545278338
22.024783311716888
-133.38885980323403
115.39785724203864
-702.9480784824433
144.15276423551973
300.582905750573
1.3257727440673133
38.98532358246237
157.8359837941739
35.06817348766132
132.42066308487733
-578.4089946874356
74.93240948706489
102.98961432745591
37.65309161951634
66.42097054538499
22.671275761992387
-29.8466040038993
-31.21302692500103
-30.680535911108436
20.7294412251905
-92.75926678856395
36.840652000004305
17.057064874091566
278.70221412079945
28.783021946094323
-24.21729619748928
52.49715667587202
62.50325493390221
43.14227200623882
66.01510135192817
-87.45190379069936
88.8455259013358
58.05124539193002
13.902651811816689
46.83132444158355
60.49580934739765
33.14637249100778
39.381690274271335
-8.812705924514603
116.6343291034118
167.81249301918433
36.61756647835019
-14.058299499777519
35.68198111738229
31.550280404129353
17.22308826857637
11.36797542776003
303.32170157643077
47.35628019221426
82.75832518181869
-2.2374731069780522
77.25482761093417
-35.329707128516986
115.72226493820199
116.05037253939827
32.85070550205435
84.33590381842245
139.58665753707692
166.20449074611452
198.65279084495023
106.31170254390827
26.66683216758189
71.57657264298405
-47.04213994574184
-94.75151343138577
17.21157552155494
0.39350673033645367
63.01560684682086
-13.076876076819897
-2.2704311675788205
-36.75870761422675
44.691182643999625
62.663445790357045
42.661066954154165
-64.73726838629636
161.43815562558257
-1216.2749991178641
49.74842340478075
156.00139786733052
181.17201320813092
-134.5378265319414
-12.126720185859995
29.07180138274046
-181.69038790954437
-195.9113439304283
-22.97258374461915
-34.135634464615684
-13.660496962959398
76.22291938129229
0.47740195618296366
54.82788661175573
-48.15840098746743
110.73694766425001
106.28407287960908
65.86313694144974
18.09346522728123
72.50964367350798
48.67228374852411
73.55662683372589
93.30421421604115
100.71825422535221
92.6449294000322
1.7197672635684285
40.86675830315255
269.5587533323378
-191.11685015131843
15.835520303108709
-7.090246288441479
38.689269820550635
15.249416773949179
180.2694065315718
99.57053036138882
-44.689827822623556
-157.40528941668344
53.174746699449315
107.82071966709645
18.487611319034954
26.118613115083207
-21.83530579477747
168.43110257684475
37.43196137475343
140.71198600820435
12.810183247060795
197.7708283101715
39.750110710904366
-45.229977429951894
89.98282579157109
-62.377019287972416
31.88696518788393
11.987017320215635
34.0033663001103
56.373469200249495
179.49198473290107
66.99651345928442
36.277478477138516
-209.70904598793095
164.30720645547308
116.71011711738106
-151.85414328772004
68.96573380717223
1.0130664126233953
5.885407449267612
33.43228735875027
-13.903504780446958
-369.7494134963408
4.445746977607541
37.821141820485536
77.57515461485787
87.53130886277464
22.810428736114318
75.32566125766198
74.90199791236546
0.5292569781673946
51.04922142577574
128.2960693310779
-14.685185172024735
23.740837869868248
-30.3998257776834
153.81880147071115
-211.28007065182464
121.6221187441879
120.0893226625899
-119.55166041118173
88.24996644163832
-60.869563873779725
108.04893751692293
81.94622629890273
-46.00794217246221
-319.3019359992122
73.09769363601936
64.46346724698242
24.367154310776144
49.56057927158599
32.349743864244694
76.63441044029423
-94.79598805221167
35.66155983252068
58.83567279425483
33.24125233925302
-20.236580525074032
-20.142735954825653
-64.89400837485982
165.88846454023542
47.907669020336016
71.35259125173025
24.570851304559156
86.60982213550756
75.47098791233839
-237.6526055073009
-80.80196909724873
140.18038076724497
34.29201691450271
-483.49910644562897
-10.488924460693923
-62.80056268996532
92.04409321647461
87.81630674094095
179.56610417175807
104.85757613542728
18.186540709513686
-14.102303683696846
-5.458070008013252
88.9268453139066
-549.8811081807739
109.28627004742725
12.247029030876
-51.324188831925994
-0.612418139530746
-103.3112887808029
-178.7500263775687
-15.367336076104948
131.58791819536282
60.05063967217358
17.641216859748965
-57.06600200509047
46.20011016368339
228.0988888287161
-19.756346875666697
25.504907833770176
103.98076865208941
36.56540976042753
39.194305789881724
-302.27404437221594
75.76184447561172
19.14807923824248
33.32645537489296
31.468651396014778
182.15321726379534
42.674788763306594
62.56161815593896
2.487818436390807
-0.25045603073822165
35.2509462426801
31.391435989069805
83.6068765550823
66.43619299478104
-0.042124306773985154
-20.089502847297354
36.843637090440005
34.7012889302614
29.390715846352094
-20.44250420239041
51.36338363933692
134.17960085756522
82.61233141630737
36.30078584666171
0.21550964178784152
55.187237967636406
149.5573155560205
90.13470256803657
-24.25494156610057
-57.1180775118828
-34.77725550585346
97.36872006432714
69.12949886714988
0.21724358813350464
-242.45846741515288
31.923132811655677
-38.665415685973585
49.97179575319069
89.22201321350322
42.12409315009927
92.9462402780573
17.872050175831667
41.47294971538531
99.57162707419593
28.025779516496726
117.46478595337703
73.51542780865745
12.27665559871541
65.17173689171386
119.97842126984915
105.616898550325
-94.76815672358225
-10.43159843617917
-63.44261717132943
-21.672843481434303
68.19182596785129
111.94674690823604
69.54349736194445
-89.56161220661761
-44.49192028038374
116.70000168368233
35.91384221360649
-33.19546101706286
-143.9952610095097
102.13253332699696
20.195899678526075
9.110651177947735
-34.40259341784329
33.13129507078104
62.544247816595885
85.0380760860507
91.03026202562683
-32.40366613477311
-12.538274005140185
-12.250080654349693
90.84346464222654
33.76579672319024
155.5378115865965
12.472853325118876
4.678520321301967
47.72073718078319
135.73448870919356
71.93044088978331
111.10829852553934
75.42025402490663
13.544420262744097
118.85957502343035
35.82560511909924
3.665213443141745
-9.939355128378326
43.98042873773875
110.01686255569484
-178.45751416631447
52.50379261286787
-25.220854735722273
9.23323207659948
-55.52068903137986
2.532285039502109
57.83614439665598
6.0020684269942794
173.4812908444933
67.25171191175636
134.7018172980113
169.50336340060858
53.68593234619448
34.422205653683704
115.30849272347837
57.56868346546844
-56.941865824701836
-109.67008578753894
145.35956480566256
0.7530488478751067
-109.86352052258417
28.49389694850949
136.50826268563742
111.1675736261866
75.41294354906847
-129.43323879715945
150.84648557602304
-144.76351418583545
135.30152206189177
-21.087477812891848
30.348923392429192
11.473048453095998
10.501265628297332
198.19295526268525
14.789182204787721
205.0546632288915
-25.262993864558265
88.37540944750435
11.576666208212757
-44.5837360759524
54.41194254513679
-21.003699380344187
52.46946686503634
163.53278273875412
-88.62811834664444
51.36731275214515
-12.607495492624427
62.87066386569404
26.46813165179674
19.40928856376513
22.360328513992513
121.51264084681861
53.173600649063474
122.84474599844543
-104.7016046392805
97.17906041155942
23.49913679050951
18.623469479797564
124.1637852342792
86.81469822937743
54.215904531504975
-3.521340877387814
-25.38591645715147
33.533150210050565
-90.19676574473806
188.08585205589998
-41.031553619091156
4.868073923325976
37.401608305791854
-0.0777033326990022
62.45271934165416
-79.59387922366659
-0.9089556996223109
82.92699369897792
68.12490636018583
47.56524926480718
-189.32369333118277
-6.749028111480886
-64.7269940372662
87.37153771411522
28.595637245810657
122.83576850543523
73.31113666007965
20.690930331078484
144.6897778461671
39.164453382307784
-35.53620939765343
11.218375698996002
120.98379519700893
-805.6096759572407
91.22166683078103
27.290609376885865
-10.901296211942928
46.73756455177741
18.594308982591393
-21.88764542354238
85.52986600600161
-49.30158427051356
7.877026135342476
69.16145827155401
14.189716110237434
25.547549954905072
46.63801365884288
-312.61992063575116
20.706330048062522
-64.83826707826665
52.2619152352742
101.54772703528715
-3.392427180723189
-29.381185255770934
-52.21009609460384
10.328834328678113
-71.67734870259937
67.03494666701965
47.210785598614706
-72.22635352342104
-125.57113883757029
27.22129023483929
-16.455234746199807
91.08191938909056
-640.5881904877491
-165.23248011878331
171.4087616309862
147.22699053575616
70.66586643750225
-44.289404472170645
68.13094329426718
-13.5607937500493
5.040090089221758
34.957762948372874
48.0620016638307
148.15786672081822
104.31080596723689
29.549621335640445
-317.5878845991383
-27.590703338163166
-0.5500702044024995
-140.63351757474084
19.013619547898674
84.85590867003839
56.79405283386188
74.21281693580019
28.512933118075125
-27.85312054322867
32.723481312263175
53.209330322905444
-10.991102650430578
-50.76631723142145
35.83109097978799
23.514208555217692
93.05475550125948
156.35399502302926
178.45209696138772
-11.329929785204513
22.582495580221547
73.296162950987
45.80663906522307
-35.90514733145268
-83.71003330373378
20.04352338652336
48.735384466320966
9.341546889393523
-746.046610336186
-0.24359622729616603
-81.38081944687747
60.92954561563931
54.25521115624224
-31.96700998646218
65.97598693241889
-9.894617122693262
17.42439304944483
-32.86244182929295
23.593358208098266
-30.31349111120835
95.65922511936446
13.279515844983516
-117.25110490672432
45.56842864104607
-35.56829874002506
54.144293027648956
-63.836693684880146
77.09396445117136
-87.01095909229207
148.59197166094054
49.652742183349474
44.5304912874297
20.047175951510766
59.16341372277441
45.457175538770464
32.251212619537
91.06179335911827
16.12802412625807
63.56955266905584
167.3473339668176
54.26062245559024
49.78221642558576
66.53790263675592
30.654196139419582
67.50122193909897
-197.28928483548498
18.455066901917416
-705.0779649081591
-2.454579719224
4.867935412359631
-52.00665842158833
148.27149830557846
-150.18867918234992
32.9548797595287
68.02215494359149
62.14320652454877
63.201191218086024
2.545910860404092
178.76924175754857
3.9280231818436073
-407.9541142207454
50.11699367219137
-187.00750524681462
46.11178084884932
31.472021650512684
1.9407030326465247
95.24979083298877
138.2807070504291
131.25210340237027
5.013779449852189
31.7427963913532
-18.140347833364583
89.20155924421442
-2.2600909775615774
38.829952589106114
18.638443105679322
-4.598278513309651
97.0240798298355
-23.232239700566424
-20.83512758969382
48.040742499587736
-70.38365010260304
41.67732355798012
8.419700224194735
10.084869145253037
62.16957031879747
42.962950754557305
22.927006365968282
45.707470690015725
71.98938285174324
90.82089087066242
10.151328192335441
-98.63123453283242
72.91595901891807
41.157754301344404
-5.701667655358189
94.87105617016141
49.307596159301625
-5.471323783021944
9.174092444790404
-227.8264427697382
-841.544469548322
-20.053451536799884
5.217143591944932
23.995616387855026
22.044072493427908
69.37360894668069
129.99730000224565
37.569726522705494
50.769703590295194
50.89807606073788
52.48881309331091
161.5469384959033
39.56367264284336
61.93260117677367
-98.30277657514034
0.3938120652567054
-277.26506675270593
41.32527299908135
18.43481187967155
-21.343011550786287
47.09043496818151
39.448425122284334
40.67661182302158
-53.219949374049975
10.70209612445246
-67.32644373272733
157.39582708941634
14.83386770508696
72.72246349880061
-355.7377870148898
36.52893983394701
37.24058943723753
138.13717603128225
-88.9081644666594
39.00524194839545
-478.26014398344887
135.91786790490687
42.54017357004477
35.39881810056568
-199.75677333121484
9.336381449714736
48.211404868810725
28.85140431708637
17.083136015239997
18.861288780062033
52.35863900765936
-64.83073077647714
28.258114730950975
76.88797137475376
57.30040113541281
58.60383939694097
-67.25648883198483
-18.886159734155626
132.32965681817882
53.53278691322157
28.699014713717588
21.365908904526236
48.77198769618809
-142.34353219946115
110.3110167861214
138.57944631894907
108.23794660657177
96.96369265116277
100.81277848459536
45.46193236902127
34.222622710466965
170.17649207183604
87.84282846624416
-78.49217313329427
45.5562343133106
20.94617291396682
124.86541450705181
20.379165571749166
190.816388746367
119.46220528545336
-24.589261525717575
193.07998129361113
65.10129504808988
-133.32415325941292
-20.855433279929215
19.728214050124734
20.44187177538697
27.68555632802275
112.44301346821067
-99.52022207720711
-21.709578533648255
-210.58288597538103
-224.88627091054605
-25.53955733318182
27.69121122404492
99.22183440426716
183.4600643611584
77.12575584756144
156.326681768546
22.03405666406325
67.2358227521413
85.72958402841141
-2.010952406580344
33.177260993476466
2.098733751761756
61.11672400893224
28.59701058489793
52.6314909032094
60.81180463646422
76.12421208811008
-39.665257353046854
34.68414894800458
90.28560184946355
181.9564603334229
17.361739705317294
36.97182509107629
-102.81623729865964
-14.680302445389891
49.16988396970976
78.74228049869919
53.98529275042847
143.86041941315534
64.79147841137056
236.10476850761597
63.63834582498254
-107.95769393378214
45.526366594281505
191.75796227230558
-158.91576700910719
83.20014018645406
1336.1757142651118
-9.092167461702118
29.92771384695769
4.366207852071385
-34.678850741741826
236.63104575633042
-96.30794068685174
81.66643483787811
66.2516360640775
95.504370346629
45.145136127148476
180.62402728068582
20.872400083618174
41.134497649123205
65.02137069759652
-130.8466828875271
108.41487493895465
6.701379404788158
86.30053170068504
-23.084391541039167
1.021067747035009
172.498223633831
33.56804621885021
186.6042584507445
26.37335563883471
30.313601425279558
101.80019548288055
-45.00551307098431
66.96647070317121
143.5082125179456
10.248343803669286
32.345304465804475
-238.26794856005804
78.24595831368535
8.161052529181454
-151.86980134985788
-19.534584644316425
38.92673681245594
-202.0610323374076
222.50565275499048
13.461484922443931
-79.80122807073258
58.46933354777143
-10.109001383831806
7.3761331202829385
-14.189665044782089
-18.67442644666001
-0.6923569324690113
-8.779789467018901
69.47884255058034
47.866537987360175
16.549425970034463
-88.2662034699335
-70.14957145330123
101.7537820556945
69.64477812351754
33.161840431633095
46.07878198999339
51.52555022734413
49.93392307804788
15.284650891209122
-16.095301439643652
26.810404046118492
252.75808423367243
84.26717532124758
98.83040953938689
21.752683319418058
-2.076714442948287
16.839700067684646
8.440671407196927
-390.95172921319363
65.44391610141321
51.32421378952946
75.81790563624463
29.924604056743647
151.0365976231892
-170.87139619283425
76.41567141149281
-18.435336680079384
-39.17671569890308
25.932904186124965
-208.76675903813657
105.87344590181965
-84.88577676511954
-8.15055781691779
26.19614510401525
-27.6772566801028
49.49018231884866
-39.33408041837131
0.8355250901900035
44.0210370485587
-26.92585831336663
133.36140051421364
12.731409173351912
2.111703414305234
103.59220693902307
23.871935804765897
67.58679677475759
78.95172939554737
36.78993123759392
38.93942019339485
101.66849693171585
24.74816170614453
-94.26454919200978
22.317437085746093
80.5289347710941
124.71794234504432
24.28547185022103
60.83482929538479
29.552104763463092
110.77081622390187
12.973354558374886
123.12691727833817
122.01560511084062
45.839992322115904
32.89445294539307
50.09150338969539
112.97451706872744
-342.96907282180433
10.389224801392707
17.373988560189694
2.608649150698072
41.57562247162605
77.16674496886398
1.6167905550154842
90.31207939966566
36.51752695697394
64.05706916444888
-42.05271571454523
-2.3548885003112607
52.53569838862268
39.75164039788879
18.87843761587675
-182.02870363630655
207.5204204265524
80.76241313096762
1.2012237887502124
114.8854679888766
73.0091383073115
36.61878494727671
12.713220314386007
48.042778563692536
27.901793592192845
5.397139594049545
204.18468393845342
38.8931894310856
100.56504673435666
115.31221000976984
58.52999581964701
50.485716903879165
59.07645452774699
60.070896791539326
-0.282942962729976
-19.063616016640044
22.545053281922264
28.932406878460856
45.91814910162316
90.50834788743316
20.58725644340643
-41.34226203813569
43.84678271161319
38.330641251922145
152.87143377990606
1.6916328040207844
14.00855739187
28.932852909108078
38.1319269703781
240.17226074963173
122.51223958049081
103.1622600664839
159.99722247051363
-0.6708548741876257
-15.749845546619984
76.71601822671789
54.75601710269416
4.1493389669406575
-41.80934941064697
71.64396937668653
8.740871752928275
10.101970155525905
9.257962015009936
193.37282890879942
136.4398212305632
-49.90880382406067
-143.22100877994535
11.748599323866882
61.86106448314365
0.3761602434822564
37.870310376424115
43.79409881138571
138.68345011884912
142.90988335316706
46.873485492524196
11.472239062146603
-79.29074530887596
-256.66466172270293
14.695781905611357
13.841079147919855
-42.3546218447982
-39.673464186437045
99.07831994778508
-27.810296910697616
-49.65867858543015
60.58762171588489
-22.915533351095945
73.9053570125734
31.63727744684048
-643.8167200872326
-4.955020820637202
-21.693567731701478
-686.6520901682779
-945.233105427059
-35.3631572406266
49.129946188202354
61.4410262582598
61.62895617861068
59.02260466793413
69.74427330432059
63.009844617914325
55.442932820387995
-13.874295710920233
18.079157631568794
106.24457414122935
4.193802036243126
47.36920336623435
26.685622075238758
107.27247609888491
75.4842461514894
12.438955018137364
133.97009609836095
43.20239161294103
375.32861114247044
63.14512957325722
34.093052606247056
-7.24799597997954
11.142932184245383
-59.360126603759454
156.9386206112872
63.99667157143358
133.17642178879169
-131.29308116489938
3.997198485770536
9.878313904899187
-8.30764287451791
17.60688066934126
25.616584822826553
-15.824708200652367
21.959790477646223
31.530563467300112
-25.36832816665151
-126.72201103239331
131.85580229333164
3.7809635938751853
20.549373713689988
61.26497677586491
49.92975095563045
-165.95013953524773
110.17299549922143
46.89294751481502
17.699436804080506
10.281794947503336
60.194359629265854
-25.324003685227126
-22.63111237412295
110.20185764845519
5.7538018616486095
-27.92189680607771
125.66945457160386
-70.80822774809495
48.349992422896776
85.20895641069365
45.44980983840071
-15.145159634290629
61.585094795811045
104.57976122667702
77.43555447121616
-51.3879661653109
96.1671479979741
-11.811608721601479
-25.550470527059588
38.30040476647491
-28.66916745040362
6.605182855218075
-57.032444820541514
48.492703763912004
102.0840441996055
106.38468469955501
10.586187466498377
70.0635385183632
-96.27546465966896
63.202691708914585
59.35195038443379
-159.21169961331816
57.27853840750117
159.2746828194372
-100.39713933988378
12.282609429658063
101.32730251112616
87.43935041926125
84.32921154316557
4.739573115069106
-344.65930119237964
15.571234832223126
23.64356730897353
31.668792402080726
139.45495255561605
-51.4243290117106
49.394397961685854
-28.08769385475989
90.6486547391203
15.304760994136359
42.90017839626318
3.7967060424744936
-128.44145346382356
63.76978348853436
31.868958207517153
64.57408466767687
-19.064250964853272
66.75053016915945
-20.329675632127874
214.88191707124224
18.931870546130106
-10.347885636936843
74.45546044203908
46.42813849363408
83.23752979850997
-1023.2308040400115
74.73489321195791
15.707914144523485
135.28939751410462
47.35675851663696
43.71912265365624
46.72549877032249
-12.686863125967193
155.15389362351607
44.02059635335149
43.846305122128115
115.8123586122183
56.68499021044127
89.00121914223064
-200.19319770987204
166.0174804293399
75.38581437536106
13.368343011614687
-179.99573420070465
-78.36296834025688
65.47172548495337
33.36978317729134
45.73581316756463
247.06636497457475
55.141201588207934
-128.88715953893416
15.855646338369407
24.13284179806552
53.56425238219285
20.509068000813823
26.129922737350626
68.31627170351379
105.20350707081752
-149.55525184269982
-9.033936607031844
-73.28134462035396
13.05007255367832
-135.07833022696377
76.85724452988507
36.20033681982521
249.85002913377366
-91.7059376102643
84.92134682050732
27.01251525705061
194.36843177494802
63.06066549893467
34.39649256801503
37.16350528881806
71.45395572124679
26.354894504236917
15.38592541411981
-32.797275626676274
32.28490327307719
-25.65759492804409
-10.334971933460565
60.63807863613687
-3.990014837595549
-4.52540723353377
38.05950994508174
36.049562480552254
-34.9912323852368
34.55118335740245
90.02884922651174
7.35505198768501
44.39339543546674
-21.040563965147612
40.70844909923194
-65.85356037366955
41.77932635878895
207.26254633189
-29.870522620373777
15.843571312692857
37.487453197783594
-102.06336843595136
90.9071101427835
-3.6736698194899873
-4.140160142710101
-33.75227515966026
-41.47562936179987
-26.20963697384059
33.25909680573078
-78.02454882760662
105.50156179304395
45.12038981532271
-65.6886808760155
19.383544516930215
-2.2321333966887735
31.302974267366764
23.113842243830526
153.11475422784815
-1.8306612919597853
45.10739923821802
-50.08621192642386
67.69413849024181
51.67174984422468
128.19148413245057
64.8158699239084
34.89371479546344
111.04648200565771
87.7707820480307
76.68720936803356
78.78987848037559
100.44556258080502
48.427321354779
30.891545603573128
61.193384008643335
10.289726130387551
-14.944579771883078
118.28469560805206
85.98470949043508
105.27514542678068
144.42845068019915
32.31026596316079
95.90090461116188
-95.63128031703673
-87.46269726687933
-10.519841338045808
16.53935428558225
81.59833045515552
-4.675169011351325
66.27054617254251
-16.09163775679687
27.698558864071043
-93.86579884380262
75.09080721665788
77.7776788455476
39.14722747390774
68.98543982819047
4.106308131966637
-32.99889556163694
56.249941274447636
15.572436624129896
88.79195931517518
-287.6183937555743
-23.142306038991592
246.14209918125744
-487.6444734103556
14.948422646564795
49.46483443341344
61.665378276919625
83.60272348934768
53.02243910042489
-27.353199702219776
169.61832948639267
165.9291987918964
-217.14740543256312
142.12472002923187
116.34841224615593
128.4010610442797
-5.613760252200791
62.278562474852755
-21.976766122522804
8.870313012782493
42.65486911508057
-323.9246240786779
81.7113477004832
82.0376272571373
101.5324691420135
7.120196807710499
-263.9999445148087
-9.980207161713224
21.04624961660551
7.18539185565669
42.43188226125892
-21.621076138444437
93.11286941939306
-31.308890314281825
-25.96057342122388
-37.8669853749913
27.017359235607273
33.27270677867182
-3.3618669715108576
59.19139844259644
-103.2638815282678
-210.79451574332597
-112.44621035915411
29.794172528886985
-9.985366771882305
67.67757697978169
46.85576257227967
44.19448768664426
49.49430366029641
55.16770847041744
-166.8616448103944
15.053431993434105
34.04832341815029
34.308961081595044
9.901098721540244
16.729152670626373
59.19103359959081
-103.39003818089259
57.56230921608961
44.733347990219535
109.48328409299211
75.40975251523741
-47.194616638817024
0.31509487738417263
32.556801901624226
-40.94954048591086
-118.27793707579895
18.47360078647466
6.8668092688520215
11.090606948011155
5.006704491885979
-9.43350397762397
65.57400567127479
135.44516467331914
14.344051947762953
32.41903356320512
-0.1887756119099322
76.05523773181324
-23.314365910333454
43.63367560354027
105.75567766382449
-7.257019007217764
94.57452664843044
104.22712231928199
56.497910123039276
-236.27747184766736
-7.567548288612232
74.68634178565208
-28.48525722947742
-166.71286649326566
12.143402751761531
-78.39008915671275
-95.09047427860742
32.71606321453582
-7.179685539027997
-295.8944704886699
-455.7582278317641
81.21017068045285
250.7547592298347
199.3011541247579
8.050598539155658
12.60304535737889
28.072501374771193
67.42469036225256
34.25609400529643
27.136641176936855
82.30439025498995
76.08297236716407
-160.81827898843085
6.17168266144472
126.18054614031507
70.37225264899553
67.6558781807845
71.50491495459346
37.76018710063758
4.86526008042938
9.810563889714226
38.86716862964918
-31.429966148544533
23.843794901072215
64.82677003394792
43.33707918229853
195.32124327281917
-25.581669153346866
35.44064886074363
-13.205150921192853
53.03477472713803
12.662949778235486
141.31989850276796
70.15820389052897
70.56674320204422
88.27339526577776
40.082846653684555
-129.86299270195195
43.94770803595671
33.64432255837473
-292.10746295373156
95.40853228236438
80.622835347197
-3.271415512113636
23.158967483872402
-14.510167980569372
97.1980982385785
62.47027572879233
99.18064162938543
-54.922947046405504
117.11298017549461
11.031395738520587
126.82459583935724
62.78623772988249
142.94573262125323
271.4346577350284
33.207955228897674
45.57943489967269
10.865303121120496
96.73527986268391
154.19965369064244
53.656341320376214
56.92319713449888
106.53064334787086
-70.79579150041627
26.280342970647645
62.24829633508807
40.46276086554553
11.563834506698838
34.50927113639895
87.54507035629021
102.29669768790609
-119.97175102917572
29.54620821436356
47.745597598556415
67.66954342993608
-24.579575642421023
92.76291137015147
76.28742407852246
111.00884136491686
-97.39466233227995
32.373125572138946
95.36445125678893
129.97053389082475
46.10409506328051
-297.8145481441061
-64.6103047270226
110.10211515300534
23.242123878132446
-71.7563146815246
57.53634066367488
0.6980136981466697
-24.78136338272355
131.79492829461242
109.44264169577468
64.86366333539581
34.555338226180666
164.8170799917816
0.8867639377843971
34.46322154911521
-234.76816220394448
-21.313537310430547
88.27521010787359
17.968022841080348
59.662339770816516
5.7441015640652076
100.9497017185804
134.1339617920712
51.31171988498045
174.33605950305264
-92.0449829801264
0.03969425661642889
17.587960322844538
-27.65496154052289
9.815893069961476
44.14921293846639
-2.5908537465375048
-23.864193900236387
-76.36222464203959
-75.3396456608425
10.509309080966034
72.2107900581695
46.878857491318534
-5.527583410363649
68.84344292322241
11.577419760267276
1.7505767526651255
1.9088536248173114
20.94911099152108
26.742266164598732
15.863713095414674
-109.61710283876101
33.076444688053925
53.753244854883306
59.04578526988416
18.38455944267709
161.88001522215154
27.60845214316802
76.71714826047173
102.97306313465413
-5.399464360301863
29.747952157816144
160.67397623124543
4.141089825061146
-138.31163042669596
18.083181017807874
-8.464717360050434
100.40502024271677
-0.03468659716840802
-12.242276750383098
29.9001936393943
49.16359623187875
34.33759803507775
32.6969786095442
1.1458718158874035
76.38413616079242
132.0035269988648
75.96615120020806
16.72943808889014
-144.16096837780879
5.806464434652256
-84.53092743674279
58.351188601558206
-408.90498266218856
-15.070284895955552
77.6265074693249
15.640386168934711
31.84158114416016
204.198594375026
1.784403985770458
-32.704261779284394
150.83494202972406
25.03114244273337
148.0485313866833
57.53774034570456
155.35188741936827
-83.54983369846514
13.211279721796783
28.299668462082806
123.68454763552086
36.34750880386393
151.23237930267442
-218.4793571111386
5.730710963554884
-65.34137341128735
120.90064621967758
0.9898265196511602
-124.58601992818012
83.73726194223354
-32.7192659243301
-51.26333044532612
-47.02558647124587
35.6735766822751
164.20003467749984
46.970173160717714
11.043162758747258
96.86455509507141
-38.014135096503196
-3.1188021695106727
67.67309728788155
46.857425461511255
70.49062117886729
3.7302950524012175
83.85612069934996
23.43634080099332
16.260811666777954
67.43966775930858
27.26941549763424
27.71209969364935
10.555738460457178
20.329814396385196
115.27972689060971
-237.65831286127195
105.37772908318061
100.9642647387584
95.36630815794842
-210.30633338163383
118.31956125555485
46.151490202347304
99.76643781264579
59.18712423985258
99.49300664556404
20.796687691418427
5.865472995341168
129.4549881629796
120.4201114622656
64.64126087491923
48.649480277122166
111.43010608088525
89.60860140519878
59.260688073004076
-49.113468628465355
51.80823287500356
5.593822642283612
41.687941813965836
168.37156635995552
8.270140980202626
37.47191078936544
22.38409060500362
54.1394821971123
-10.567010943024258
259.0517743946616
178.51285935179294
-155.64707556271242
38.77586945956773
-38.924098836046326
34.90510741722028
51.013649266984544
23.298554177105416
27.182193047670104
18.838624217602774
89.8480294121
25.54413811061295
136.52188059549917
45.11194194476498
146.9031267344826
75.91700172134915
51.7877768997555
-191.6162358240681
-13.15610930309494
-1.2326977927041298
55.51715793393123
-34.116350838101994
76.37566859951994
61.39228801855671
-12.24042865812362
-334.92884356007073
29.94527986444269
28.23045187505183
92.41528442702435
21.167645165601105
115.07138696417746
17.211395258709945
79.19469729018192
-2.6211527754896053
129.56631189618747
167.33384115957801
-536.6359631432524
166.82032328398145
37.88912480226216
130.24464192618325
67.91890571321665
-17.808535740320472
-1.645915659700222
4.410952897737843
133.58876095266783
-71.41525069517502
7.298038416338466
117.82953829147527
196.78319872348584
99.87175674848322
-24.970113162224607
131.8752996497442
45.54415872064296
51.87036697896809
49.189497476712745
140.70713389497587
-65.3552660098303
-193.70110328097826
113.68711134075056
-8.098717331432807
-2.7625514803001607
17.363192254256283
-87.76907160636438
-385.30471284135706
-40.72029545438545
-123.86794196941855
-141.0759201968135
50.39123468619935
-27.576510541597866
-101.42044359466036
85.00816680974822
-8.675410634685981
-8.834821533818687
40.46746647630221
-113.56197725943139
-159.5239436127922
-41.355664524356946
121.6561000232632
90.47086900536999
109.27184089469574
108.25691056973801
26.591585278735238
34.89668567880358
80.12379636410697
-80.77430002071833
-3.29399300138175
59.47954019492178
-8.067480826125205
245.29667742323636
31.629337500906786
226.5561898164524
100.03272851933707
-109.36278859271988
25.15316592742289
31.26428574927523
-23.819674252991263
70.18522807196061
42.994259757131346
109.71201823923593
10.753832790572343
190.98199087302964
14.164636290627245
19.99064020165634
-34.41588703859179
35.49155832619715
57.56845846653542
-114.03948391997619
-3.102392735220823
59.35279393507108
20.37072700498667
-174.80343349337227
19.04390493097651
49.92284817045348
294.6159806629603
82.71166372843982
-11.421986872950129
-354.96091478326343
1.5591523983921824
-8.55890467393965
14.586764988589916
31.15407803093433
25.237166208569306
43.01357885620672
-68.61452066988022
21.97261936369939
-69.29685466855835
-320.2604231118421
23.75065909615205
28.647930554786853
57.65190969381183
52.123182954588174
45.13166699021633
22.363526386895376
-65.19324290134728
59.76614968871354
-32.82860676855921
173.60887827477745
-94.4640300037172
16.872481266380415
418.1631904938931
53.586932969303305
32.07129856193251
2.267724983204971
-22.801397925684796
6.996744325522955
65.74911995508182
-271.4100782605683
140.49965523706283
185.6673015904487
20.681017657247907
30.032490345651468
-132.37719772164564
14.375393618724502
-22.489999088183332
23.71334592986358
20.293333178296557
14.788433763114686
5.7121843691994965
65.08789739634008
19.537865007821438
-37.306094737532014
80.73597732470671
21.382254913276483
49.645373194019015
32.78131924589343
50.11087998369288
86.24835491142176
68.5250883805229
-129.82902778776406
57.534064411061706
-118.42242334134471
-125.44937913157855
8.782475736890573
27.372216026535323
203.37302417534374
74.30453401374007
44.839630986154496
-32.972534040795836
23.54189061356211
106.79478008130764
-14.821676114377462
75.90741175366702
69.2282763954297
49.85370562304615
-65.99537070998485
91.35629487318829
55.675406834201766
21.577549457480266
1.7511351590800288
-4.41352552407459
195.36787976937467
165.77385171149444
84.73953748834401
16.714892198365547
-36.462891107295036
-238.39290535897362
53.13225425124347
58.30231935017713
11.280891046779288
-2346.33671414703
15.316162964810246
-378.3452223207578
28.51204600745858
-70.42532026410106
-117.97023912606437
-123.11086519274204
61.42831042058265
2.2579082361042686
106.21024852831454
16.313065571879335
111.49179546146797
38.26944044697848
40.65242171841169
51.14042988757802
28.020871883956715
71.93030022511857
-28.137184164581413
87.97731851126343
27.738865107778565
25.83975703512533
54.35695302850982
58.195977077379325
57.77487095490494
129.43373955160064
17.935439387688348
-183.012859960093
239.47650016877515
8.188894080368337
-71.73394031669613
19.355288557401998
4.0806041242508755
91.9431352465117
-169.33349397368875
-205.3732004907588
39.07583164617836
77.06870591593793
69.60337530716328
27.881409605172628
73.48059685731982
163.27062418403875
75.29683511256553
13.91718573698833
28.72845465857364
-73.14453949105803
-2.0758339925283202
-227.86166988259447
-7.244396928528445
7.462165400481808
-277.5717409294866
-3.9428544251768423
75.35185087650007
33.40316692626353
-66.18999452699734
52.98701010412407
53.01356574567953
64.9865545210805
-225.49321305687317
65.06114591939354
18.58528148755522
-67.77076426535086
-18.20282423678714
-42.87319976664116
-558.3516050088449
39.222400044753215
-100.14629304909249
-50.676744363509165
-7.433179556513501
35.60402391630305
17.798593322148033
49.264934935344
11.652878132159913
25.68771092396102
67.80647946962335
76.03934420367511
-5.9813452625579355
35.731895753037406
-150.41855197140467
-49.31771867859606
25.197077194790836
36.02754856343928
28.013709048406184
47.05681641229642
57.83963214785467
-27.55359088366731
59.87626970328779
-65.61168368724975
-207.7620122788412
69.45938206357314
-1.1539428866281014
-28.306873502005026
75.74506209061838
45.31577472546189
-22.690187725119472
-13.710831326236075
-107.86008485039565
9.138175344120043
-130.60189489356526
47.18924425506498
-29.835605515502078
63.773314342112485
-34.35300575292604
133.86486032353264
38.576681545775955
-61.793628014291244
30.861611984285013
145.24147525039098
-157.40771912640412
7.4837144468214465
23.981225300511078
-13.789405997298672
37.56680119140763
131.56051413031946
-149.77374292744068
-4.066847920503371
-24.4558726251621
68.03698280958383
14.378179036382736
129.22303219040668
-137.0558600334084
3.0156720395463807
11.649959119939354
113.38202199059378
84.4146187513752
123.66910646642873
178.48152331976735
68.93903675137511
-3.9998701077324768
32.68584019797254
62.115504245689905
75.69338741641974
114.43388052573619
-24.526106128161246
54.26450055006063
14.58107688736016
157.76918881620895
26.488546013762857
-64.38561950278654
52.66153850556251
69.04766401712868
63.71992308250083
87.33906348532281
76.77407687642543
69.70469359886067
-54.73723779441207
-347.928691391714
3.312385430452948
145.93691054538886
-268.0329966918871
-66.94276598957731
-30.88628169706317
70.51995952141192
56.87989629682372
39.721981263361286
165.00946748853812
87.3717789739253
95.51612949511582
5.7590121296242955
-0.19410032019686696
78.16898340526132
16.417034358823457
12.090885575216879
53.20943155890362
50.56050418797301
-60.46836257075756
96.46598773301821
26.36877591076872
73.77966901736045
-3.7475664308651595
-49.004948475351284
-217.95188460307236
91.52019724452998
55.157805847880695
33.807439058723716
-5.623140643675924
-20.380189967131702
-14.928121736966204
87.12035816523439
-673.6143030332668
-22.328442963781526
98.52621248104214
170.73480125633841
23.41621402995296
47.7792298797639
47.998223503345855
121.63142099059223
-0.8259589097813252
109.83745307064441
72.08983835614174
34.4639132262169
-74.59012685949347
79.41636871305855
106.6143580590765
19.33912977142515
-92.32245720810624
63.64526159899606
48.698764470257856
37.399245240880646
188.5935889368584
-1.1537502484444286
-6.534144047346587
147.93123118702124
26.28267932726949
1.5797159262820388
-18.557337868899822
46.60176775581271
63.204488732658774
130.32538674432635
-157.41304603076514
-0.25634092101881834
51.38092649372169
-32.90975571039053
12.180025184573445
-5.458251980066336
15.257878770132038
84.48754369204289
11.100808728934851
6.582291503137288
117.83415996635358
88.99464897939617
43.899963983267845
-18.612515002011982
5.7844844253975545
11.471418826268128
-38.00731393333808
109.49449620482937
82.05844311313058
74.77904254445104
-36.38947737820354
-33.72224093996374
55.33243577627316
24.660987014920465
141.00153575189688
-15.200978631353792
73.33954061836084
50.4916448868652
27.433774967615612
-17.825363432215454
108.96938998519431
141.0751648029293
-42.2190825517755
29.01102456281518
62.48849198667466
155.84148272738094
9.332788613844514
122.14401551685478
109.4605789220941
32.44081909556068
35.282589933148856
116.80713855802605
4.108155226010069
57.12742765731184
111.45934970974417
118.89027417888406
28.2126861046263
-3.9849421082826346
44.38006447551788
71.27302373687053
10.692935941977112
-2.85151435066044
4.638164112207527
43.640543498394436
-2.7543385943208705
3.1228688881614746
-35.436236915148584
-27.10116673498824
77.85231195163146
19.230637331596185
12.406278075252256
13.892027094107522
28.924442515867213
-102.98974485674178
48.021929825075404
-2.1147916386443293
47.287207537820905
153.14549509305562
118.1437967004349
21.531286584334794
6.291960447342149
-94.33718703783734
75.29721831475581
24.284182097656743
35.427698263686466
27.75630877687945
-232.76005810215702
-276.7115768380427
113.11488135231002
70.79610212565012
67.37479764290839
72.2614374300897
66.26100573575036
82.27981179453673
76.05245094014776
-3.555913837255048
-955.3777763125328
36.62230384352753
46.343549819085496
50.65386474342449
9.740179827436037
-29.528698996740786
24.32986344198438
-155.8574615745265
54.94452612228898
47.85295453665106
29.428544910551864
23.3976450194059
88.21228592063812
121.7337903692196
-114.48153002158097
50.432133174382216
118.8634419893192
-146.22420670351949
44.35926309835898
35.24039362080612
-681.041251343611
35.98036000603648
-79.26919603360625
-73.94910017908114
105.90731673052824
-454.0051491861657
34.794319345390655
11.144464723258352
44.31705332386514
55.63115955324247
27.84297704572255
26.829191267427632
-20.209760104377438
56.427641763140855
-12.048120113301753
115.2867897211047
116.06626061706174
50.325650484653806
40.935733842337406
-225.00601594941327
7.304114909709969
173.4864420069323
82.81714368824487
31.439396911924177
30.029705538993063
37.91745260027392
-16.514916930625077
0.03478268951056469
5.16732871664999
-16.473476440787067
228.85530270742356
115.468413828743
-1.2553477154557555
72.63535165459275
17.86626127846508
-6.481151076014612
-21.693815966664488
67.60980071007155
-2.963184970481837
114.73912647861698
-37.11758217348049
-5.897856763694563
6.858498161745526
57.9995821925545
-198.93961132885124
123.24279845887486
-47.91454410216602
0.3983047025359818
-162.83862524266078
1.2183458376130982
-232.75510111297353
94.64850752975644
-70.44333643208984
127.79995292523017
117.56741419004084
6.520611718087366
5.198562929648205
-2.8951789367309164
46.156671210282184
4.034241067332897
85.00694104131435
13.200817162309036
30.092109676178097
32.09127930647009
-10.617171174200243
-83.64329182701022
-457.01421844753804
118.73091930716055
173.80294738997054
22.698199248322467
20.76079612246476
54.946462333873114
7.515102555712007
102.56211149910757
31.235345564608373
113.44072729507411
-179.92215804963598
22.802405388055192
30.07798112044111
92.43843463770236
49.7235096239515
-69.99356687153795
77.26988245222827
41.753356567745016
135.56405291749934
-53.53632234068688
-36.81025532867564
109.6167169692194
-40.82003862226202
83.05138236096627
-66.73345201078382
28.65004616621995
179.90774576681406
66.12499970122985
33.626010306355056
32.38870165664549
-180.81297423727938
192.0533696525731
89.08878470765592
3.235992988298039
-138.65588621175266
3.7805580777439047
160.98048467391118
101.71604425485975
43.787948504024826
76.26461160445206
93.66385280633676
38.03198125261389
-15.766436548650297
68.62363945265861
92.34557887796518
213.20846443790424
30.729955578986846
53.44152235106705
50.67405720436138
-159.78897720891928
-5.829788589478994
-88.69410560702181
-9.922438800703276
105.15047487073753
51.108870933702796
59.603841371971015
25.43703598787141
-337.5109458304041
44.43803548549158
-69.06993417821695
17.648095384215036
15.251361287292404
103.63497373786004
84.15145713853849
54.43955246521949
69.23299590051568
8.58377241432256
-35.77571960934867
-10.526451522735028
38.386713267624906
88.18685515302732
17.04158260841696
62.42603491881596
-132.6397110657299
49.3222592762512
19.830901355435344
-55.282448084372845
74.48134676106565
35.4327931157259
29.270233277593917
32.37862151899435
144.71323307193234
-55.37377385125488
31.59803657761991
23.100980348536837
-9.07026525507101
68.27744490096461
74.93797983156037
35.510297159210126
49.605561590482324
78.65210002624144
15.249391424053835
22.087005043953514
24.69340860709326
-36.13151188018401
165.54452952985184
25.2051733128184
-44.80972390277884
48.44403897615885
44.08709150501588
-6.220883457385796
-11.102581744572369
-5.621522531516803
67.1934045211176
-5.4336632505526214
160.80861568446358
55.040790516214656
34.88494192586404
31.25405685165242
139.14544605462106
116.5808113596936
-75.60940357940399
112.41421353788064
49.97162385323713
25.754326467673906
-222.58990456174251
66.14566976910882
-83.40863237796293
40.18255516480246
28.10442242687941
20.660484725417973
88.7144926085416
39.970314582268784
47.63516311002116
111.09700962782108
120.80291301057332
73.14586436250784
82.10202107977557
132.031770462831
-50.34984585702301
4.722448966329921
104.12925353366336
-48.71506779764786
103.56408689375343
-18.966076255366744
7.752877502712181
-78.58440537104343
39.028430603537345
106.38475545050096
280.96350812087076
129.959445803554
95.53354885081791
12.657840511509676
-24.875859709555172
12.0552214224043
63.801473243742294
77.66950099805126
52.96996068187161
155.57545828394177
75.86971423564876
143.9415649774487
164.60005761710772
94.57264070116798
26.87611781696205
-5.951527132659095
-251.03756167441153
70.98467712579031
-14.938202546879566
44.924432313198395
25.84430624957793
38.26585836500272
203.95298436516578
51.41020552866121
35.39414450712416
23.337594740793527
-33.78153469982226
-195.82703912550505
41.94615240627497
-171.572015919573
22.037349121917373
-30.44544679263978
37.23732198443377
48.527807733898726
144.97561468712365
229.0307728495036
-212.92562467831704
2.383127488571972
-4.745365771131435
29.797708302961503
27.88403873486697
103.77648795950654
34.33491496650045
37.5489760473208
39.16164625396651
18.201633725333977
-377.7227850439958
-96.21003300329767
-24.716958387030658
129.07260661196324
29.901375928882317
-17.461176679981605
15.788421957649916
35.72601185288817
-139.32201969089965
128.6977854477177
-55.6785458769923
-19.395960494892996
-11.528831460314787
2.91134693113554
20.966090831712208
46.32850402560325
21.503433264743762
34.05013407898586
1.5336813408817989
-79.79580000831174
32.48416098232996
9.794932036305909
56.570393001373844
8.633944284341359
97.8145741214289
-63.11458481874388
52.66856289451861
61.53902492852403
-16.37094483869896
-58.53569113506683
-54.91807643353377
81.28116893179367
71.03228364162374
113.79068022017805
49.03086297307391
-18.81344164570275
124.12533031284693
-40.792032757317315
62.37355731599973
61.004421884672624
115.79730032903899
149.50795642661205
-283.3322697807698
47.63279001607589
-97.15936816089561
149.90642206826988
-54.14827806039784
28.192460993076757
-92.47325222282825
63.325890867205004
-295.26720470556666
20.231652289861092
-1.871888242759369
148.93903082803354
-20.392477265140773
35.35520673512838
58.1348425789168
17.31700488861493
-11.757628890180095
43.9157698925228
-748.5075331453243
135.9478643859884
50.387190545605336
-160.30219709737594
2.061148565269832
-212.38342393977604
-163.45839524426628
80.48704572568522
28.886095079213476
34.39037941216719
115.7188875651841
-89.74177088399483
62.890251540683494
9.462171113388194
37.06705713972631
37.54132398173065
-65.57102061171463
51.96904995068439
76.29399044642969
3.6228175792766706
114.86620808539169
83.31910917511124
-168.3863622764802
16.455736180670783
-20.454843751178487
2.175282931152651
-18.645101831351138
49.317942500522804
48.944831185761814
-127.5581417286503
110.20430249731112
15.72589713316253
61.08499030271918
61.66615771787042
108.98869411512396
-93.94058143088313
28.772010432870804
6.765022523235075
-200.5402995125978
24.970077064373072
18.723810173498368
47.81390077385659
-9.413698999764799
40.970115965973726
26.620714598699568
103.9292979986858
23.846577514005016
-281.0501882944409
-90.09736694825597
-57.67673085159868
32.16166514741723
-28.01527596897904
14.770630576637261
24.6463124428588
228.89284178142498
-8.891065415757566
66.62686273886675
73.21494410861064
70.34456856247955
-9.315937575880525
42.89845773492107
-114.5131745608096
47.14428371591484
-92.74195410857783
117.74598106538815
79.15310662312504
3.8414727753552143
215.01693558925763
-11.291809016070147
27.302129153149508
-56.34090303300928
31.564970397799698
24.468677028015918
54.07706776959061
57.38043579899181
95.70342587826377
76.01605045278075
-5.7142886529394765
68.29810698912127
121.65819165921357
3.1555533100449793
-10.793730576224526
31.77304210648981
159.78104303052578
50.01083251318248
97.25705376235146
132.22605224133167
13.808680831817052
-29.87183177651059
-44.79832395146059
16.3486124999998
126.5582879603337
98.99017829197669
55.739657492601964
26.569204354668727
79.47042274980845
101.21393889228352
61.69350873506892
93.67208179345926
-3.7325924927577034
79.62686617658602
55.0701075607476
49.511482023738154
53.05362351220121
-59.54224471272482
65.95768232333188
103.62456224044081
-445.674684059788
57.999838071105614
102.00667557368956
60.75753276162459
74.69734622194144
-26.11992279372589
26.433961891130195
53.19757969723858
77.08965743315082
-96.37018419762971
-7.323985467025689
63.98176235017087
83.26295744661644
86.41636116469999
22.164034752153945
87.00988979566728
138.18016038378119
42.627214824631025
68.66678807178016
-26.9471445958643
-33.12457087609255
50.16146301212097
24.359736880287393
21.514912998434482
85.52368589286061
-463.37732678543216
29.954605422637542
1.471789694853669
-53.41599539528397
6.0838376793835
45.52223833668754
-37.584380944571876
4.8482820620910285
59.6513447802176
47.50613471619357
27.227660769475484
47.822602507524394
59.97428220620702
-28.104127930955656
146.09809665386592
8.66399199629354
77.41038669697173
-7.809507051901307
245.6333318579873
-16.024983368299132
20.06893530696808
153.2969068999928
39.093291324186225
158.86971534166742
-33.67350735630953
-3.436851264579218
-12.298934383203491
59.736965260869056
52.20220183670379
-49.32096620494758
53.40222419938202
4.923933059593719
-1.1983373467501224
15.454044912719807
80.29125888457838
53.54176736612271
-16.79809058678307
52.343793307536544
44.44804657188752
19.48555668208463
38.414941312135056
-115.0031330465778
3.287382354239071
-36.44085435140131
43.11166028402761
-2.7449940488636906
30.29948474455867
-6.500940707954311
-77.48791965692908
-16.084035482860145
50.65500126825694
151.56182134243772
-9.764727030041989
33.2802493281793
-17.946972453708895
-42.47360084961292
49.94331950042579
-0.5476045097574875
-6.615067910544714
-12.077059828417026
95.69431343869428
24.580428024445297
-141.63133701916468
37.597371994976015
75.25167521249705
86.92087856065541
-78.42365930709684
-728.8916948484948
2.4563251308406735
53.629138431734546
8.73448176753891
-288.47103711886484
-13.963134189580192
41.01707585253037
72.14756647618879
29.6089873031753
90.96752621401583
24.06879769554007
-26.850046722317984
110.85935618807366
116.05173823819678
8.808652189801347
-7.1215255451102735
2.67268374728269
70.23343932568685
25.584408762515807
56.525406225035915
229.9646467668863
85.61956735923377
34.36994110830119
28.842770874906076
20.54395272570765
52.75004859666602
-1.413056521296593
53.38370912209757
-53.28290275224253
24.553458825572307
181.9069280967933
149.6530334413119
27.5482681542171
-5.812391868621729
-189.29271478278497
61.7512359327128
41.33060267416727
-53.01196203764964
233.98847949218998
-20.579110935347217
29.85278377987089
103.93547964883783
45.88774375795947
97.05957679123378
28.00997512936192
58.644376047655214
-39.1455735518266
17.509764435103406
50.17211929989253
110.84735685791992
22.619307678475813
0.18266682493822373
-204.04743976004193
116.54698483788349
166.78032756311723
-26.11354536680199
38.38871746374707
140.33318253192897
73.9190812397444
297.8107644384613
-51.51374304164392
7.339254019514101
0.9987683358202462
75.1982806906467
86.34008799891717
-83.10293912821862
-12.657996042030204
-31.797278738781642
96.91704128052515
77.23259524546575
-1.4197119591011371
33.234014379339555
40.77044136396421
74.79981348709669
-76.37475364179045
-76.27075799114307
23.473443855130427
100.06995775240057
44.765258217878
-16.058331535132766
-120.2599261753694
106.03798111075594
83.41143943471991
63.35615554461185
-168.82563614650826
-204.06239174251095
58.667659882095236
43.73103052436488
-10.391215521883561
119.10989510692207
42.95632579548559
137.86586857978682
105.65885552076531
81.31084754998847
24.754687361241945
65.86432401131697
23.312703514362312
-21.958193511426543
33.667406632849634
-110.18468777621501
101.6999376871604
22.74644128903564
-34.91172868372087
137.41407050697262
59.186089848000364
46.11012404632896
48.93892675504446
27.648058815337436
-303.7264798186616
-16.295622273931986
108.04240897412365
-256.77541163798196
56.71237267311909
112.58072837004511
23.5225551349677
38.15739512239588
-24.052342963097544
89.76510121388742
-65.76069748208783
-17.951843770794085
32.98818787817689
156.4530837308198
55.48359309173931
-9.60509373264408
148.44239168624472
14.738410820154716
15.218507340089218
54.65450698526911
28.131342169738062
6.000310716420025
65.6000440797049
-122.8169748825058
-14.554497805264873
39.85822245677929
6.390300525268042
107.34812342411294
-53.05617844891685
33.359309903565645
129.84010319909794
141.1411288159834
40.98703449826319
-122.36183674225751
36.0630347990728
54.96925397615574
-16.42868990629995
-203.4298850289174
55.062251557076934
-8.781756998297169
78.48378617024511
21.905823225989806
25.129933793992222
55.04101016470577
103.3634926800346
84.02494270956595
82.21016627216613
67.88361190007492
-36.25123833168618
13.654018283760024
-9.893943874199062
73.15454356790158
106.45184208813544
-126.15372033766425
-26.832709052769133
80.84208322534765
13.820834458473476
123.17533239928582
-6.584659836300034
29.252876737499932
-25.800340175534057
13.786040740607573
-35.71800037286903
-8.31857110292367
6.7303328165513125
28.13510453507601
18.74772868851807
55.50217644464424
23.326597132333454
68.20850009411805
30.626224576122183
30.456685529896895
103.70683240868061
-43.895913892877616
40.24848610101162
15.1286067413424
6.221902287389668
51.29201543722775
85.98926949746647
231.22786227351799
39.04987438785865
85.143057909856
59.11660457858079
44.217791268556596
79.11107958275261
38.351932609687
39.824423951064105
-68.4994733906272
-82.81903237568804
90.62402253178016
33.10836172861757
73.46077595508996
-17.384993950403285
249.67314845285728
-70.72475453741993
2.8630819881789504
-30.879772942063937
71.98819146053756
77.99800361892267
63.36974720979083
-0.5878857297985476
81.15501230413531
29.640684794193476
95.69371003621757
7.935416827869375
52.37473811312861
81.62042290899706
107.98816262653145
-77.37488291026239
27.898194479746962
58.85818168268452
-38.36135892321454
-81.7899506525373
11.25395199639892
12.726418745159407
-53.53595180443608
78.7809165677291
109.98321110801407
-43.81481994109845
-56.54637626222393
-261.51722145470194
10.823956134403172
55.12467076336189
20.66035296081684
25.76746704190657
120.81366925976408
26.380791548389347
-87.23723074557893
14.027327181697729
214.9059373755117
18.30984409506209
-31.18531986003171
318.5777415982129
46.32028268082641
0.2975500318326594
-69.34160201318085
6.940285079821024
-30.150789122929382
155.04495380436902
16.80342345458712
98.6974138844505
30.98118555969608
40.542013686476764
2.567964978853979
-11.542201980038156
137.76231126436733
18.559102420721207
95.75458513433614
-261.70293386733147
144.07291233480464
52.75112103800325
45.79730332788266
93.43985137284972
59.831035697980724
38.68706925798983
51.38580419173377
38.026994778318794
47.31542110817067
-16.85098147773395
-171.87230508225548
255.7499823572407
14.725040001828388
74.46446373427852
0.41293822935813296
-1.6536358604157613
-963.5920943421605
185.7851553172286
-11.969359943419144
109.48485090314443
39.26460091777015
192.04542937587667
70.3079287655197
45.00219880702639
-6.776900509880761
-175.6265341185317
36.85603713332347
-57.60420186816191
47.87633609470595
-133.27534014710454
6.805158993191981
-42.08789106078166
-27.908086470963553
23.492110277157217
28.17015635161198
-154.35142921372196
37.0905901037689
21.284642454478195
49.69627663722804
54.37608232609222
67.82943086842579
-101.6941363867436
20.93931890917542
108.94080045170028
-8.368855857384006
73.24184129903915
267.7581180059201
-64.84312391201092
6.925188279776781
-157.14728039777674
-7.674484255267878
-14.797641669990298
27.03701259301865
32.80785635461306
86.66624725727343
50.10774521770216
67.51158907108857
-28.28033606995905
-27.302506529982736
-41.98582980912397
32.97002067479704
10.234009418877289
27.428396836225147
-160.06226737847192
86.57049852945511
-56.39731956411795
230.17930100406193
1.0938790771898674
-1.3200301112942725
-52.031407517357366
58.62571881708078
22.62698003956575
58.98253999496265
7.656687845902898
33.64015342413995
115.36238460816196
-143.26033924760213
18.255087132371347
-81.32228662383568
30.67593898865914
-8.10676625745532
12.088093236117402
16.827458790507535
96.4357232743937
80.27782718374738
93.07695214663227
52.26123647449094
115.86148245244976
-1.0419030219786487
-20.31612592255169
83.75688947881645
58.75430753220439
56.4034801546855
11.328804309015425
57.17368844808175
50.806596886358875
16.290552584776904
9.139062122161173
-146.74630835849075
127.22234685831313
34.29705738639571
145.92555529572155
35.21320902227478
41.30802992485809
81.50796491837582
-83.16671108754053
66.34451176138646
33.59818770977381
56.35380838864195
25.59098341558375
12.180217706364902
48.01513693462679
-724.1079900885993
-1.6693938247926348
52.41397496193258
0.1408500450952488
0.46248874922255945
42.96751986929331
-174.38163425449693
19.91085109191963
51.768991542278854
-12.264573837740848
375.636754551625
178.53120039132682
131.5314228649786
-11.321535117241625
-221.78343380298156
20.793863371191037
40.12285544892573
37.56337899943992
-47.32958822093315
64.1909981678075
125.01994743596515
218.41702822861498
-90.1710048777514
110.36850582862985
76.73453762627378
141.98555635962703
-7.9385868067022285
23.530714415065404
101.7057214041397
102.27537521446709
-50.91818473373587
34.60518645934967
7.466536154999607
110.53384393638044
135.80808338799625
99.23702879036455
47.564356925733485
196.30457825777648
10.691411551970871
-72.65810331288094
112.16593431460808
-11.786341417068865
142.3788640196501
68.71334005004235
78.58312055255229
28.085487286684398
57.412038481227455
70.02198273625072
-31.030279092587946
7.770324814446191
167.1187525718383
56.866129782792825
16.831031900638692
-210.8096268633144
55.83959581851332
-14.630311399304468
-116.10165386911103
-145.167230661762
190.7588334222571
-16.15889457493472
23.67977441464561
-30.13136661540102
79.74501450250818
165.87380558132008
44.72446542177468
71.86915914626542
81.91621784262837
113.83487596621922
-9.450525027842717
176.27045458247494
66.63215096089425
70.17237467756922
29.926020674509232
-214.91143939214817
182.55242521010723
-16.149333130153735
46.64881345356969
123.15828099991359
46.51469062668002
-15.928862495903575
28.10322448548281
129.82875877556808
16.657940625247647
30.925079308562545
-208.80717579039992
35.90131871417236
85.64947685056734
-108.18751488904581
39.862351614777026
127.98052233391513
33.050795347187886
99.52950595712764
-200.4943675532486
-22.23054890504227
5.527265637610253
73.21013822804056
30.735722602994915
-0.8716109518600004
-468.13094841505125
-47.43279643353061
-164.99400639956366
46.28352514238023
80.71999281753733
8.29983248469216
133.00940783548776
143.63428007531752
42.3986808607704
-253.38285417324096
31.539576973806405
79.44341120896843
20.744799630369513
31.51454105424864
8.359361428276785
22.192392063215323
-31.921957711084815
41.25943931066754
17.851777752937235
21.233977120606944
-154.97913375911276
68.40779589414677
-63.65009201168323
-38.22009831434468
42.31890847200884
51.83987135898934
19.029641991706285
49.62544278815892
15.505646048030169
59.4849953034979
-31.010962631553866
0.2119572701984549
-36.71316320602364
40.066225484688864
-32.95323791040573
125.20249080859787
43.964789557734825
5.182749839561383
44.58260626429137
47.060839488882635
106.53540910147058
54.42786030905427
110.53980769765894
222.69840688619752
23.194963090568198
182.53146289315646
232.049381361438
120.40331483633645
28.483278622198668
-25.34822948889586
32.07508194011098
85.61498071006247
114.1065679814219
112.85105046045123
60.440033121881456
-25.531256008652836
122.93194491931717
56.02141233159409
88.73576157072785
60.99048789079302
55.07878292609132
-207.16866313086666
90.6004324120413
-71.61373276604809
81.27437623664116
-11.406984556791048
78.28284873462235
-42.62942762582452
34.25232078880981
152.2289287280396
60.45063147654458
-0.05617033133148652
-65.41858436199453
24.71975043589191
41.43831015366868
161.1007874519305
-106.8986621050135
141.13785954923787
-19.954129502071282
1.709732132187014
67.04654900077571
-90.8463984778532
51.322027172053936
91.76614463343685
45.58677297747619
-10.540332588362162
-98.86641547637737
6.524833789877903
-39.32040014825901
50.044935915320465
24.347518312683064
3.370227995370925
-20.20891935133386
67.48072405510914
124.63351378459697
-5.52796241015767
66.54696572566945
112.51111404721496
93.67113419589623
-35.28488900074035
33.846938931018464
-190.32282451154035
70.59235439591748
23.803715740192487
-140.11600789319482
117.57023319684026
22.032034916732158
66.17752526677964
-34.54675358146869
281.4478707076405
20.48576784182052
58.88967031136261
23.30809859116698
-111.83390725337131
-2.306237332021866
32.742830740035515
169.46304556344285
109.42257031600093
-30.617927433670502
1.0217577981675277
34.43129441657476
14.369426391702559
-33.29886420846833
-45.041157323364814
-41.38239372623957
1.4197130942789045
-91.64710113698538
4.569787981543811
-41.02209527279348
14.568951906205811
27.801354238525715
81.22091321568854
6.91181156902379
49.27139581822303
21.653836667161347
82.94569582714485
-86.24612671812793
13.619281085366755
6.590571255435033
42.942106161138554
13.76145355565859
54.96970166205713
-0.010004038738272714
24.24748875010421
44.97325339230994
26.31214534191264
-0.20069542122190165
17.2524383740872
-16.68964556652096
73.01588145821734
113.355110177965
18.568019761435533
-181.23582524645235
-39.93038528346824
-11.364824187471186
30.812705741289392
98.6856852585156
102.82872251814752
17.152915328678546
-34.47609363421954
20.025458264048517
72.50442159968543
69.64905667356769
229.85508264803866
16.173276197131703
32.20880748643025
33.456705682800994
106.02257771067798
-30.548952795586672
62.288470171143445
237.78283170321356
-5.062941206459774
49.90871456364181
95.17286403345054
12.340183689537957
114.47895923966803
89.88982421055925
2.5947207382000492
131.26619987099343
28.404396261472698
6.476780247321105
43.93681391261894
18.065756994330968
16.64708968385594
94.6859088997926
-74.33574920907586
51.3924587369103
-655.2665125026299
-77.82457811936365
122.80414979982879
85.36342679184281
8.269719700684163
44.1717876192624
109.77804091481494
24.94047791317509
-11.796936593117788
-4.789305638600439
19.1416316039523
73.03095525134785
3.8680007369460623
207.8139855710317
136.53743233059276
14.548096165559352
82.59211014286348
-163.0140227161546
100.14772118763312
-20.77447745063759
16.86597613658705
33.69233823983042
-57.83984017198236
35.12244722642315
222.5515342690287
30.78104190537385
-32.648594030713866
116.86179583595003
-120.14079252798956
-8.005546812521628
134.54237505293304
78.66250592078708
-125.90614820988094
-184.463676104574
-173.62203881508185
56.173943662876724
58.344748804649726
38.07975088165381
24.323481950866153
39.16198235956944
18.204347088041686
-3.37242461984647
71.1057506398169
65.30593074591252
-10.944157399799112
-107.17168627913588
54.853729277663234
146.37746243120364
60.18233177281775
48.90613225369334
177.83222674959325
152.3842746247883
-14.652939564472462
40.22996871988988
92.11519799441623
-196.33976113999506
-145.1771484994016
37.30821528374736
60.12750860632923
46.65592392432518
-33.10296343241134
-81.74277902861941
-29.844258246937898
71.29195588371203
64.64691257001064
47.16274036752014
58.67304256696322
-10.26837922529694
77.28462225277309
187.30683277302523
2.4084231808415097
12.45706876218586
-36.961661058722825
-706.3326769679361
-28.20759793114357
-229.90422962416778
14.039174428339246
-8.633398906673099
76.32218023561836
3.7273010357878724
167.87080325165743
92.70808983022971
51.62030239024034
96.90589418206673
65.23410657609932
47.97180025827459
55.34564110162364
40.538721852461094
71.09782838337873
-30.66053251268454
-18.89417598620053
-48.20011956551207
30.416996500193818
18.1661643957741
-8.563184284241174
20.284755463127112
-54.096459371768105
8.147850828776527
93.88867277707436
21.04784566149192
-32.13156311997227
42.82435013569557
-2.5729135559751626
60.58774686111166
91.88809175542406
46.0282121398634
8.03119336130101
33.43705058576552
-117.55409576288265
56.287821594597574
-3.0304853808120242
73.27910465924242
136.18260645065288
29.316777828715658
87.08756841400123
8.987683615951871
-35.55113630355572
-7.876199817125045
179.46102130045756
-10.209184558318611
-55.680590987564756
61.541482122776166
165.2540790158621
101.39923422345328
-86.45799933230774
122.47648659576362
35.907103275154384
49.52309864860081
-7.114901613213831
-369.02141808294436
95.12466500512483
121.40946157029612
59.04182822890266
65.88162287406794
48.200945480947894
-99.39940812590339
-5.210391543039918
71.85529483492071
94.87347578596564
71.42220668247181
-164.87638883714544
128.49981400901152
10.501163046323112
166.5731191810155
20.846809225921106
143.67496442188246
-7.393229083102542
135.31484092431492
79.29444061979149
35.5174645899624
48.49989959573702
100.72104349818648
-132.18080142370178
92.5038629988851
3.0169088574550487
-51.34843822946823
39.7729725191607
-0.7024548067188334
120.73034165933177
-22.39201449835491
-3.8657080584328756
32.74625107776946
-4.938316966485993
130.93178214899785
38.00672338105885
-8.54478688958829
9.042396640514927
83.95469859226614
207.03992146189876
25.557324422858414
60.195216930853405
21.24761431956722
71.90686790213894
15.347385802960616
-38.573602651495264
-105.95606113981466
61.03635154795319
32.85135648361774
-154.0502083897013
-36.48701463160569
-7.481730976923935
25.109259098430012
-80.05117861282633
72.58118316782202
-198.58862159187083
135.95971245511055
78.5817447890388
29.56133344110666
69.76692376812412
72.42803206664247
78.11373555069031
97.24333035035602
-33.11156622570377
-46.78551662069458
-1.5735912146466504
55.38983716189472
55.12812065364918
14.638061359830916
24.945548516302576
65.14030114104798
189.3143598204706
-567.2710250128508
135.82677938600818
9.526674059343804
-49.20750273427075
-10.659581779218426
15.230763121494533
7.304513138812713
160.56670639497497
24.75259128982801
122.10464862374783
30.328942596151478
-10.742307793601796
167.3266115044828
-15.357632807884452
9.994112725639752
-13.890359941467361
-2.259188528055125
132.5685134182022
-42.326468194681865
50.61477630375586
-167.91426366290852
89.58322190142326
40.41258214626157
-1022.7567158853144
-125.36358596684022
259.0543743796825
-101.4925129478721
67.156642926519
8.350999078909544
79.5963582099107
-348.87375610602066
43.43780773571723
126.85548348807401
49.242621053868234
120.87089298971932
-36.104445419628526
-10.089403214656194
-23.176970855358977
108.05920862671928
28.438633104949105
31.74174807395628
36.89411509029084
117.11792386934826
28.33650952826025
9.46387558914762
-3.3215539429784258
-28.24669755982086
151.03054032270848
-3.7808794618081265
222.2838537089997
29.778149446740002
301.8941117095187
54.962056860786106
99.83322990059264
53.921107472958056
50.10580779437305
17.585684724755893
36.85298127243054
219.0774031639753
-32.5171268527057
137.38763024989453
1.4646843998307304
91.60878881545568
-79.72139445493781
20.810220640628227
42.119539941451336
-95.0739323067387
-54.70541831804803
-7.215382249655446
110.38937670911741
-326.8765610398582
28.346364351578433
236.84504790853998
70.50446977856745
54.78467371343163
-178.80175763493924
4.431586361960083
-46.04712867328544
22.38306541713789
24.763941271149893
-358.77238819741933
76.7968658300473
62.666959389848216
-4.136747680661756
45.74433432569566
28.984325854148295
63.448703019275854
12.1784787873212
0.5067519320877519
-298.7946014771569
-4.799959616436581
-69.29267007947192
69.70328711484035
-86.98255905642054
36.50454595715337
68.01126596953554
105.08168013301156
-6.123357384112917
26.2993222925909
85.30489200679222
144.86863857330627
31.58267449723597
-22.6629285251068
101.9848225769183
-3.6342146681414675
-24.307185036297565
-117.32853335237905
22.075903810488384
37.294905759751146
-177.44753639181545
140.8872041855161
20.31681109383506
2.9969574877251324
23.937234739834864
43.40333483514169
-113.96179300054155
71.94141073488709
-88.37677549835826
10.400613431384045
2.4281972428834706
-174.51146807387067
38.04254408086691
76.63785228024767
69.71885764111676
-53.16639807266847
12.494800048111074
-73.28766074418127
70.20487228026207
54.59567554906107
5.233086030300456
-39.59152081031483
1.0062638442382195
36.47910046688958
155.58908021603725
0.08885445081228993
-174.9675634251853
57.061250191547515
111.72744608246865
107.6718667941459
38.77179682536553
75.96055568356405
77.54228763073934
156.3618702298836
44.41149826525907
36.66448597669243
34.79946994342297
-208.31883339089018
70.10692908513602
-16.905615354251495
27.368049440710386
36.47921869136417
54.538230707114565
30.72427443881861
53.97453174674547
47.91472326454746
45.29290008353655
94.1846265041604
56.065057009214684
-117.58218396769098
45.508016490253794
6.716928946165353
40.47330264636821
32.538436412128945
139.98318802892504
55.82790686496047
2.716492486039897
63.98099984142982
-31.893686959167873
191.03130383283906
-62.110969734176486
2.8143778910816764
11.561775831417354
177.55501729958178
28.88252822332379
-3.031823862794677
-104.44936439961566
89.79051679001788
-123.11970181382821
-86.7655528516998
26.031240804033004
138.72412945339784
-126.33919488965967
34.56501409539293
-10.229260498888834
18.19708661921853
94.95477190043795
90.71707950096805
78.97204879588071
-100.69845578014656
85.41079492515382
108.56646322563665
0.5798166700603636
81.73932450314635
89.44087050386193
-13.850902614528877
-3.2436828957311263
34.46132105195795
31.801140607287145
-110.2517374559693
32.90379440705983
-0.4675602957331648
38.76374426564093
126.22408732049325
69.20243132167025
32.76309065925984
-26.466873409881828
59.23462253760226
-898.7790409529597
54.985891875493564
18.35170613369064
79.20090743460105
25.088983060068585
32.44789519758579
88.96278830675556
51.307882213693986
163.429164690177
-33.08045100681193
120.85217860747571
59.49830888798825
16.947853540826898
41.73332797830153
104.68438289065762
133.0298424542516
-1.6393950128444725
159.91866327292882
36.72758537900235
31.080001814009588
88.04761471431902
23.671996918187176
58.38334087761429
-50.092020026833175
-42.50992733233579
204.09238847543475
-192.57587229511546
19.211871053057195
153.73708539167637
-206.07064365644237
22.250091432939612
28.547437917821313
-379.5422871925516
-53.16643617326889
-57.64824995037543
-22.512222671414023
-11.670325384654058
20.245687093542074
-33.27340640325883
-2.1655328183555866
130.3418120578774
-113.78089599442274
16.466605491986957
63.77140721956903
-82.55889466669305
23.479897042610588
41.76231855973754
337.48696814640425
66.05026898879625
144.47799825262837
-1.9672046200266777
156.8706279816024
8.892710485692284
280.5137623389246
24.303651227994095
83.2949859210355
-85.62389548958254
14.797488804452852
-170.13999622622845
63.20769728900768
18.393330741570928
115.57811579598183
90.37489039530169
71.29008233410741
-67.05561324181144
169.99854426380898
103.14226139863217
10.9896397020303
35.8629766596188
-62.37834610578511
93.01791984279225
45.12376954744647
-16.35355102480935
46.834669604661244
106.28201618171943
-36.70451787812226
42.48855057306156
61.18301580533631
26.1861931449178
75.85575947698635
1.9316837281762829
54.52849605108668
17.33099813683156
-38.956394409009135
0.0066315204439888475
92.02942842043785
-144.18394624053872
90.57885633031748
99.38485132128426
-148.21836006497142
47.496789156444265
92.00276395628225
2.587215269614852
27.519468874563017
70.63652491995808
46.169665168450976
-10.0077894777871
87.47091674676221
82.87341548402583
-223.04453624257167
89.03275656974733
-36.24846973140068
42.095154220674736
75.8702906099187
162.70316795672124
82.74053994917222
-6.496648856894353
-31.893506895875362
-9.699982017026805
13.060005464463302
-176.64381038859977
41.67017979811999
-9.353833011276087
-2.9861997465059176
74.77571982185464
165.33314246946384
23.988966587645855
120.67762654680212
2.937807677050218
-20.12742318172463
-52.920851564467284
-144.98724451771704
111.02811752069329
-90.44291059875604
107.31071016525084
7.427503485041143
81.56874660295554
-133.65137047846474
188.24218118739918
-69.25407608094338
54.445352385965236
-165.82055846606
140.94882076377598
57.630933327721095
51.10876316633039
194.03268338591533
-94.08021864507464
19.501711706541954
24.98433557344601
12.458827625173207
-222.71830052906535
32.259712275551436
-42.02963764912511
-20.862516524895
99.6661788374663
6.668479761051689
46.28019218933923
-36.85397682032453
7.462837159361413
21.880930269646555
-169.59657929880632
14.671250497913888
13.062093138483874
48.46294177463639
36.043904759540865
5.113097205080052
-37.56694333192151
22.585526531857358
-3.5002613065358648
-3.4483165622227716
35.37296118671966
34.22993874736511
29.353379360963572
67.5946249666134
-139.26867448241092
64.64440209147307
85.85233109482397
15.863466059944585
20.661148802195473
-27.66713140424008
332.0330495897606
32.494768139347045
116.91656707281913
133.48185606001016
36.85358353022798
57.97661069928829
43.41350042951399
-1003.5195973620093
118.64262863946078
18.033188700798746
174.8126403765864
24.254349928019337
81.79183988981072
19.491998389801406
85.0269621795037
-85.31791128954046
-34.86727337821908
269.3691428784223
-30.497387924372994
-17.257057851290938
-3.2931878470857896
115.80909780979891
92.06294323546808
-155.78887172575924
-17.17949858574122
73.02459927883069
16.93196746089825
47.48049259672163
26.33618326205612
76.68153783115201
-30.632767590887852
58.76516727306114
1.8419445398671996
44.22892733727804
8.119642956223798
28.61974646559053
-34.965189344837654
-449.42918532544354
52.981546118750906
42.76564614680592
6.22225506298426
243.81013259927113
26.66845070119973
80.17973013717597
-19.21028839856575
36.08720736374234
40.17035518209029
-3.239363424221278
35.977953269678494
37.98372249281874
-274.7647427168631
157.93329505798556
-55.08777388728629
45.77849071224006
34.86569629609539
42.321284483651056
-37.542221840278096
58.655472712510345
-11.132813151445783
34.17298192925625
21.153548870810443
-1097.1106639893703
-85.27376804179903
-159.37780364759965
34.503151278514224
60.222670360483335
-7.129700399107605
74.78868551397146
14.322103180783149
-169.2974112591255
-8.739279363323677
61.29902891564291
-16.29465950644315
19.402091468538316
94.31293457205811
60.3522867989559
91.64803809572823
-10.32998349615417
33.59302191945139
-47.12272104394469
33.87517019745427
48.54660428899335
140.09671235135875
134.16027263174783
-90.6228765437132
186.46624591292402
62.68328508106538
78.26015934031011
49.37278466140583
28.127933954908684
-61.628771963940935
3.8734161031381573
48.476526230725085
93.56171941243201
34.0866090137849
-155.63158814488497
50.482189549198665
-35.03928144333986
-73.97207664133116
-10.198888046455068
51.48566185023604
25.93530940524772
-137.07933855019837
-127.76776027246342
-71.41760654236168
-12.720719461239696
82.80436225175754
-62.084738417795826
0.3050661324250339
68.9049102069028
10.036713342394705
303.2563733209349
34.03801653923131
142.63486686000988
-232.45859563893555
84.4158547037473
52.229859542825466
49.74346494987299
-37.979968422283946
54.64676675977921
-10.327761100793877
-9.656558421080945
42.83382999515328
154.48315166857083
-1.8714860906780302
89.81207852732086
24.898499449417727
-1102.893503368303
20.57034568803323
13.648320459609295
16.127217342005686
210.64492892167436
-9.375906466571486
-51.44321227831392
50.97545590845402
16.049364735509698
-44.573351244653225
-620.420806866463
65.93189293108753
86.68470341710554
199.59525382498668
71.04273504612502
85.4088197298172
12.087383513314165
40.74928235707337
-2.147329156264899
53.24771181953797
-15.089452428547702
16.72132993147352
60.947713367940196
21.87737656271217
82.52647304850052
34.03464086440937
-9.346045694824845
100.09555511432984
-2.4486016712154495
20.67867442032548
21.879548886763736
7.971918171750652
127.11290203450699
-93.45356507831957
89.26211537935251
92.06031275699297
61.97970484658967
56.03552952687642
67.20649285061154
88.22359268698983
91.61959773650779
48.65343634994073
123.61615248548696
39.979131256340835
-28.53104518934515
61.622538512353
-55.59010894081803
94.37767161479087
134.42615363417326
56.114024160970985
10.503730456972471
32.409594326842495
-170.62909182384828
123.31073059937535
3.848765150396807
44.686621514402326
-34.206573731853496
-8.960181019419338
-32.03278392854918
57.25099811943312
31.105444136399456
-96.41250565996825
42.1127705428876
20.726924367744232
-10.76532939605044
57.63901477680733
-4.8392779150826755
64.55157831355609
111.23842297470378
-276.85796149524685
-552.9150423281416
17.493769672012604
-9.992396874150558
95.08384779660281
99.48094073442053
21.50350586051502
58.89962895590945
71.49082676729017
4.42261965335247
0.8328509596955658
135.77777692550967
45.75687591878511
120.83638240094251
75.74102638333943
-10.603189626068392
48.60949593969047
44.12521809085047
26.301860929341274
68.7138116507104
65.65095615821315
-51.35951597908475
30.12128775285374
78.43113898631736
-2.034922109508919
-10.164438167504983
-21.33433622833517
149.99906181504775
156.24964989320347
-22.117684736059346
72.30249643458342
-0.18597474629488953
149.52434295816215
63.5984346483765
-322.22019283014214
-14.330634448808828
50.56950098838609
134.76200736450028
99.35675834478343
80.67825025701495
39.339720280964414
16.819869166779267
123.76009514605539
-135.26461751797933
26.981440674609697
52.680817247880725
74.15725677934944
117.36624928384163
280.2955550284687
-31.343766382374643
17.560502888125257
106.39707721326408
51.13579036996847
-8.245503949195154
131.55695644762045
-287.2660529870218
97.63360387726152
69.71413305893589
57.46323107967663
32.15684268097175
25.69460540905785
69.270115543086
168.57246189891475
-41.34335665748813
59.75071501647699
27.15323937340952
-37.81218042978152
71.68205838606946
108.84072339637851
36.01852150821487
-108.9183229536593
47.035440628687866
163.2707379090316
-11.698037928669692
9.364117349871012
-12.85072288995616
-7.575684905557765
56.25629640723582
52.20487664177199
35.59606492240422
57.05162127021737
95.65146081146253
-36.22129881591309
117.00893704897567
41.01460560624264
-18.588739573018483
41.09616565594547
-27.58332989876044
-26.117476589928952
-28.517664651474767
-143.11769476232985
127.96723623238586
32.73975572023725
-146.64217622182287
-30.580766114551366
76.50601859461807
83.73948041004269
34.37174828877367
43.723674976754836
6.678677812620819
45.50198536234736
12.6714974860924
-201.2058526472233
54.95819402492839
-242.89065762123118
-74.6696784673677
204.21392392314374
-43.612643759899356
91.44658831838615
8.567621093517625
14.588503086495745
-49.08706746287726
30.504062015340423
86.00919342209454
21.44287770988194
26.093330379015242
138.01706304993445
8.634291797501527
27.648498909812474
73.07793947239907
65.90104836726096
19.257678209571623
165.5402160786589
28.931849561672607
-34.21056563204135
-222.95819093842965
42.37257721752189
3.840571282801638
-85.46246003153036
51.64746471447279
21.20371047558601
60.41464429093742
112.35923004437836
87.3611707026073
106.34644234824646
38.07839160413404
12.158747381784451
-4.246857005978111
66.31727225475447
-13.242103407339528
65.06593369431903
38.96620273567214
-6.435900848126845
-218.28369482927064
181.08674658343398
46.536745497572625
32.16755120960162
-148.18152077250124
50.083052511213566
118.45282098753432
38.13230149274614
68.35501996494779
-67.90160083339379
-66.95293026900254
-58.60164980218951
75.7740305009711
54.209173072799814
-372.8380594847081
46.43395144373238
136.94258590296317
125.85983059036266
-76.74500090242236
42.28661405858156
47.30992175057882
226.38015384904838
-10.940228342061761
62.599747862274945
-41.99625833649009
-33.37785378515946
2.126850783037922
47.838837611205236
-263.6212291463362
-61.40581948954056
-90.1899394357747
62.48004851568251
23.489391296933263
93.09337157588197
11.631531971952715
-3.276398066493705
29.440947416882544
-15.633343326167655
240.43146610741996
77.71073153437442
-89.2787664445982
8.383869674317339
35.165520491324074
91.44257988048275
20.483076412241704
-131.39638451306473
119.35951620863148
111.43586182025365
112.64901261845398
2.6219909129213352
52.28875290093214
48.10345456388586
55.95821779305878
40.633722336837955
37.95399856413741
104.3573207321133
-184.39448942144554
20.58187990435067
2.6115437977435008
13.033354252807385
104.35087800032625
-35.32216719599921
14.42725409793669
-115.73805393356633
-128.5215512448899
83.88739521286561
212.51797620820162
57.6980183490274
60.876192891391014
-36.55802045104065
42.875581036344094
71.25371194724858
13.917754419331231
126.02390481666089
12.839506856365688
-5.1664756351210315
4.163938362168068
64.35719940853559
206.01175108686584
-14.404379926689217
47.17810354902337
-49.778765948872206
4.487806061046902
102.89076144228716
27.10693086075753
126.80326568969667
-39.064210718161135
32.865631800926224
29.316073730794727
-20.83908095218976
-155.45681009473628
16.063717357549866
2.9727261001015055
169.15495808733613
116.12525370672529
134.99885690746441
-22.699657568860403
119.20058851634258
-14.061944208591353
38.914392221307935
98.2995702392252
155.00981767867188
14.56712989355741
-111.70881441619895
56.184127681601126
-273.2488039846626
79.83516626252057
25.817311087329358
74.68284851561793
48.987329211537315
-32.3419579977398
19.836424606046382
206.54026856826408
29.37852303185182
3.4782263880252953
-4.581235743768965
-2.517585757864826
8.943304978620745
-15.497327402974406
22.290442746475616
85.66756548144781
29.073305883925094
148.6257497802435
18.953940612416773
90.02014626822438
77.65074743292041
100.42761254642363
140.34917342099334
115.06625901458278
13.026031321660602
29.20165452666224
110.65615284009755
8.94978342511422
46.46941623955383
-4.789716180705909
161.26167534733258
65.15264877288936
55.69557377309306
20.305350133670654
135.88092869868683
21.65675103327785
43.268939570087696
48.50024492205603
-167.1307540974458
3.4004458157046127
137.9286850202966
147.84612945866365
33.74008033848122
101.0794663477966
-96.1488983133213
117.09602354705748
-38.51390763779169
105.0087242399137
11.718239400453513
-20.12896668724443
-17.969968386760527
24.98606479652335
-5.852609775974997
-98.22310706491407
108.03674697554993
66.13826328837467
-9.826436212935654
37.44724135576893
6.138720071597163
147.92217401782727
41.56037316804687
38.461347752231404
67.9135410952719
69.389490193852
37.00923025997723
78.00780348161621
48.41963365685274
176.99759977919803
21.36348260421542
61.540868429441616
22.851364370308843
-22.36873885348632
75.74123574246141
-7.487671326945474
104.77055372381346
-30.153053504178843
-100.66104861743179
70.93057149609854
-39.24819974527405
81.38434446560905
-16.897728548787654
47.046588599016744
151.91964473803273
-103.30763465606242
-40.68807635688154
9.176462394967528
23.413729575731004
-13.907851823894816
122.88863859307867
23.93091258999556
-74.69062697174286
74.71050924854217
48.01745274101689
28.207621761667035
6.323429866211524
31.792039523755193
-111.46885025387155
-16.96142404062857
61.43796999327378
49.21075287881348
45.59365366897373
86.54268569272597
10.80168607808603
130.9833273490085
55.76865829982489
99.93671593653079
-78.80825315003904
24.770091013001547
2.023214067302905
-152.45853581876736
32.743443772955416
17.205737127417606
-56.865473964933244
-4.056131852157976
119.3242706371725
-4.178899429613011
85.95086636785891
-141.6846033978154
32.724646494078115
-12.654568790875286
34.67815076685306
187.81427139288462
88.02944384650402
20.74160527778804
-10.845515394708922
-81.2093830936019
-131.33666419650672
-16.86195290848661
82.05958581848404
9.14838261730985
-19.50778053410852
0.04724590112724769
80.22052903678747
84.07485421947672
23.499181258846875
70.29647489970239
91.1622947225228
-19.02578864298539
27.67303588758557
53.75808686927667
102.99478616030501
146.80981001328882
-57.19783716275106
0.9795358954654476
152.82411442575267
20.972094935163515
10.013201536674728
3.104679191109648
-17.97986732492336
9.806183966638855
31.312907238692105
142.41189601045107
100.52243111815005
-3.3192777829753166
59.81726009007335
221.98954892691108
80.2581100681773
33.986504016869674
-177.90316732510655
11.100566121880476
79.08320682942644
-20.659777009363467
47.660254712818244
11.43031107688593
15.162719492113311
89.6200767909545
-34.75457202151779
-84.34172635586765
148.4602653241684
73.18411522171652
-37.27107091399796
-4.531908824711536
16.64167887503058
44.20284141328193
-48.040748002449995
75.91647056843794
100.13146878156977
-17.665625194858876
127.76158182037807
-5.148022278497898
25.25459935681001
-8.92617547916144
22.790530550707018
-5.406522657661299
91.45573688639934
18.95213924771099
14.18782575544209
-128.22493776150804
50.26976003771611
11.124951014769684
-12.994573419755898
26.96665212964038
2.7467342945143285
63.67719341831901
-146.9668543907187
95.60914712589329
87.75464278429892
53.93389851558709
71.51975638716704
69.91417475192446
99.9237414873096
59.36942176264307
-71.69052516578816
48.86861987361443
91.6439043550356
27.482682463547377
-42.20411911659066
-35.24994194148324
40.650189168850986
122.9246611211064
-23.083006829605893
39.889863940582444
149.44779110142508
42.90601664159539
219.68278242650285
4.394501399769135
68.43567904830843
6.385971174611769
-45.9336283240782
-160.9297565848865
106.33128057490376
42.95689773460026
56.64805797048456
34.66468203041268
221.81740441608054
8.784521488856171
5.86174236558054
28.652766459178565
2.14737807955089
32.54948288435441
36.06293673325951
71.25236286925383
76.80225731513269
115.43046070049922
71.64335950866428
-7.883089328127415
129.75993818938082
26.163539436531785
9.782502188491815
-435.4770452351385
-58.20559390559174
-38.91052399460705
68.79509489440899
218.7768310620536
164.7111276093483
77.38578869864256
-75.4387935310433
-188.3092096686796
33.68373320422825
29.006281906582306
41.485267625834055
-24.13909992038274
15.16505280842725
7.671079175701432
25.440338027337347
18.117295991231614
73.14425731627216
-57.04578988043613
117.64984667739759
63.96657544795107
41.55873360231635
13.4512159642179
102.06339980512382
124.34103212533898
-27.51691735774564
90.63017648793675
-20.261608998175994
20.88889740479135
196.40612938283994
15.834477472950596
45.30019237718079
77.67820191874017
72.26071410062286
-1028.532189126532
-44.69656852282378
29.801930683550214
67.36650681804434
144.16899502710703
10.395086539692688
98.99215740026602
-8.678162402388548
21.63213036169313
-246.1434224860468
-356.6605430012334
60.04897792446763
69.25214558678321
73.04737567928578
9.948963463215478
-25.066281729585626
52.33290724932294
53.68592587712408
138.69766431002154
66.80994794610706
229.01584931031357
40.198489886810115
148.8765643868037
0.6325928861069716
-268.5218084312537
-8.92913557466909
42.06231045453251
19.52488441782772
40.80371768430581
50.41466860886612
133.74045338850613
21.072328184467665
-127.78917935200025
-27.931149263208404
35.24000010415148
59.47212484390229
50.54104906664871
82.36169924423803
33.66974710598032
138.6916318358185
1.289642622258512
36.57130510762673
99.54034497201997
-20.374367515598806
-6.363616896609983
-15.500426069240516
105.23812270421774
6.3103095731787135
-81.8928364270259
-25.347042185355335
-163.3968669759597
55.64402384318541
91.84837128665708
72.2497869647321
41.10298481848628
46.61117203683027
-16.327174169004103
4.780019614831392
65.53424331496717
103.49406436072923
-44.59098983321235
125.10638751759075
-36.98295329536753
70.75849935042515
-89.20313232556782
-3.0510022162857795
26.61245481758442
75.44806884603531
-26.22976408030172
-29.501626664064002
20.037269060098673
42.28244563035378
-0.560041186883609
-189.02202978450805
-33.50575610558735
-55.487979908877605
16.540035862541288
67.60406862903864
-91.9006129708041
130.34219385571487
-58.753726105885896
17.560603450646838
140.10722017741887
9.75431131929686
49.21375319327481
-9.440251070417556
-171.92427473472708
68.06224468574783
136.55789791022517
41.88073140141478
29.807562865288673
14.401973592226252
-67.89302711888831
-70.66685984263722
-24.203190079242308
32.36908799671402
-15.989251187445813
27.846819222861825
38.54245198254955
26.862052752236195
75.98071858839631
71.48127894631148
90.17811889846837
45.788304026225404
63.66162240161657
58.68522153657159
31.525661532301683
80.87925847788301
-67.26892193882668
64.5016694306646
-34.96471210891468
88.4163956788941
114.63983390259864
81.15767922034047
22.362640779367666
64.7083008007648
2.3330446705608665
103.30341334060677
47.766951707931355
75.56560508675932
95.60512665654915
4.090468458494287
24.38976752949702
8.1232452628678
55.02081194681591
-54.46989615485194
5.098020765237794
55.271870447445735
9.411749880999478
114.48607872109733
15.438129756884194
34.3931433080099
37.915237278988485
-287.0643513680934
4.718044009339366
123.6849473807174
149.95400744910603
13.466257684559423
31.55478048388889
-2.7412943759807353
55.926029255673456
-111.83451382948897
34.627961369491004
28.23623128152624
19.378486392744765
-145.2855366805543
147.3614768151897
185.42293199325286
-7.165030270041825
241.02434789332983
-79.62391943095918
7.302382627477314
51.69877380516999
-28.6222930306474
108.29013198335815
46.301533113990914
110.22060396973575
8.611064783381153
116.5573593082172
62.49905439863553
94.91491440880316
-26.18612222092588
195.50897657376117
798.6176319498454
14.26811539841384
-98.01016829575929
-4.815555020709191
-43.17054054181358
60.26119982555422
55.620112258081804
28.907779247970396
49.16505926795318
18.732059574573782
77.16812186810421
-62.879024668114425
74.55128362422533
75.27360092466449
120.98752173197659
-13.678328753302813
86.33348565105405
362.1381423312205
-83.3933490383647
98.41406816623385
-82.06097263076208
-108.23410324803262
-30.262704742226067
34.140956795787545
51.73334663487549
-63.96682941750896
-74.47826325186406
16.076837898776557
32.43555301105289
108.49580427325009
102.07210441421387
38.950381290052064
86.65286525958072
40.366519279051715
-14.236702460582364
116.59447921917035
-15.725897563719142
77.59869718582218
21.62821618018489
76.74589196348825
99.76806668623294
208.3914221304135
101.58046328358341
111.60678024961726
48.57209525865619
-6.621806941977866
-37.25318373440632
33.85277803987192
43.23424392179858
70.45034117965238
-77.20948132948526
-83.07874362343011
85.57374080109179
-96.47308167789015
16.128054906482248
116.83799189664614
27.611228320857208
12.377421743152112
12.233108464885053
0.5418943611524918
25.5102665534645
26.319337342070867
-9.34609977862431
45.71572576582594
23.46974050235167
86.4215036462773
16.047347305982658
57.592445791031764
-119.79803443710261
116.26190708632657
90.14232065370015
57.12344939912809
110.75127577703097
77.82009410240639
-16.27424532535224
105.911134025524
108.09530679436375
15.612269050396208
142.88637418862254
51.12101026650271
41.350013154413816
7.070121160324704
10.301377907422932
24.245036001375606
100.84642012657469
36.63053140405509
-21.830672262976094
66.99843399021768
142.17461793008852
70.37304538483934
-222.21228762864212
92.07977023336036
7.802486921743821
186.58576749519216
-63.99295311763399
7.727158126823269
-28.807667797634167
71.80578493111165
-41.74917513256787
29.57384470266629
72.70046372043038
187.61315728911404
94.91487691417024
66.734541452592
-24.139837165525933
-36.062499090355765
0.8338090677251067
251.20244520641336
77.33346751344516
129.36255140538924
99.95523537330473
-5.440961779159039
22.795431345972702
24.16261082001799
100.77434038829438
169.51177910488104
-18.78822620024357
49.20911154801138
-91.13430976225663
165.15718361490735
-44.97216094809136
-163.34782469893162
-6.823689407095589
62.92641561224207
92.14552439800218
139.50607599773934
39.477280138052606
-29.1806163830247
-20.24657471032775
47.07938622230736
56.7534633694189
144.0895577002443
193.62745082829724
54.65305333308834
59.45504168007055
21.1878383395333
89.51127778518821
3.78470760002142
66.56102608331275
69.8190347768043
39.48294583889811
48.05110745349589
222.16735876839084
47.394334148678354
61.2754044998519
3.434905161394536
172.26137181555532
-137.03389602434527
63.72174375406257
26.110307052902044
24.803214712131307
54.944131610031945
22.52118240952319
69.8703853033137
72.92992298064087
89.58155032021659
4.476086743361208
31.34970273129295
-45.28910478127909
-0.7831835455228144
67.1738258283964
3.8021706672912785
77.51388581183437
75.63532582150401
12.623303948438206
53.08473968017506
-37.597878361193715
53.74495573231286
-82.65404452673056
-4.805303567124412
-4.470142217111544
-15.46694907532492
137.84522992683424
0.7160909535709834
115.01098988724243
109.94605629002581
44.00568735073227
14.191417321425263
-2.8259866247331047
42.02072401177262
41.900295874631425
127.83276852862446
51.66074241675635
-52.47187490555868
14.463108309410252
89.81005452518457
151.48591827517794
68.9672094759976
8.565612622451662
42.93791111776832
83.7194095942994
27.312300358897573
23.057224559022572
-5.3869243658964745
41.69147982409413
33.84852480682835
26.54701678902868
-171.16355431797274
16.762698131449724
207.6363554043869
-29.65168899712262
-36.48706118946848
57.57357916143209
-14.738559720483863
-36.51087488086981
89.88706170309314
-195.0546251424621
-57.507477648630136
-12.281350304268017
8.121347658766794
-143.76940188099616
-44.17551051705823
-26.70303655399006
-28.870564895967618
99.03182743064554
17.771082950010225
263.5506547577593
-728.0104336497287
14.13579522294367
89.33749091298452
137.77663711191894
17.98348810572452
-338.8822766537278
16.21255350828553
27.19093051851314
-438.1403105375328
118.4926409062914
11.65597902669277
61.33003220057117
-11.340161800625083
20.908809719095498
34.38310707405446
19.67572305940453
2.716863081457107
104.09215832819882
-2.493478725322415
45.276649160643075
79.6678980707623
-81.68236656709223
128.90237416672676
99.43305660104647
45.54792328647855
45.608279033001054
12.921341110213234
44.45322885013138
58.85025572183673
86.19556145219462
22.503763660013988
18.794075296858345
47.64896571870317
-202.46778357463154
-75.04910690384907
147.23556675021518
21.985570805850724
53.78803874673895
28.35158730415708
-105.73752806214378
144.48341054043567
220.41462343999638
46.66559946844825
6.873942643989218
-20.024338380892203
-7.005711417720029
59.96224640659095
41.14513057249087
-157.53337184224483
140.86756669944043
124.93123796912778
-169.5957137374371
167.1933794824763
-7.593690574321999
20.95233532835894
-3.1411735676824817
12.347165250416678
15.6064880567165
64.66610054459657
-182.1504516960349
-81.16656118580121
-213.79672729935547
42.10370195623926
24.226030960601925
23.209552071183495
-140.24433575540934
151.92722870920215
117.70366807888604
-10.646578770994893
168.94402022020995
-30.28463839976657
-142.09419516199387
-200.76213636199054
-98.92247680403398
32.16493966364669
-1.364481624374025
-17.770220486055692
56.70330014970676
-143.02153570052906
-16.57388550948872
145.3502533396604
-121.09195984295684
43.44265880408672
58.80771744912414
188.18130619661542
95.0135324783082
119.79916940906003
-308.6702886955072
118.5590892213545
23.901961130887813
-41.26785774128325
34.65422195418828
47.441923052731
31.347253250785634
38.47146989391226
-75.5058696307924
27.664801945036743
47.135070503951965
42.034284417140256
45.5984086113516
-145.07049756915558
-11.522082772753492
46.7735412864784
8.128614875899792
69.44053141519026
53.39753697851302
80.54767238694762
130.68727479846893
83.37289769176908
3.3284810187552694
3.9916526839674624
24.66067207407218
158.8272617440698
-228.98650156187614
15.247215827749187
-24.223860676140998
71.37732850207931
76.8889441849899
-18.07606648318525
32.19971017973205
23.96297957096227
35.83734722700537
12.91594330488897
-41.645469874206356
28.998653637378805
169.32734285676452
61.17597445634374
-6.13911990055827
27.44475892725514
-39.8670207742656
61.106677773526314
-69.76169160077762
-4.646660293443347
-29.165772024930448
31.943936887167325
-211.30325032681503
5.938551498861102
58.91781685633458
-113.00307948304089
69.35850362684164
83.38986214234296
-13.489817190214282
153.0149727470489
31.467454370704516
158.06694695623355
138.33119235180857
23.138444691075346
116.87948605526594
-346.0470878505357
35.65268991459061
-101.86918812765089
-70.44299843704448
78.23279165332372
9.470003251190217
57.60681799479016
30.74347665370398
148.16733202242835
-13.367645639219624
132.31275356822152
56.235943513595544
-99.45546454782061
14.702297070012435
61.42328126170196
13.968097013224627
158.77047438982845
-110.09521024709557
-88.02746979479434
-35.738018497267774
-293.4683559033392
18.454595914427955
-17.960157693640753
53.243447013434974
27.066595711583435
-76.00877209970349
57.734303364738935
117.87009757854207
81.69141663587766
162.2897697897397
44.95882017217597
-96.23175296640238
90.61530883098794
39.40176155424327
15.403389193724244
84.60773371511368
91.3343215223195
15.382270913495177
33.098853618301106
29.562683750266842
22.028191864934342
-70.63974329900299
24.703197267568157
97.37405753638768
84.23772288940927
28.689152106687033
-395.39312164169496
183.5578966467997
-83.46195652226318
44.46012583058838
-39.16588575136911
125.12418838703115
-9.596978449953365
30.642108397253082
124.91370792405883
32.12489872949039
85.21905129384774
52.36204086251837
16.62946978760915
101.99025372559572
-113.04073956533475
63.555249568224895
64.85085229601879
50.948784421485925
-100.4808094100099
-91.8643793693359
50.685620184158324
-33.94241912291782
22.400614930674593
75.62305018758684
-10.78007517639437
-101.13146762012684
-42.3421791892888
23.449418284652097
-95.87586950571222
55.53461854360058
120.51289141704797
12.154711317418819
64.2119776645657
-152.57110917792124
115.59321712478459
38.95183521263698
89.50417667559759
-139.07429597434793
1.3643107680823203
53.37258867857048
-14.840169043739657
66.89604255991927
59.129305639205086
50.688645747091414
-51.01824269660028
29.263443704983022
-7.230945097380754
-20.303016601642412
-4.744080546414807
161.81426184769043
147.1038887190989
90.30289747270763
-336.99048670569664
20.344760214342866
67.28658391700719
111.76720553537689
81.64709523994134
-133.31764426175278
15.553706389904846
119.79957783770146
80.50221650981165
122.24084208193335
-22.644720511488686
18.15730427087032
9.468158363498333
24.613540316855392
23.881357970293838
52.28640839974699
-47.99496469522546
-7.233067520554378
0.22832073069637104
45.02889414641231
85.76285986347375
132.85619196731477
39.149849685908976
111.58398382115729
-74.56135190000532
135.9547729721653
45.93166169601611
-202.00896238722362
41.428701869410816
19.106652909841614
47.47478465112665
20.06441332526121
43.43319620712848
106.3669261625455
-0.70648366565365
23.593575878172373
147.5151526996308
19.718862784160777
-6.05133832666661
76.29907211542968
-25.147449092334682
-26.949606323283206
-56.0950594387392
-89.74602569461513
9.78091555282592
70.99527756703898
72.58368688191382
-16.469826565099595
43.81049655965808
-3.5069157021365562
-85.5644779907152
210.6331868467114
47.91150464226435
-22.86442962727324
-6.778467484101817
1.4807119629931793
39.69341435767004
9.634913108373862
56.567651786204806
-38.325419078979394
4.137182822321496
126.60352568225971
37.290118227940724
85.53305340791826
58.752224239536645
132.44816341282126
54.84174456152124
15.340299395361308
36.48888303530157
-290.58318289345925
